timepoint,stationcode,longitude,latitude,area,positionname,primarypollutant,aqi,pm10,pm10_24h,pm2_5,pm2_5_24h,o3,o3_24h,o3_8h,o3_8h_24h,no2,no2_24h,so2,so2_24h,co,co_24h
2026-09-25T2100,2568A,102.2503,31.8896,阿坝藏族羌族自治州,马师校,,25,25,22,7,7,21,21,42,34,4,4,4,4,0.5,0.5
2026-09-25T2100,3994A,102.2174,31.9016,阿坝藏族羌族自治州,马尔康中学西区,,26,26,13,6,6,27,27,48,40,2,2,4,4,0.4,0.4
2026-09-25T2100,2695A,80.2899,41.1684,阿克苏地区,电视台,,42,42,35,9,10,89,89,96,96,9,15,3,4,0.2,0.3
2026-09-25T2100,2696A,80.2592,41.1541,阿克苏地区,艺术中心,,32,22,44,16,15,101,101,108,108,10,18,5,6,0.2,0.3
2026-09-25T2100,2205A,105.699,38.8409,阿拉善盟,蒙二幼,,43,38,19,20,6,135,135,129,129,10,6,12,8,0.6,0.5
2026-09-25T2100,2206A,105.7198,38.8508,阿拉善盟,环保局新楼,,42,25,16,16,5,132,132,120,120,9,5,12,9,0.7,0.6
2026-09-25T2100,2708A,88.1266,47.8515,阿勒泰地区,市站,NA,NA,NA,25,NA,4,35,35,71,67,35,14,NA,1,0.3,0.2
2026-09-25T2100,4166A,88.1198,47.7931,阿勒泰地区,阿勒泰路33号,,28,28,20,3,2,73,73,78,78,6,7,3,3,0.4,0.5
2026-09-25T2100,2630A,80.1171,32.4999,阿里地区,阿里监测站,,37,15,15,3,3,118,118,121,121,3,10,4,4,0.2,0.3
2026-09-25T2100,3192A,80.0906,32.5029,阿里地区,阿里藏医院,,39,17,14,3,3,124,124,125,125,2,6,4,6,0.2,0.3
2026-09-25T2100,2644A,109.0088,32.6974,安康市,汉滨区检察院,,13,6,9,3,5,15,15,37,32,25,12,2,2,0.9,0.9
2026-09-25T2100,4054A,109.0324,32.6913,安康市,市邮政管理局,,11,9,10,6,6,21,21,40,35,16,12,3,2,1.1,1
2026-09-25T2100,2291A,117.0806,30.5181,安庆市,环科院,细颗粒物(PM2.5),68,72,52,44,40,43,43,118,94,50,31,7,6,0.9,0.9
2026-09-25T2100,2292A,117.0331,30.5118,安庆市,马山宾馆,,43,42,48,30,38,46,46,115,92,44,33,6,6,0.9,1
2026-09-25T2100,2294A,116.9897,30.6146,安庆市,安庆大学,,38,37,38,26,27,82,82,127,112,10,15,4,4,0.6,0.8
2026-09-25T2100,3173A,117.0598,30.5351,安庆市,市人大,细颗粒物(PM2.5),58,54,48,39,35,50,50,123,103,39,22,8,7,1.0,1
2026-09-25T2100,3123A,105.9408,26.2431,安顺市,凤凰山,,32,26,23,22,19,76,76,85,83,4,3,6,6,0.6,0.6
2026-09-25T2100,3124A,105.9443,26.2567,安顺市,金钟山,,29,25,24,20,19,84,84,92,91,4,4,6,5,0.4,0.4
2026-09-25T2100,3125A,105.8983,26.248,安顺市,娄家坡,,29,20,24,20,19,76,76,81,80,4,3,7,6,0.5,0.5
2026-09-25T2100,1819A,114.3552,36.1017,安阳市,红庙街,细颗粒物(PM2.5),68,61,41,44,35,93,93,130,125,22,13,20,6,0.9,0.8
2026-09-25T2100,1820A,114.361,36.0681,安阳市,银杏小区,细颗粒物(PM2.5),96,NA,43,58,35,79,79,133,125,30,14,21,9,1.3,1.2
2026-09-25T2100,3141A,114.3921,36.0879,安阳市,信访局,细颗粒物(PM2.5),60,58,42,40,37,109,109,138,135,18,10,6,6,0.6,0.7
2026-09-25T2100,3669A,114.4706,36.0634,安阳市,左辅环卫站,细颗粒物(PM2.5),80,88,61,50,37,40,40,114,100,52,16,7,7,0.6,0.5
2026-09-25T2100,4117A,114.2918,36.0769,安阳市,钢三路198号,细颗粒物(PM2.5),58,56,44,39,39,58,58,103,94,21,10,6,7,0.9,0.9
2026-09-25T2100,1748A,123.0441,41.1201,鞍山市,深沟寺,,46,46,62,25,29,64,64,71,71,13,24,6,8,0.7,1
2026-09-25T2100,1749A,123.011,41.0931,鞍山市,太阳城,颗粒物(PM10),57,59,68,30,33,67,67,74,74,13,24,7,10,0.8,1.1
2026-09-25T2100,1750A,123.0483,41.1445,鞍山市,太平,颗粒物(PM10),56,58,86,27,35,63,63,69,69,12,29,8,14,1.1,1.4
2026-09-25T2100,1751A,122.964,41.0968,鞍山市,铁西三道街,颗粒物(PM10),70,77,93,32,39,55,55,64,64,20,38,6,11,1.4,1.4
2026-09-25T2100,1753A,123.0219,41.0822,鞍山市,明达新区,,47,47,57,27,30,72,72,80,80,9,18,8,11,0.9,1.2
2026-09-25T2100,4201A,122.944647,41.082639,鞍山市,兴盛南路290号,颗粒物(PM10),62,66,103,31,40,59,59,73,73,27,40,7,13,1.7,1.5
2026-09-25T2100,2195A,107.4206,40.7609,巴彦淖尔市,附二中,颗粒物(PM10),87,101,47,44,19,48,48,110,100,39,20,12,9,0.7,0.6
2026-09-25T2100,2196A,107.37,40.7372,巴彦淖尔市,市环保大楼,颗粒物(PM10),57,59,50,19,15,70,70,109,103,22,13,14,14,0.6,0.6
2026-09-25T2100,1956A,86.1476,41.7529,巴音郭楞蒙古自治州,孔雀公园,NA,NA,NA,51,NA,8,NA,NA,106,106,6,10,3,5,0.2,0.2
2026-09-25T2100,1957A,86.1971,41.7166,巴音郭楞蒙古自治州,棉纺厂,颗粒物(PM10),54,55,58,15,14,91,91,103,103,6,13,/,/,/,/
2026-09-25T2100,1958A,86.236,41.7172,巴音郭楞蒙古自治州,经济开发区,,32,32,43,15,12,91,91,106,106,9,7,5,5,0.1,0.2
2026-09-25T2100,3181A,106.776805,31.852614,巴中市,市五中,,15,15,15,8,7,10,10,23,22,7,10,10,10,0.9,1
2026-09-25T2100,3183A,106.7419,31.8654,巴中市,圣泉水务公司,颗粒物(PM10),67,73,24,14,6,4,4,24,22,19,11,12,12,1.1,1
2026-09-25T2100,3616A,106.7617,31.8343,巴中市,市中心医院,,19,19,20,3,6,12,12,31,30,13,10,9,10,1.0,0.9
2026-09-25T2100,2235A,122.7909,45.608,白城市,洮北区环保局,,16,NA,18,6,9,51,51,58,56,4,5,5,4,0.4,0.4
2026-09-25T2100,2236A,122.8741,45.5725,白城市,市环保局,,14,9,11,3,7,42,42,54,53,11,16,5,4,0.6,0.6
2026-09-25T2100,2231A,126.4219,41.9172,白山市,喜丰,,43,38,60,30,18,4,4,18,12,36,32,9,9,1.2,0.9
2026-09-25T2100,2232A,126.4082,41.9416,白山市,环保局,NA,NA,NA,NA,NA,NA,NA,NA,NA,NA,NA,NA,NA,NA,NA,NA
2026-09-25T2100,2647A,104.1727,36.5448,白银市,第三小学,,33,33,47,17,22,66,66,87,85,18,28,9,10,0.6,0.9
2026-09-25T2100,2648A,104.1467,36.5482,白银市,动力公司,NA,NA,49,43,16,20,NA,NA,93,93,24,26,47,9,0.6,0.7
2026-09-25T2100,2512A,106.6102,23.901,百色市,市监测站,,28,28,32,13,22,75,75,109,102,8,11,15,11,0.5,0.5
2026-09-25T2100,2513A,106.6524,23.8842,百色市,市中心血站,,24,24,41,14,25,75,75,109,104,7,10,16,12,0.5,0.4
2026-09-25T2100,4133A,106.6273,23.8798,百色市,龙景西路,,23,17,52,12,29,73,73,111,105,7,14,14,14,0.3,0.4
2026-09-25T2100,2270A,117.396,32.9389,蚌埠市,工人疗养院,,16,14,36,10,21,51,51,64,48,10,15,5,6,0.7,0.7
2026-09-25T2100,2271A,117.3606,32.9428,蚌埠市,百货大楼,,17,13,35,7,17,54,54,63,49,11,18,9,11,0.7,0.7
2026-09-25T2100,2273A,117.4183,32.8909,蚌埠市,蚌埠学院,,17,NA,33,11,21,52,52,68,50,6,9,5,6,0.5,0.5
2026-09-25T2100,2274A,117.3534,32.9672,蚌埠市,淮上区政府,,16,12,35,8,18,50,50,60,45,12,19,4,6,0.6,0.6
2026-09-25T2100,2275A,117.3143,32.8977,蚌埠市,高新区,,15,NA,34,8,21,47,47,57,38,14,18,4,6,0.6,0.6
2026-09-25T2100,3715A,117.3091,32.9314,蚌埠市,蚌埠田家炳中学,,18,18,42,11,21,47,47,60,43,12,15,7,8,0.6,0.7
2026-09-25T2100,1585A,109.8761,40.6533,包头市,市环境监测站,细颗粒物(PM2.5),96,NA,45,58,27,69,69,135,123,37,28,7,11,0.6,0.9
2026-09-25T2100,1587A,109.9992,40.5843,包头市,包头八中,细颗粒物(PM2.5),101,80,44,61,26,36,36,127,107,64,32,13,11,0.4,0.4
2026-09-25T2100,1589A,109.8641,40.6288,包头市,惠龙物流,细颗粒物(PM2.5),76,NA,39,48,28,76,76,130,121,31,24,9,12,0.6,0.8
2026-09-25T2100,1590A,110.0376,40.5546,包头市,东河鸿龙湾,细颗粒物(PM2.5),96,NA,30,58,27,56,56,129,116,46,22,7,6,0.7,0.7
2026-09-25T2100,3283A,109.9154,40.5684,包头市,滨河大厦,,49,NA,28,34,24,73,73,124,117,22,16,9,11,0.4,0.4
2026-09-25T2100,3419A,109.9449,40.6259,包头市,包头市委党校,,46,46,38,32,26,67,67,129,119,40,29,7,11,0.4,0.8
2026-09-25T2100,3683A,109.8332,40.6577,包头市,昆区政府,细颗粒物(PM2.5),64,64,44,42,30,85,85,123,115,27,40,12,13,0.4,0.8
2026-09-25T2100,1931A,107.0802,34.3129,宝鸡市,竹园沟,,39,36,22,27,17,31,31,79,70,10,9,5,5,0.5,0.5
2026-09-25T2100,1933A,107.1429,34.3549,宝鸡市,监测站,,46,44,29,32,22,76,76,89,87,16,14,2,2,0.7,0.7
2026-09-25T2100,1934A,107.1172,34.3759,宝鸡市,技工学校,,43,40,25,30,22,80,80,91,89,11,9,6,6,0.8,0.8
2026-09-25T2100,1936A,107.2025,34.3518,宝鸡市,文理学院,,46,39,26,32,23,79,79,94,90,12,11,5,5,0.7,0.7
2026-09-25T2100,1937A,107.2396,34.3626,宝鸡市,三迪小学,,46,33,28,32,25,84,84,91,89,14,14,4,4,0.6,0.6
2026-09-25T2100,4155A,107.1721,34.3558,宝鸡市,滨河北路,细颗粒物(PM2.5),52,40,28,36,23,76,76,87,84,11,11,3,3,0.9,0.9
2026-09-25T2100,4308A,107.3898,34.3601,宝鸡市,陈仓区北开路21号,,43,40,33,30,27,78,78,85,84,11,15,5,6,0.6,0.6
2026-09-25T2100,1051A,115.4803,38.8568,保定市,游泳馆,细颗粒物(PM2.5),76,71,45,48,32,90,90,130,128,12,10,1,1,0.9,0.8
2026-09-25T2100,1052A,115.509,38.8895,保定市,华电二区,细颗粒物(PM2.5),80,79,50,50,34,75,75,122,119,11,8,1,1,0.9,0.8
2026-09-25T2100,1053A,115.4588,38.9037,保定市,接待中心,细颗粒物(PM2.5),92,61,43,56,39,76,76,126,123,10,7,1,2,0.6,0.6
2026-09-25T2100,1054A,115.4484,38.8344,保定市,地表水厂,细颗粒物(PM2.5),78,52,37,49,33,93,93,126,125,12,10,2,2,0.9,0.8
2026-09-25T2100,3581A,115.3136,38.9511,保定市,满城区生态环境分局,细颗粒物(PM2.5),92,70,44,56,40,71,71,122,119,10,8,2,1,0.8,0.7
2026-09-25T2100,3582A,115.4709,38.7628,保定市,清苑区第二中学,细颗粒物(PM2.5),104,102,50,64,34,114,114,135,135,15,5,4,2,0.3,0.3
2026-09-25T2100,3583A,115.6231,39.0223,保定市,徐水物探局,细颗粒物(PM2.5),88,88,46,54,32,68,68,112,110,5,5,2,1,0.8,0.6
2026-09-25T2100,4004A,115.4199,38.8665,保定市,双鹰农机,细颗粒物(PM2.5),92,56,36,56,41,87,87,123,121,7,5,3,3,0.9,0.8
2026-09-25T2100,4034A,115.515,38.8589,保定市,植保所站,细颗粒物(PM2.5),84,60,44,52,35,90,90,130,127,9,7,3,3,0.7,0.6
2026-09-25T2100,2594A,99.1589,25.1137,保山市,市环境监测站,,23,23,18,12,11,71,71,87,82,5,7,8,8,0.3,0.3
2026-09-25T2100,2595A,99.1616,25.1381,保山市,市环保局,,20,NA,11,11,11,63,63,82,77,3,4,4,4,0.5,0.5
2026-09-25T2100,1867A,109.1435,21.4085,北海市,海滩公园,,26,20,26,15,13,82,82,80,80,4,4,3,5,0.5,0.5
2026-09-25T2100,1868A,109.0983,21.466,北海市,新市环保局,,28,22,24,15,14,89,89,74,74,5,5,7,8,0.5,0.5
2026-09-25T2100,1869A,109.1775,21.5232,北海市,北海工业园,,27,20,28,13,15,84,84,73,73,6,6,2,5,0.5,0.5
2026-09-25T2100,3400A,109.1844,21.4396,北海市,龙潭自来水厂,,26,26,26,7,11,74,74,75,75,7,4,3,4,0.6,0.6
2026-09-25T2100,1001A,116.3611,39.8786,北京市,万寿西宫,细颗粒物(PM2.5),70,73,46,45,31,89,89,110,110,14,13,2,3,0.6,0.7
2026-09-25T2100,1003A,116.4174,39.9289,北京市,东四,细颗粒物(PM2.5),64,65,45,42,31,105,105,128,126,12,18,3,4,0.8,0.8
2026-09-25T2100,1004A,116.4073,39.8858,北京市,天坛,颗粒物(PM10),58,60,41,37,27,39,39,98,90,16,18,2,2,1.0,1
2026-09-25T2100,1005A,116.4622,39.9364,北京市,农展馆,细颗粒物(PM2.5),70,67,47,45,34,95,95,110,110,12,22,3,4,0.7,0.7
2026-09-25T2100,1006A,116.3399,39.9293,北京市,官园,NA,NA,NA,48,NA,34,NA,NA,91,NA,NA,22,NA,4,NA,0.8
2026-09-25T2100,1007A,116.2879,39.9613,北京市,海淀万柳,颗粒物(PM10),75,84,59,40,29,75,75,102,100,15,20,2,3,0.8,0.7
2026-09-25T2100,1008A,116.6635,40.1349,北京市,顺义新城,颗粒物(PM10),69,76,48,41,31,70,70,113,109,20,20,4,5,0.9,0.8
2026-09-25T2100,1009A,116.6275,40.327,北京市,怀柔镇,细颗粒物(PM2.5),74,66,36,47,27,78,78,108,106,17,10,2,3,1.0,0.7
2026-09-25T2100,1010A,116.2295,40.217,北京市,昌平镇,颗粒物(PM10),59,62,37,39,26,90,90,115,112,15,15,3,3,0.5,0.4
2026-09-25T2100,1011A,116.3968,39.982,北京市,奥体中心,细颗粒物(PM2.5),64,66,46,42,33,82,82,100,100,13,18,3,3,0.9,0.9
2026-09-25T2100,3418A,116.8336,40.4095,北京市,密云新城,颗粒物(PM10),54,55,38,32,25,78,78,113,110,14,12,3,3,0.8,0.7
2026-09-25T2100,3671A,116.0879,39.9725,北京市,门头沟三家店,NA,NA,NA,40,NA,27,NA,NA,60,NA,NA,19,NA,1,NA,0.7
2026-09-25T2100,3672A,116.1507,39.8246,北京市,丰台云岗,颗粒物(PM10),57,59,46,38,32,52,52,93,87,9,12,4,4,0.8,0.7
2026-09-25T2100,3674A,115.9578,39.7602,北京市,房山燕山,,44,44,48,28,35,60,60,89,84,11,14,1,2,0.7,0.8
2026-09-25T2100,3675A,116.4669,39.7734,北京市,大兴旧宫,颗粒物(PM10),58,60,47,38,29,59,59,109,105,14,18,3,4,1.1,1.1
2026-09-25T2100,3694A,115.9859,40.4562,北京市,延庆石河营,NA,NA,NA,29,NA,21,NA,NA,81,NA,NA,3,NA,3,NA,0.5
2026-09-25T2100,3695A,116.6151,40.3052,北京市,怀柔新城,细颗粒物(PM2.5),62,60,35,41,25,56,56,103,96,15,10,2,3,0.8,0.7
2026-09-25T2100,3696A,116.2542,39.8764,北京市,丰台小屯,颗粒物(PM10),55,56,44,33,33,52,52,101,97,14,18,3,3,0.7,0.7
2026-09-25T2100,3697A,116.8399,40.3843,北京市,密云镇,NA,NA,NA,35,NA,25,NA,NA,48,NA,NA,19,NA,3,NA,0.6
2026-09-25T2100,4057A,115.9423,40.4431,北京市,延庆百泉,,45,45,36,30,23,83,83,100,98,20,16,4,3,0.7,0.6
2026-09-25T2100,4058A,116.6598,39.9164,北京市,通州新华,细颗粒物(PM2.5),62,64,47,41,30,94,94,107,107,13,20,2,2,0.8,0.8
2026-09-25T2100,4182A,116.1942,39.9158,北京市,石景山八角,颗粒物(PM10),67,73,45,42,32,77,77,115,109,19,19,3,2,0.8,0.7
2026-09-25T2100,4194A,117.078628,40.151726,北京市,平谷新城,细颗粒物(PM2.5),86,81,44,53,28,79,79,106,104,12,9,3,3,0.9,0.8
2026-09-25T2100,1761A,123.8274146,41.31234549,本溪市,大峪,"颗粒物(PM10),细颗粒物(PM2.5)",72,80,53,46,26,24,24,28,28,20,34,6,7,0.9,1
2026-09-25T2100,1763A,123.7169,41.3094,本溪市,彩屯,颗粒物(PM10),55,56,55,36,26,50,50,47,47,17,33,8,9,1.6,1.6
2026-09-25T2100,1764A,123.7672166,41.28649327,本溪市,东明,,47,47,44,31,23,72,72,61,61,15,37,3,6,0.7,0.9
2026-09-25T2100,1765A,123.799345,41.266614,本溪市,新立屯,,41,41,31,27,18,87,87,85,85,6,28,8,9,0.6,0.8
2026-09-25T2100,1766A,123.829144,41.336777,本溪市,威宁,,49,42,41,34,24,9,9,22,22,24,27,6,6,0.7,0.7
2026-09-25T2100,2587A,105.287,27.3133,毕节市,八中,,45,45,37,25,25,68,68,103,95,4,9,6,7,0.6,0.5
2026-09-25T2100,2588A,105.3079,27.2987,毕节市,师专,颗粒物(PM10),53,53,42,28,26,62,62,99,91,5,11,6,7,0.5,0.5
2026-09-25T2100,4263A,105.3688,27.3598,毕节市,工业大道,颗粒物(PM10),54,55,41,27,23,74,74,108,98,5,10,7,10,/,/
2026-09-25T2100,1629A,117.9961,37.3604,滨州市,第二水厂,,27,27,64,16,56,58,58,101,94,24,21,9,10,0.5,0.7
2026-09-25T2100,1630A,117.9789,37.3931,滨州市,北中新校,,31,31,63,15,52,70,70,109,102,18,18,7,9,0.6,0.8
2026-09-25T2100,3514A,117.9379,37.3959,滨州市,中海酒店,NA,NA,NA,NA,24,20,76,76,NA,NA,16,14,NA,4,NA,0.2
2026-09-25T2100,3515A,117.9381509,37.35547456,滨州市,开发区一中,,34,34,71,15,50,66,66,104,97,12,15,7,9,0.4,0.6
2026-09-25T2100,3516A,118.0914,37.6938,滨州市,金海六路,,29,29,70,16,66,67,67,117,112,12,21,3,4,0.4,0.6
2026-09-25T2100,4028A,117.9955,37.3752,滨州市,滨州市西街道办事处,,34,34,63,12,52,62,62,103,96,19,20,5,6,0.5,0.7
2026-09-25T2100,2311A,115.8071,33.8399,亳州市,污水处理厂,,16,14,13,11,6,49,49,60,59,8,7,2,2,0.4,0.4
2026-09-25T2100,2312A,115.7789,33.8519,亳州市,三国揽胜宫,NA,NA,25,15,8,7,NA,NA,57,57,NA,7,NA,4,NA,0.4
2026-09-25T2100,3332A,115.7631,33.803,亳州市,亳州学院,,20,NA,11,8,8,64,64,67,67,8,8,2,1,0.4,0.4
2026-09-25T2100,2693A,82.0482,44.8553,博尔塔拉蒙古自治州,市党校,,41,41,41,18,9,78,78,91,91,11,9,3,4,0.3,0.3
2026-09-25T2100,2694A,82.0805,44.8966,博尔塔拉蒙古自治州,市环保局,,34,34,33,9,5,68,68,95,94,24,9,8,6,0.4,0.3
2026-09-25T2100,1071A,116.8733,38.2922,沧州市,沧县城建局,细颗粒物(PM2.5),105,NA,57,65,50,115,115,141,138,18,16,5,6,0.4,0.4
2026-09-25T2100,1072A,116.8462,38.3189,沧州市,电视转播站,细颗粒物(PM2.5),106,89,71,66,38,110,110,134,134,16,15,8,9,0.2,0.2
2026-09-25T2100,1073A,116.8588,38.3161,沧州市,市环保局,细颗粒物(PM2.5),110,91,72,70,52,104,104,135,134,21,20,2,2,0.4,0.4
2026-09-25T2100,3324A,116.8011,38.294,沧州市,河北水利电力学院,细颗粒物(PM2.5),103,97,66,63,38,92,92,123,121,22,15,6,6,0.6,0.5
2026-09-25T2100,2622A,97.1813,31.1289,昌都市,昌都监测站,,17,15,8,9,3,52,52,94,74,11,7,5,5,0.4,0.2
2026-09-25T2100,3719A,97.1707,31.1428,昌都市,昌都会议中心,,18,11,9,3,4,56,56,99,78,4,5,3,4,0.3,0.3
2026-09-25T2100,2692A,87.2722,44.0298,昌吉回族自治州,新区政务中心,,22,17,25,12,12,68,68,82,81,15,15,8,7,0.4,0.3
2026-09-25T2100,3613A,87.3069,44.0093,昌吉回族自治州,亚心广场,,31,31,32,7,8,69,69,92,90,22,14,10,9,0.3,0.2
2026-09-25T2100,4164A,87.2057,43.9289,昌吉回族自治州,财政所,颗粒物(PM10),83,96,46,17,10,60,60,88,85,16,15,8,8,0.1,0.1
2026-09-25T2100,1120A,125.2874,43.9024,长春市,客车厂,,33,NA,25,23,15,46,46,54,52,10,25,4,6,0.6,0.6
2026-09-25T2100,1121A,125.2943,43.8508,长春市,邮电学院,,32,22,18,22,14,33,33,45,43,8,14,6,7,0.4,0.3
2026-09-25T2100,1122A,125.3648,43.8745,长春市,劳动公园,,28,22,23,19,13,40,40,51,48,10,21,4,6,0.2,0.2
2026-09-25T2100,1123A,125.3233,43.8781,长春市,园林处,,32,23,23,22,14,40,40,50,48,10,18,8,9,0.6,0.6
2026-09-25T2100,1124A,125.4604,43.7904,长春市,净月潭,,22,NA,14,15,11,30,30,47,44,5,8,7,8,0.3,0.4
2026-09-25T2100,1126A,125.38,43.8422,长春市,经开区环卫处,,29,NA,24,20,13,33,33,49,46,9,29,8,9,0.5,0.5
2026-09-25T2100,1127A,125.234,43.7761,长春市,高新区管委会,,23,22,22,16,12,30,30,50,45,9,16,8,9,0.7,0.6
2026-09-25T2100,1128A,125.1695,43.83,长春市,岱山公园,,29,20,21,20,13,30,30,48,44,13,25,3,5,0.5,0.4
2026-09-25T2100,4281A,125.334645,43.916281,长春市,北亚泰大街1068号,,30,21,30,21,12,40,40,45,43,12,30,6,10,0.2,0.2
2026-09-25T2100,1335A,113.082,28.2421,长沙市,经开区环保局,,50,42,54,35,40,91,91,129,121,7,9,5,5,0.8,0.8
2026-09-25T2100,1336A,112.8873,28.2202,长沙市,高开区环保局,,50,48,53,35,38,90,90,120,113,9,10,5,5,1.1,1.2
2026-09-25T2100,1337A,113.0785,28.2012,长沙市,马坡岭,,50,50,52,35,38,87,87,135,125,12,12,7,8,0.5,0.6
2026-09-25T2100,1338A,112.9448,28.1894,长沙市,湖南师范大学,细颗粒物(PM2.5),58,NA,53,39,34,65,65,121,104,14,12,9,11,0.8,0.8
2026-09-25T2100,1339A,113.0177,28.1322,长沙市,雨花区环保局,细颗粒物(PM2.5),64,NA,48,42,35,89,89,124,117,9,10,7,8,1.1,1.2
2026-09-25T2100,1340A,112.9795,28.2593,长沙市,伍家岭,,50,50,59,35,38,75,75,120,110,18,18,5,5,0.8,0.9
2026-09-25T2100,1341A,113.002,28.1944,长沙市,火车新站,,49,47,52,34,35,70,70,116,107,17,13,6,6,1.1,1.1
2026-09-25T2100,1342A,112.9846,28.1177,长沙市,天心区环保局,,49,38,50,34,36,94,94,127,119,13,14,4,5,0.6,0.7
2026-09-25T2100,1343A,112.8906,28.1307,长沙市,湖南中医药大学,细颗粒物(PM2.5),72,53,59,46,39,78,78,120,109,11,20,7,7,0.7,1
2026-09-25T2100,1727A,113.1146,36.1547,长治市,清华站,细颗粒物(PM2.5),101,NA,33,61,30,74,74,121,110,15,8,11,10,1.0,0.7
2026-09-25T2100,1730A,113.0887,36.2126,长治市,审计局,细颗粒物(PM2.5),119,NA,38,80,41,103,103,118,115,17,12,13,12,1.5,1
2026-09-25T2100,1731A,113.0845,36.1856,长治市,长治八中,细颗粒物(PM2.5),100,83,43,60,36,70,70,117,109,23,11,12,12,1.3,0.9
2026-09-25T2100,2845A,113.1561,36.1912,长治市,德盛苑,细颗粒物(PM2.5),74,50,27,47,25,90,90,118,106,13,7,12,12,1.2,0.8
2026-09-25T2100,3568A,113.0603,36.0464,长治市,向阳小学,细颗粒物(PM2.5),76,72,42,48,29,58,58,113,102,14,7,9,9,0.8,0.5
2026-09-25T2100,3569A,112.8788,36.315,长治市,屯留一中,细颗粒物(PM2.5),106,NA,44,66,38,88,88,124,117,16,14,14,15,0.6,0.6
2026-09-25T2100,4189A,113.113092,36.199482,长治市,英华南巷50号,细颗粒物(PM2.5),108,69,38,68,35,64,64,124,115,26,11,10,11,1.5,1
2026-09-25T2100,4190A,113.23666,36.33435,长治市,学府街1号,细颗粒物(PM2.5),74,63,32,47,26,41,41,115,92,21,5,8,8,1.1,0.8
2026-09-25T2100,1854A,111.696,28.9725,常德市,市二中,细颗粒物(PM2.5),72,NA,44,46,36,65,65,102,91,12,11,9,9,1.1,1.1
2026-09-25T2100,3138A,111.7152,29.0288,常德市,武陵区永安,细颗粒物(PM2.5),72,56,47,46,41,83,83,108,99,7,8,8,8,0.9,0.9
2026-09-25T2100,3139A,111.6891,28.9881,常德市,鼎城区玉霞,细颗粒物(PM2.5),66,50,46,43,39,72,72,106,96,13,12,9,9,1.1,1
2026-09-25T2100,3140A,111.6651,29.0526,常德市,武陵区长庚,颗粒物(PM10),58,60,46,37,40,84,84,107,102,9,10,7,7,1.1,1.1
2026-09-25T2100,1196A,119.9524,31.7586,常州市,市监测站,,33,20,46,17,15,103,103,134,118,12,19,6,7,0.6,0.5
2026-09-25T2100,1200A,119.9351,31.703,常州市,武进监测站,,35,34,36,24,20,92,92,126,117,15,16,4,3,0.7,0.5
2026-09-25T2100,3002A,119.9701,31.813,常州市,行政中心,,33,NA,32,23,18,91,91,127,113,12,18,6,8,0.9,0.7
2026-09-25T2100,3003A,120.0434,31.7726,常州市,经开区,,34,34,44,15,17,95,95,130,118,12,15,8,9,0.9,0.8
2026-09-25T2100,3010A,119.8919,31.7892,常州市,钟楼,,39,28,43,27,18,96,96,135,116,10,13,8,9,0.5,0.4
2026-09-25T2100,3429A,119.8595,31.706,常州市,武进经发区,,40,40,46,20,20,80,80,130,108,17,14,7,8,1.1,0.9
2026-09-25T2100,3430A,119.5812,31.7256,常州市,金坛城区,,34,NA,34,19,24,107,107,126,113,8,15,3,4,0.6,0.6
2026-09-25T2100,4089A,119.9551,31.863,常州市,崇义南街5-H号,,30,24,34,21,18,82,82,134,117,9,14,8,8,0.8,0.5
2026-09-25T2100,2220A,120.4318,41.588,朝阳市,西梁,,26,NA,32,11,15,82,82,112,110,10,12,8,12,0.5,0.7
2026-09-25T2100,2221A,120.452,41.565,朝阳市,河畔小区,,29,NA,25,16,15,90,90,116,115,10,10,7,10,0.7,0.8
2026-09-25T2100,2222A,120.4176,41.5648,朝阳市,八里堡,,29,NA,32,10,15,92,92,122,120,10,15,4,7,0.7,0.9
2026-09-25T2100,3026A,116.6179,23.6608,潮州市,市政府,,45,45,34,26,20,108,108,119,119,10,7,6,6,0.8,0.8
2026-09-25T2100,4036A,116.646,23.676,潮州市,金山,,42,30,32,29,20,101,101,116,116,10,7,8,4,0.7,0.6
2026-09-25T2100,2473A,113.0116,25.8228,郴州市,市职中,,29,23,32,20,26,72,72,99,89,8,10,8,8,0.8,0.9
2026-09-25T2100,2475A,113.0381,25.8074,郴州市,市审计局,,26,26,32,18,23,80,80,100,93,8,9,12,10,/,/
2026-09-25T2100,2476A,113.0348,25.7757,郴州市,市环保局,,28,27,28,19,22,83,83,103,96,7,6,9,9,0.6,0.7
2026-09-25T2100,4252A,113.0138,25.8011,郴州市,好美居路49号,,24,19,27,15,16,76,76,93,87,7,9,8,10,/,/
2026-09-25T2100,1431A,103.9727,30.7242,成都市,金泉两河,颗粒物(PM10),60,64,27,16,17,42,42,89,89,29,18,2,2,1.0,0.8
2026-09-25T2100,1432A,104.1423,30.6765,成都市,十里店,,35,35,30,14,20,63,63,89,89,12,15,6,6,0.7,0.7
2026-09-25T2100,1433A,104.0594,30.5765,成都市,三瓦窑,,25,25,30,17,24,44,44,92,90,34,26,6,7,1.1,1
2026-09-25T2100,1434A,104.1122,30.6306,成都市,沙河铺,,40,40,33,22,21,35,35,69,67,23,21,7,7,1.0,1
2026-09-25T2100,2880A,104.0219,30.6561,成都市,大石西路,,43,43,38,23,24,42,42,80,80,35,21,4,4,0.9,0.6
2026-09-25T2100,3136A,104.2724,30.559,成都市,龙泉驿区区政府,,31,31,26,14,24,44,44,70,69,13,19,3,3,0.9,0.9
2026-09-25T2100,3357A,104.0028,30.6891,成都市,金博路,,36,36,29,18,20,53,53,98,98,32,20,2,2,1.5,1.3
2026-09-25T2100,3359A,104.056,30.5228,成都市,华阳,,27,27,32,18,21,50,50,73,73,15,17,1,2,1.0,1
2026-09-25T2100,3488A,104.387954,30.746684,成都市,青白江技师分院,,32,32,39,19,28,38,38,74,72,27,23,4,4,1.0,1
2026-09-25T2100,3489A,104.0788,30.4054,成都市,科学城,NA,NA,NA,38,NA,26,44,44,70,70,16,15,8,9,0.9,0.9
2026-09-25T2100,4011A,103.8505,30.6946,成都市,光华大道三段,,30,30,31,16,14,62,62,91,91,23,15,3,3,1.1,1
2026-09-25T2100,4144A,104.3257,30.6406,成都市,八角井街185号,,44,44,38,13,23,36,36,63,61,12,21,7,7,0.9,1
2026-09-25T2100,4224A,104.2433276,30.53529463,成都市,鲸龙路1057号,,16,16,31,9,21,31,31,71,69,20,19,8,8,1.0,1
2026-09-25T2100,1062A,117.9531,40.908,承德市,铁路,,49,48,35,34,23,69,69,101,97,9,11,8,10,0.3,0.4
2026-09-25T2100,1063A,117.9397,40.9763,承德市,中国银行,,22,22,36,3,21,59,59,92,88,7,9,7,11,0.3,0.4
2026-09-25T2100,4073A,117.9462,40.95,承德市,杏林街1号,,29,NA,38,20,30,79,79,98,96,6,8,6,11,0.2,0.4
2026-09-25T2100,4274A,117.7994,40.9605,承德市,滨河大街98号,,24,24,34,15,25,70,70,95,92,6,6,8,17,0.2,0.4
2026-09-25T2100,2314A,117.4698,30.6617,池州市,池州学院,细颗粒物(PM2.5),62,55,44,41,27,80,80,118,112,21,17,6,6,0.7,1.1
2026-09-25T2100,3237A,117.4918,30.6617,池州市,展览馆,细颗粒物(PM2.5),60,55,41,40,28,64,64,116,104,18,14,5,4,0.7,0.9
2026-09-25T2100,3333A,117.5626,30.695,池州市,第八中学,"颗粒物(PM10),细颗粒物(PM2.5)",54,55,43,37,30,60,60,114,106,31,14,6,6,0.8,1
2026-09-25T2100,3334A,117.5037,30.6242,池州市,第十二中学,细颗粒物(PM2.5),54,44,39,37,28,76,76,121,110,14,18,5,4,1.0,1.4
2026-09-25T2100,1744A,118.9229,42.2816,赤峰市,松山一中,,43,34,27,30,18,45,45,107,89,30,19,13,15,0.8,0.6
2026-09-25T2100,1745A,118.9588,42.2733,赤峰市,哈达街,,46,38,24,32,18,44,44,112,89,32,20,17,14,1.1,0.9
2026-09-25T2100,1746A,118.8792,42.2551,赤峰市,天义路,,46,NA,17,32,14,56,56,109,93,32,17,10,11,0.9,0.7
2026-09-25T2100,3058A,119.2656,42.0356,赤峰市,银河街,,28,27,29,19,17,70,70,111,95,13,14,5,10,0.9,0.8
2026-09-25T2100,3286A,118.9359,42.3146,赤峰市,桥北物流园区,,39,31,23,27,15,50,50,119,84,28,21,6,8,1.1,0.9
2026-09-25T2100,2521A,107.3473,22.4137,崇左市,市环保局江州分局,,18,18,27,8,15,57,57,102,82,11,11,2,2,0.6,0.6
2026-09-25T2100,4256A,107.375,22.3736,崇左市,石景林东路7号,,19,NA,23,8,13,59,59,90,76,5,8,4,5,0.5,0.6
2026-09-25T2100,3207A,118.31131,32.3033,滁州市,市政府原办公楼,细颗粒物(PM2.5),52,NA,39,36,39,62,62,122,96,10,17,6,8,0.6,0.6
2026-09-25T2100,3331A,118.3268,32.2633,滁州市,图书馆,细颗粒物(PM2.5),52,44,43,36,26,54,54,102,82,8,12,8,9,0.5,0.5
2026-09-25T2100,4101A,118.3196,32.3335,滁州市,银山路666号,,42,35,47,29,32,55,55,112,87,11,15,4,5,0.6,0.5
2026-09-25T2100,4102A,118.3426,32.2979,滁州市,黄山路555号,细颗粒物(PM2.5),52,46,54,36,33,55,55,114,90,14,19,9,9,0.6,0.6
2026-09-25T2100,2606A,101.5379,25.0492,楚雄彝族自治州,市经济开发区,,18,18,22,10,14,56,56,66,65,7,10,3,3,0.4,0.4
2026-09-25T2100,4153A,101.5536,25.0343,楚雄彝族自治州,团结路562号,,20,19,18,3,9,64,64,71,70,4,7,4,4,0.3,0.3
2026-09-25T2100,2549A,107.5087,31.2186,达州市,市环境监测站,,23,23,17,6,7,9,9,39,35,21,18,7,6,0.6,0.6
2026-09-25T2100,2550A,107.4988,31.2132,达州市,凤凰小区,NA,NA,27,14,8,7,NA,NA,47,46,21,18,6,5,0.6,0.5
2026-09-25T2100,2551A,107.5081,31.1987,达州市,达县机关宾馆,,12,12,11,3,6,14,14,42,39,20,23,6,5,0.4,0.4
2026-09-25T2100,2552A,107.4644,31.2124,达州市,市政中心,,30,30,24,6,6,15,15,43,39,27,21,6,5,0.7,0.6
2026-09-25T2100,2614A,100.2168,25.5818,大理白族自治州,大理市环境监测站,,24,13,13,7,9,74,74,75,75,7,6,5,5,0.4,0.4
2026-09-25T2100,2615A,100.1542,25.7055,大理白族自治州,大理古城,,28,28,15,16,10,46,46,80,69,22,10,6,8,0.1,0.2
2026-09-25T2100,1109A,121.6119,38.974,大连市,甘井子,,30,19,27,7,16,94,94,105,105,12,16,8,9,0.6,0.7
2026-09-25T2100,1110A,121.565,38.9509,大连市,周水子,,32,16,31,6,24,100,100,105,105,11,17,4,5,0.7,0.8
2026-09-25T2100,1111A,121.5637,38.8849,大连市,星海三站,,30,20,33,7,21,94,94,103,103,11,12,5,6,0.5,0.6
2026-09-25T2100,1112A,121.6301,38.9117,大连市,青泥洼桥,,28,8,27,3,20,89,89,102,102,10,14,7,8,0.6,0.7
2026-09-25T2100,1113A,121.6248,38.8643,大连市,傅家庄,,34,14,19,9,13,108,108,112,112,9,13,7,8,0.6,0.7
2026-09-25T2100,1114A,121.5117,38.8636,大连市,七贤岭,,31,10,30,3,15,97,97,106,106,10,15,6,6,0.8,0.9
2026-09-25T2100,1116A,121.7507,39.1339,大连市,金州,,27,23,41,7,21,86,86,90,87,15,14,9,9,0.6,0.6
2026-09-25T2100,1117A,121.7811,39.0495,大连市,开发区,,30,14,46,3,20,96,96,98,98,12,20,6,6,0.6,0.7
2026-09-25T2100,1118A,121.9762,39.0631,大连市,双D港,,26,16,23,3,15,83,83,86,86,11,11,8,8,0.6,0.7
2026-09-25T2100,4082A,121.2548,38.8188,大连市,旅顺,,28,6,24,3,17,88,88,97,97,17,14,7,7,0.4,0.5
2026-09-25T2100,1789A,124.8085,46.0381,大庆市,大同区,,30,30,23,9,7,34,34,69,58,21,16,5,5,0.3,0.3
2026-09-25T2100,1790A,125.1166,46.5255,大庆市,龙凤区,,33,33,34,7,15,59,59,76,69,7,19,1,3,0.3,0.4
2026-09-25T2100,1791A,124.8894,46.4007,大庆市,红岗区,,20,20,25,9,7,39,39,77,66,29,13,14,8,0.4,0.3
2026-09-25T2100,1792A,125.1391,46.578,大庆市,萨尔图区,,22,22,32,9,13,62,62,75,73,9,22,8,8,0.4,0.6
2026-09-25T2100,1793A,124.9026,46.6217,大庆市,让胡路区,,24,24,27,6,10,45,45,75,66,15,16,4,4,0.3,0.3
2026-09-25T2100,3481A,125.127,46.6277,大庆市,萨区政府监测点,,20,8,18,7,9,64,64,82,77,7,14,7,7,0.3,0.4
2026-09-25T2100,1723A,113.2926,40.0759,大同市,云冈宾馆,,46,32,33,32,18,94,94,116,111,16,15,10,9,0.4,0.5
2026-09-25T2100,1724A,113.3437,40.0921,大同市,大同大学,,38,NA,29,26,19,88,88,115,108,13,14,8,8,0.7,0.8
2026-09-25T2100,1725A,113.2637,40.129,大同市,安家小村,,30,23,28,21,20,90,90,115,109,9,12,6,8,0.5,0.6
2026-09-25T2100,3282A,113.3399,40.0586,大同市,大同市卫生学校,,31,29,31,18,18,99,99,118,114,9,13,8,9,0.5,0.6
2026-09-25T2100,3565A,113.1371,40.1122,大同市,云冈站,,30,NA,31,19,18,93,93,113,110,6,8,7,10,0.3,0.4
2026-09-25T2100,3566A,113.1186,40.2556,大同市,图书馆,,42,40,26,29,18,58,58,98,87,9,8,7,8,0.5,0.6
2026-09-25T2100,3567A,113.5931,40.0459,大同市,区一中,,31,19,27,14,17,99,99,117,112,6,7,5,8,0.5,0.6
2026-09-25T2100,4199A,113.2798248,40.09972476,大同市,魏都大道141号,,31,30,39,14,17,97,97,113,109,13,15,10,10,0.5,0.5
2026-09-25T2100,2269A,124.1068,50.4091,大兴安岭地区,科技局,,44,44,21,13,8,30,30,71,62,19,5,4,2,0.4,0.3
2026-09-25T2100,3663A,124.117,50.4279,大兴安岭地区,红旗社区,,30,29,18,21,13,24,24,76,64,19,13,4,4,0.3,0.2
2026-09-25T2100,1600A,124.33,40.0625,丹东市,江湾东路,颗粒物(PM10),53,53,45,32,27,62,62,80,78,7,13,6,8,1.0,0.9
2026-09-25T2100,1601A,124.4242,40.1513,丹东市,临江后街,,48,48,43,30,27,69,69,74,74,8,15,5,5,0.7,0.7
2026-09-25T2100,1602A,124.3935,40.1461,丹东市,元宝山,细颗粒物(PM2.5),68,68,43,44,25,59,59,76,75,11,13,11,8,1.2,0.8
2026-09-25T2100,1603A,124.3634,40.1093,丹东市,民主桥,细颗粒物(PM2.5),66,64,47,43,28,63,63,69,69,6,17,9,9,0.6,0.4
2026-09-25T2100,3541A,109.5726195,19.51688767,儋州市,第一中学子站,NA,NA,NA,15,NA,8,NA,NA,57,NA,NA,2,NA,3,NA,0.4
2026-09-25T2100,3542A,109.5567,19.5187,儋州市,东坡学校子站,,18,8,18,3,6,55,55,56,56,3,3,6,5,0.3,0.3
2026-09-25T2100,2616A,98.5611,24.4273,德宏傣族景颇族自治州,德宏州监测站,,29,27,17,20,14,50,50,83,77,11,9,9,9,0.7,0.7
2026-09-25T2100,3677A,98.5887,24.4366,德宏傣族景颇族自治州,芒市人民政府综合楼,颗粒物(PM10),54,55,35,13,14,51,51,74,69,10,9,8,8,0.8,0.8
2026-09-25T2100,1901A,104.424,31.1209,德阳市,东山公园,,23,17,21,14,19,73,73,81,81,13,18,10,8,1.2,1.1
2026-09-25T2100,1902A,104.3827,31.1318,德阳市,西小区,,29,29,39,13,21,58,58,89,89,26,22,11,13,0.9,0.9
2026-09-25T2100,1904A,104.3553,31.1091,德阳市,耐火材料厂,,39,39,43,13,26,59,59,93,92,25,18,3,5,0.9,0.9
2026-09-25T2100,4145A,104.4144,31.1495,德阳市,市林业局,,27,27,35,8,21,58,58,81,81,22,23,14,14,1.2,1.1
2026-09-25T2100,1622A,116.3034,37.4675,德州市,儿童乐园,细颗粒物(PM2.5),124,136,94,86,74,127,127,161,161,19,21,13,9,0.6,0.7
2026-09-25T2100,1624A,116.2992,37.4449,德州市,监理站,细颗粒物(PM2.5),124,156,95,86,71,115,115,152,152,22,21,13,8,0.6,0.7
2026-09-25T2100,3066A,116.2722,37.438,德州市,九衢泉纯净水厂,细颗粒物(PM2.5),136,173,91,99,67,94,94,153,149,37,26,15,10,0.8,0.8
2026-09-25T2100,3371A,116.3693,37.44,德州市,开发区人民医院,细颗粒物(PM2.5),132,163,98,95,78,96,96,144,142,30,22,13,7,0.7,0.8
2026-09-25T2100,3511A,116.5687,37.3331,德州市,陵城艺术中心,颗粒物(PM10),96,114,88,57,64,121,121,143,143,22,17,10,8,0.7,0.7
2026-09-25T2100,4292A,116.352738,37.420875,德州市,新河东路,细颗粒物(PM2.5),121,158,89,83,61,65,65,141,134,52,25,11,8,0.8,0.8
2026-09-25T2100,2621A,99.7054,27.8319,迪庆藏族自治州,迪庆州站,,22,22,17,10,8,65,65,76,73,9,9,9,8,0.5,0.5
2026-09-25T2100,3180A,99.7122,27.8129,迪庆藏族自治州,质量技术监督局,,21,14,13,6,6,67,67,76,72,6,8,6,6,0.2,0.2
2026-09-25T2100,4257A,104.6092,35.5962,定西市,将台街,颗粒物(PM10),70,78,51,28,16,18,18,75,72,44,20,7,7,0.6,0.4
2026-09-25T2100,4309A,104.6159,35.5701,定西市,正龙路62号,颗粒物(PM10),51,51,40,14,13,51,51,76,76,14,7,4,3,0.3,0.3
2026-09-25T2100,4071A,114.9883,38.5232,定州市,交通局,细颗粒物(PM2.5),116,115,66,77,36,106,106,138,136,23,13,2,2,0.7,0.6
2026-09-25T2100,4072A,115.0045,38.5136,定州市,第五中学,细颗粒物(PM2.5),108,107,65,68,35,90,90,133,130,33,13,1,2,0.6,0.5
2026-09-25T2100,1390A,113.7943,23.0132,东莞市,东城石井,,29,28,35,17,24,91,91,135,130,15,12,7,7,0.6,0.6
2026-09-25T2100,1391A,113.7384,22.9659,东莞市,南城西平,,35,27,32,15,21,109,109,153,149,16,15,7,7,0.8,0.8
2026-09-25T2100,3319A,113.7283,23.041,东莞市,万江金泰,,36,26,35,23,25,114,114,155,151,12,13,6,6,0.9,0.8
2026-09-25T2100,4129A,113.8666,23.1062,东莞市,裕兴路,,36,31,40,15,20,113,113,140,138,21,16,7,5,0.8,0.8
2026-09-25T2100,4130A,114.0076,22.9739,东莞市,教育路1号,,46,46,42,22,21,116,116,148,145,22,13,12,11,0.7,0.7
2026-09-25T2100,4131A,113.7981,22.8124,东莞市,长怡路1号,,35,35,39,23,21,71,71,165,150,32,12,7,5,0.7,0.6
2026-09-25T2100,1666A,118.6612,37.4313,东营市,市环保局,,24,14,48,3,42,75,75,93,92,6,15,18,5,1.0,1
2026-09-25T2100,3036A,118.6903,37.4337,东营市,开发区管委会,,29,11,52,3,36,91,91,106,105,10,20,4,7,0.2,0.5
2026-09-25T2100,3365A,118.5721,37.5654,东营市,垦利区民丰路,,26,7,50,3,45,83,83,94,94,12,21,6,5,0.1,0.4
2026-09-25T2100,3498A,118.5063,37.8606,东营市,河口城区,,25,14,59,3,53,77,77,107,103,9,13,2,3,0.4,0.7
2026-09-25T2100,3646A,118.4979,37.4623,东营市,胜利站,,29,10,45,3,97,90,90,95,94,8,22,3,4,0.2,0.5
2026-09-25T2100,3734A,118.5753,37.4405,东营市,理想之城,,21,14,50,3,57,66,66,84,83,14,21,5,6,0.4,0.9
2026-09-25T2100,1591A,110.0024,39.8127,鄂尔多斯市,综合楼,细颗粒物(PM2.5),82,85,47,51,25,65,65,123,111,48,25,12,9,0.8,0.6
2026-09-25T2100,1592A,109.9485,39.8259,鄂尔多斯市,巴音孟克林场办事处,细颗粒物(PM2.5),98,78,37,59,21,46,46,119,105,47,18,10,7,1.0,0.5
2026-09-25T2100,1593A,109.7734,39.5987,鄂尔多斯市,康泽苑,,27,27,29,18,18,62,62,117,104,24,16,6,6,0.5,0.5
2026-09-25T2100,1594A,109.8121,39.5987,鄂尔多斯市,华泰汽车城,,24,24,33,9,17,46,46,112,96,30,21,2,3,0.5,0.5
2026-09-25T2100,1595A,109.9734,39.7884,鄂尔多斯市,奥林花园,颗粒物(PM10),63,68,44,38,22,38,38,116,99,45,22,6,7,0.6,0.5
2026-09-25T2100,2436A,114.894,30.3989,鄂州市,市政府,NA,NA,76,55,46,33,NA,NA,96,88,21,13,5,8,0.9,0.8
2026-09-25T2100,2437A,114.8986,30.3714,鄂州市,赵家坝,细颗粒物(PM2.5),105,67,54,65,34,53,53,114,100,25,14,7,7,1.1,1
2026-09-25T2100,3654A,114.8093,30.4091,鄂州市,精准医疗中心,细颗粒物(PM2.5),56,43,46,38,35,57,57,113,104,18,19,5,8,0.8,1.2
2026-09-25T2100,2454A,109.4978,30.2979,恩施土家族苗族自治州,湖北民院,NA,NA,57,39,54,23,NA,NA,58,58,25,15,4,4,0.8,0.5
2026-09-25T2100,3549A,109.5061,30.3771,恩施土家族苗族自治州,龙凤新区,,39,39,31,23,16,13,13,46,38,9,9,4,5,0.7,0.7
2026-09-25T2100,2499A,108.3411,21.6159,防城港市,沙万,,37,37,32,12,13,48,48,69,63,23,8,11,7,0.6,0.6
2026-09-25T2100,2500A,108.3515,21.7733,防城港市,防城档案局,,20,20,32,14,16,42,42,74,60,5,7,16,7,0.7,0.9
2026-09-25T2100,2501A,108.3506,21.6414,防城港市,大海花园,,23,19,28,16,14,51,51,75,69,20,7,8,7,0.5,0.6
2026-09-25T2100,1371A,113.1293,23.0065,佛山市,湾梁,,40,31,31,23,24,125,125,142,138,9,10,/,/,/,/
2026-09-25T2100,1372A,113.1082,23.0477,佛山市,华材职中,,42,34,31,22,22,132,132,150,148,6,6,2,2,0.6,0.6
2026-09-25T2100,1373A,113.1439,23.045,佛山市,南海气象局,,43,43,32,24,23,127,127,130,129,11,12,/,/,/,/
2026-09-25T2100,1374A,113.2879,22.8094,佛山市,顺德苏岗,,42,26,32,15,20,132,132,162,159,6,8,/,/,0.3,0.3
2026-09-25T2100,1376A,112.8384,22.8678,佛山市,高明孔堂,,43,43,33,28,20,105,105,126,125,8,8,/,/,/,/
2026-09-25T2100,1377A,112.8835,23.1584,佛山市,三水监测站,,44,44,37,28,27,98,98,132,126,10,15,3,5,0.4,0.3
2026-09-25T2100,1378A,112.8668,23.185,佛山市,三水云东海,,42,34,39,29,25,107,107,132,127,11,9,/,/,/,/
2026-09-25T2100,3625A,113.2568,22.7629,佛山市,容桂街道办,,35,22,27,14,21,110,110,137,133,4,6,/,/,/,/
2026-09-25T2100,1282A,119.2681,26.0506,福州市,师大,,30,16,28,12,19,93,93,132,122,6,8,5,5,0.1,0.4
2026-09-25T2100,1283A,119.2983,26.1028,福州市,五四北路,,29,29,35,17,23,87,87,134,119,11,10,5,5,0.4,0.4
2026-09-25T2100,1284A,119.2648,26.0769,福州市,杨桥西路,,30,29,37,15,21,95,95,136,124,6,7,4,4,/,/
2026-09-25T2100,3048A,119.5799,26.0937,福州市,九龙,,24,19,27,6,14,76,76,119,100,8,7,5,6,0.3,0.4
2026-09-25T2100,3526A,119.5188,25.9666,福州市,吴航,,33,33,30,20,19,86,86,116,100,5,7,8,8,0.3,0.4
2026-09-25T2100,4104A,119.3106,26.0648,福州市,路通桥巷6号,,28,26,38,18,25,87,87,128,114,7,7,/,/,/,/
2026-09-25T2100,1755A,123.7974,41.8494,抚顺市,望花区,细颗粒物(PM2.5),52,37,34,36,28,18,18,36,30,25,25,7,8,0.8,0.9
2026-09-25T2100,1756A,123.9161,41.8827,抚顺市,顺城区,,49,NA,24,34,20,24,24,43,33,16,20,9,10,0.8,0.7
2026-09-25T2100,1757A,124.0437,41.8615,抚顺市,东洲区,,30,NA,23,21,18,27,27,48,46,7,10,6,8,0.7,0.6
2026-09-25T2100,1758A,123.9246,41.8638,抚顺市,新抚区,细颗粒物(PM2.5),56,NA,32,38,26,10,10,32,26,23,22,7,7,0.6,0.5
2026-09-25T2100,1759A,124.0972,41.8961,抚顺市,大伙房水库,,40,NA,19,28,18,34,34,49,45,13,14,12,12,0.7,0.5
2026-09-25T2100,1760A,123.708,41.8386,抚顺市,沈抚新城,,50,45,36,35,24,9,9,40,37,35,28,12,12,1.5,1.3
2026-09-25T2100,2377A,116.3544,27.9833,抚州市,市站,NA,NA,39,47,31,33,65,65,98,90,2,5,3,4,NA,0
2026-09-25T2100,2378A,116.3562,27.9631,抚州市,血防站,,43,38,45,30,28,56,56,96,86,9,9,4,5,0.9,0.8
2026-09-25T2100,2379A,116.3561,28.0007,抚州市,采茶剧团,,50,45,46,35,37,73,73,109,101,2,5,15,15,0.7,0.9
2026-09-25T2100,2380A,116.3854,27.9648,抚州市,医学分院,,37,37,45,25,32,59,59,94,86,4,6,3,4,1.1,1.1
2026-09-25T2100,2207A,121.6095,41.9978,阜新市,工业园区,细颗粒物(PM2.5),84,NA,43,52,25,80,80,116,112,18,23,11,18,0.8,0.6
2026-09-25T2100,2208A,121.6567,42.0188,阜新市,长青街,细颗粒物(PM2.5),92,NA,42,56,26,92,92,119,115,14,23,6,15,0.7,0.6
2026-09-25T2100,2209A,121.6672,42.07,阜新市,农业园区,细颗粒物(PM2.5),94,NA,36,57,22,92,92,121,118,11,14,4,9,0.8,0.6
2026-09-25T2100,2211A,121.6343,42.0455,阜新市,玉龙新城,细颗粒物(PM2.5),84,NA,36,52,20,76,76,121,115,18,25,9,12,0.5,0.3
2026-09-25T2100,2301A,115.8276,32.8929,阜阳市,市监测站,,16,14,37,11,19,50,50,47,47,8,12,7,7,0.5,0.5
2026-09-25T2100,2303A,115.8551,32.8606,阜阳市,开发区,,16,NA,46,11,19,40,40,42,42,13,15,5,6,0.6,0.6
2026-09-25T2100,2875A,115.783962,32.889217,阜阳市,阜阳职业技术学院,,17,10,43,10,19,52,52,52,52,6,10,4,4,0.5,0.5
2026-09-25T2100,3468A,115.79,32.8614,阜阳市,市规划展馆,,17,13,39,8,20,54,54,51,51,10,13,4,5,0.6,0.7
2026-09-25T2100,3469A,115.835101,32.918568,阜阳市,枣园社区,,20,20,35,11,18,46,46,45,45,10,15,3,3,0.7,0.7
2026-09-25T2100,2669A,102.9097,34.9841,甘南藏族自治州,州政府,,25,25,30,17,17,44,44,67,65,13,16,8,8,0.4,0.4
2026-09-25T2100,3380A,102.8915,34.9618,甘南藏族自治州,甘肃民族师范学院,颗粒物(PM10),58,61,41,24,16,38,38,91,86,16,10,7,8,0.4,0.5
2026-09-25T2100,2570A,101.96,30.048,甘孜藏族自治州,水桥子,,12,10,8,8,3,29,29,55,52,21,11,2,2,0.4,0.3
2026-09-25T2100,3065A,101.9534,29.9976,甘孜藏族自治州,州环保局,,18,18,14,7,2,5,5,48,41,20,11,3,3,0.2,0.2
2026-09-25T2100,2363A,114.9368,25.8663,赣州市,地委,,36,36,36,25,26,70,70,105,93,8,8,5,6,0.6,0.5
2026-09-25T2100,2364A,114.946,25.8483,赣州市,气象台,,32,32,33,21,25,74,74,106,95,9,10,7,7,0.6,0.5
2026-09-25T2100,2365A,114.932,25.8332,赣州市,市图书馆,,35,30,33,24,25,76,76,101,92,5,8,3,4,0.9,0.9
2026-09-25T2100,2366A,114.8905,25.8472,赣州市,华坚鞋城,,40,37,42,28,32,74,74,103,93,7,10,1,2,0.1,0.3
2026-09-25T2100,3109A,115.0094,25.8614,赣州市,赣县区卫计委,,37,37,28,24,22,68,68,106,92,17,7,2,4,1.2,1.1
2026-09-25T2100,2684A,106.2753,36.0057,固原市,监测站,,24,24,18,11,7,58,58,77,77,10,18,7,8,0.7,0.6
2026-09-25T2100,2685A,106.2384,36.0189,固原市,新区,,16,12,20,3,8,49,49,70,70,13,18,6,6,0.6,0.6
2026-09-25T2100,2544A,106.6307,30.4577,广安市,市委,NA,NA,24,17,15,15,44,44,69,65,NA,8,7,7,0.5,0.5
2026-09-25T2100,2545A,106.6266,30.4662,广安市,友谊中学,,20,20,16,14,14,47,47,72,69,7,6,9,10,0.7,0.7
2026-09-25T2100,2547A,106.6386,30.4551,广安市,广电花园,,23,18,16,16,16,39,39,65,61,6,7,10,10,0.6,0.6
2026-09-25T2100,2902A,106.6347,30.4868,广安市,北辰小学,,22,22,20,14,15,57,57,82,78,8,9,9,9,0.6,0.7
2026-09-25T2100,2524A,105.8211,32.4444,广元市,老城,,20,20,14,3,0,12,12,52,44,28,9,3,2,0.8,0.6
2026-09-25T2100,2526A,105.8629,32.429,广元市,监测站,,26,26,22,3,1,23,23,53,48,12,9,7,7,0.9,0.8
2026-09-25T2100,3617A,105.8047,32.4167,广元市,经开区,,16,16,8,8,5,21,21,56,49,22,9,6,5,0.8,0.6
2026-09-25T2100,1345A,113.2346,23.1423,广州市,广雅中学,,39,37,40,21,23,124,124,158,155,11,15,6,5,0.3,0.3
2026-09-25T2100,1346A,113.2611,23.105,广州市,市五中,,44,32,36,20,23,140,140,170,167,10,12,5,5,/,/
2026-09-25T2100,1348A,113.3477,23.0916,广州市,广东商学院,,39,31,20,15,14,124,124,165,162,19,16,6,6,0.4,0.4
2026-09-25T2100,1349A,113.4332,23.105,广州市,市八十六中,,41,25,27,21,20,129,129,187,182,20,18,7,8,/,/
2026-09-25T2100,1350A,113.3506,22.9488,广州市,番禺中学,,36,28,36,18,21,115,115,162,158,14,10,5,5,0.4,0.4
2026-09-25T2100,1351A,113.2147,23.3918,广州市,花都师范,,50,50,38,35,26,137,137,163,163,20,17,3,2,0.8,0.7
2026-09-25T2100,1352A,113.2599,23.1329,广州市,市监测站,,40,35,37,22,21,126,126,160,156,8,14,1,2,/,/
2026-09-25T2100,1353A,113.5618,23.3119,广州市,九龙镇镇龙,,39,39,30,27,19,116,116,125,118,20,15,9,8,0.8,0.7
2026-09-25T2100,1354A,113.2764,23.1544,广州市,麓湖,,45,33,28,19,15,141,141,149,146,13,18,7,7,0.6,0.6
2026-09-25T2100,2846A,113.3209,23.1323,广州市,体育西,,45,38,37,24,21,142,142,167,165,17,18,6,6,0.8,0.8
2026-09-25T2100,3298A,113.5718,23.5493,广州市,从化街口,,38,38,29,24,21,63,63,120,103,9,9,8,8,0.7,0.6
2026-09-25T2100,3299A,113.3463,23.369,广州市,白云竹料,,46,46,35,32,24,116,116,150,144,17,14,5,4,0.9,0.7
2026-09-25T2100,3300A,113.2981,23.2365,广州市,白云嘉禾,,45,45,40,30,25,144,144,171,167,15,18,3,3,/,/
2026-09-25T2100,3301A,113.4256,23.1716,广州市,黄埔科学城,,43,34,37,23,24,137,137,153,152,10,12,5,6,0.8,0.7
2026-09-25T2100,3302A,113.3942,23.0485,广州市,番禺大学城,NA,NA,26,34,19,20,NA,NA,176,176,17,13,8,7,0.4,0.5
2026-09-25T2100,3303A,113.4923,22.8169,广州市,南沙黄阁,,34,21,33,10,20,107,107,167,160,5,8,9,9,/,/
2026-09-25T2100,3304A,113.534,22.7893,广州市,南沙街,,27,25,33,12,20,85,85,153,141,11,9,9,9,0.6,0.6
2026-09-25T2100,3443A,113.2905,23.5541,广州市,花都梯面,,40,37,33,28,20,38,38,128,107,19,13,6,6,/,/
2026-09-25T2100,3445A,113.786,23.7479,广州市,从化良口,,26,21,20,18,15,59,59,103,88,11,9,6,6,/,/
2026-09-25T2100,3446A,113.805,23.2614,广州市,增城荔城,,47,28,32,14,22,148,148,129,129,16,13,9,9,0.6,0.5
2026-09-25T2100,2506A,109.604387,23.066791,贵港市,江南子站,,41,41,42,26,26,98,98,124,115,10,14,3,9,0.7,0.7
2026-09-25T2100,2508A,109.5669,23.1065,贵港市,荷城子站,,35,27,34,21,22,112,112,125,120,6,12,6,6,0.6,0.6
2026-09-25T2100,3405A,109.5886,23.1172,贵港市,新世纪学校,,35,29,35,16,23,111,111,135,128,7,12,/,/,0.6,0.7
2026-09-25T2100,4260A,109.5933,23.095,贵港市,中山路155-3号,,35,27,39,22,26,111,111,132,124,9,11,/,/,0.6,0.7
2026-09-25T2100,1439A,106.6863,26.6035,贵阳市,马鞍山,,26,17,19,13,16,82,82,93,89,6,5,5,5,/,/
2026-09-25T2100,1441A,106.6241,26.6266,贵阳市,鉴湖路,,31,31,33,15,17,77,77,88,86,5,4,10,9,0.6,0.6
2026-09-25T2100,1442A,106.7468,26.6344,贵阳市,燕子冲,,29,29,30,16,17,78,78,88,86,8,8,6,7,0.5,0.5
2026-09-25T2100,1443A,106.6556,26.4362,贵阳市,碧云窝,,34,34,35,15,15,82,82,90,88,7,6,8,8,/,/
2026-09-25T2100,1445A,106.6963,26.6063,贵阳市,红边门,,24,22,26,10,16,75,75,89,86,11,7,3,4,/,/
2026-09-25T2100,1446A,106.7162383,26.56964667,贵阳市,新华路,,23,22,36,15,16,72,72,86,84,12,9,6,7,0.6,0.6
2026-09-25T2100,1447A,106.6742,26.542,贵阳市,太慈桥,,31,31,27,18,17,84,84,93,91,6,6,5,5,/,/
2026-09-25T2100,4230A,106.688212,26.56952,贵阳市,花果园大街66号,,27,23,25,13,15,85,85,92,91,8,8,4,4,/,/
2026-09-25T2100,4231A,106.687268,26.516892,贵阳市,漓江路57号,NA,NA,27,23,NA,11,NA,NA,87,85,8,6,7,6,0.5,0.9
2026-09-25T2100,1864A,110.3091,25.2705,桂林市,龙隐路小学,,41,41,36,28,27,66,66,97,91,14,14,9,6,0.8,0.8
2026-09-25T2100,1865A,110.2849361,25.22909545,桂林市,八中,,36,36,36,16,14,72,72,98,94,11,12,7,7,0.7,0.7
2026-09-25T2100,3531A,110.296,25.1254,桂林市,旅游学院,,47,47,32,30,26,67,67,97,92,10,14,11,5,0.7,0.7
2026-09-25T2100,4222A,110.1835,25.2444,桂林市,环湖路276号,,41,41,38,20,22,87,87,106,104,10,25,4,4,0.6,0.7
2026-09-25T2100,4301A,110.2803,25.2773,桂林市,信义路13号,,43,43,36,21,28,79,79,100,97,10,11,6,7,0.7,0.8
2026-09-25T2100,2674A,100.2262,34.4854,果洛藏族自治州,玛沁县大武镇,,33,33,31,11,9,94,94,102,102,1,3,16,17,0.3,0.4
2026-09-25T2100,1130A,126.5557,45.8109,哈尔滨市,松北商大,NA,NA,12,25,6,9,NA,NA,61,59,9,29,5,5,0.6,0.5
2026-09-25T2100,1132A,126.6162,45.719,哈尔滨市,南岗学府路,,23,23,41,6,14,48,48,67,64,21,34,5,7,0.6,0.7
2026-09-25T2100,1133A,126.6894,45.7733,哈尔滨市,太平宏伟公园,,26,NA,44,18,14,38,38,56,50,18,32,7,8,0.5,0.4
2026-09-25T2100,1134A,126.6361,45.7672,哈尔滨市,道外承德广场,,44,44,45,18,13,41,41,59,54,19,36,4,5,0.8,0.8
2026-09-25T2100,1136A,126.644,45.7261,哈尔滨市,动力和平路,,23,23,32,3,8,45,45,65,61,17,29,6,9,0.7,0.7
2026-09-25T2100,1137A,126.5933,45.7479,哈尔滨市,道里建国路,,25,21,34,17,14,39,39,64,58,21,37,6,8,0.6,1.1
2026-09-25T2100,1138A,126.6127,45.6119,哈尔滨市,平房东轻厂,,36,36,32,11,9,26,26,55,50,30,30,10,11,0.3,0.3
2026-09-25T2100,1139A,126.5875,45.9827,哈尔滨市,呼兰师专,,25,25,39,10,12,44,44,52,51,18,29,4,5,0.6,0.6
2026-09-25T2100,1140A,126.6299,45.6799,哈尔滨市,省农科院,,28,28,50,9,16,37,37,59,55,23,39,6,7,0.5,0.5
2026-09-25T2100,4282A,126.6769,45.7379,哈尔滨市,华山路1号,,19,19,38,8,14,51,51,67,64,15,33,5,6,0.2,0.3
2026-09-25T2100,4283A,126.9717,45.5356,哈尔滨市,解放大街52号,,23,23,30,10,3,28,28,59,55,39,25,10,9,0.6,0.5
2026-09-25T2100,2688A,93.5124,42.8176,哈密市,地区监测站,,33,31,30,23,12,75,75,103,98,27,18,2,6,0.3,0.2
2026-09-25T2100,2689A,93.5014,42.8312,哈密市,哈密师范学校,细颗粒物(PM2.5),54,42,35,37,17,64,64,102,96,24,22,4,4,0.6,0.4
2026-09-25T2100,2671A,100.9016,36.9464,海北藏族自治州,海晏县西海镇,,33,NA,16,23,9,30,30,100,87,22,8,8,7,0.4,0.3
2026-09-25T2100,3867A,102.074,36.5056,海东市,平安区公安局北苑,NA,NA,32,29,18,18,75,75,107,105,20,13,NA,11,0.7,0.8
2026-09-25T2100,4163A,102.0984,36.5119,海东市,滨河路,,36,36,29,23,19,32,32,97,89,56,29,23,12,0.5,0.5
2026-09-25T2100,1410A,110.3189,20.0596,海口市,海南大学,,23,23,23,14,11,58,58,60,58,6,49,6,6,0.2,0.3
2026-09-25T2100,1411A,110.2827,20.0051,海口市,秀英海南医院,,19,19,22,13,10,45,45,62,54,11,5,4,4,0.4,0.3
2026-09-25T2100,1412A,110.3391,19.9979,海口市,海南师范大学,,20,19,23,14,11,59,59,62,58,4,4,4,4,0.4,0.4
2026-09-25T2100,1413A,110.3303,20.0359,海口市,龙华路环保局宿舍,,23,23,23,16,12,56,56,63,59,6,4,/,/,0.4,0.3
2026-09-25T2100,3539A,110.5111,19.9737,海口市,桂林洋子站,,22,22,23,12,11,52,52,58,55,3,3,/,/,/,/
2026-09-25T2100,4134A,110.1952,20.0451,海口市,长滨二路9号,NA,NA,24,19,17,10,NA,NA,60,56,6,4,/,/,/,/
2026-09-25T2100,2673A,100.6158,36.2985,海南藏族自治州,共和县恰卜恰镇,颗粒物(PM10),53,53,27,23,14,19,19,92,80,34,10,7,7,0.5,0.4
2026-09-25T2100,2676A,97.373,37.376,海西蒙古族藏族自治州,德令哈市,,28,22,19,19,10,84,84,110,107,8,2,10,10,0.7,0.6
2026-09-25T2100,1049A,114.492,36.5712,邯郸市,矿院,细颗粒物(PM2.5),76,NA,53,48,47,108,108,141,137,14,9,6,6,0.7,0.7
2026-09-25T2100,1050A,114.4839,36.6136,邯郸市,丛台公园,细颗粒物(PM2.5),68,56,55,44,51,113,113,136,134,11,8,11,12,0.6,0.7
2026-09-25T2100,3458A,114.7893,36.5592,邯郸市,香泉濮院小区,细颗粒物(PM2.5),102,66,59,62,53,80,80,119,115,28,17,4,2,0.7,0.6
2026-09-25T2100,3580A,114.1998,36.4439,邯郸市,峰峰矿区临水派出所,细颗粒物(PM2.5),56,46,41,38,34,117,117,138,136,12,10,5,5,0.8,0.7
2026-09-25T2100,4068A,114.5209,36.7697,邯郸市,建安街268号,细颗粒物(PM2.5),102,86,61,62,38,80,80,131,127,32,16,5,3,0.8,0.5
2026-09-25T2100,4069A,114.5488,36.6177,邯郸市,丛台东路558号,细颗粒物(PM2.5),110,79,58,70,56,69,69,133,125,39,16,5,3,0.7,0.6
2026-09-25T2100,2635A,107.0155,33.0707,汉中市,市监测站,,20,20,19,3,11,34,34,68,63,8,9,4,4,1.0,1
2026-09-25T2100,2636A,107.0083,33.114,汉中市,鑫源开发区,NA,NA,NA,20,NA,11,44,44,72,68,9,12,6,6,1.1,0.9
2026-09-25T2100,2637A,107.0072,33.0323,汉中市,南郑大河坎水厂,,18,18,20,3,11,26,26,60,53,12,13,2,3,0.6,0.6
2026-09-25T2100,1223A,120.2073,30.2111,杭州市,滨江,颗粒物(PM10),73,82,55,45,31,116,116,157,149,25,23,9,7,0.6,0.5
2026-09-25T2100,1224A,120.0625,30.2737,杭州市,西溪,细颗粒物(PM2.5),84,63,43,52,28,72,72,145,118,18,13,4,4,0.8,0.5
2026-09-25T2100,1226A,120.3417,30.315,杭州市,下沙,细颗粒物(PM2.5),58,51,46,39,32,125,125,177,165,20,22,9,8,0.9,0.7
2026-09-25T2100,1227A,120.1252,30.2465,杭州市,卧龙桥,细颗粒物(PM2.5),64,44,39,42,27,45,45,151,111,20,14,6,6,0.7,0.6
2026-09-25T2100,1228A,120.1902,30.2691,杭州市,浙江农大,细颗粒物(PM2.5),80,63,42,50,31,98,98,137,130,29,19,10,9,1.0,0.8
2026-09-25T2100,1230A,120.1195,30.3121,杭州市,和睦小学,细颗粒物(PM2.5),74,57,45,47,30,122,122,156,152,19,15,7,7,0.9,0.7
2026-09-25T2100,1231A,120.3076,30.4146,杭州市,临平镇,细颗粒物(PM2.5),60,59,57,40,35,129,129,182,172,18,20,8,8,0.7,0.7
2026-09-25T2100,1232A,120.2753,30.1839,杭州市,城厢镇,细颗粒物(PM2.5),86,78,59,53,37,82,82,129,117,27,17,10,8,0.8,0.7
2026-09-25T2100,1233A,120.0883,30.1808,杭州市,云栖,细颗粒物(PM2.5),60,49,44,40,28,43,43,143,107,28,17,6,7,0.8,0.7
2026-09-25T2100,3557A,119.9463,30.0496,杭州市,镇二中,细颗粒物(PM2.5),76,65,52,48,35,72,72,138,116,18,20,7,8,1.1,1
2026-09-25T2100,3558A,119.7184,30.2367,杭州市,市府大楼,细颗粒物(PM2.5),68,NA,40,44,30,71,71,NA,NA,14,14,7,7,0.7,0.4
2026-09-25T2100,3656A,120.1554,30.2863,杭州市,消防大队,细颗粒物(PM2.5),88,59,45,54,33,113,113,156,150,24,16,11,10,0.9,0.7
2026-09-25T2100,1270A,117.1957,31.7845,合肥市,明珠广场,细颗粒物(PM2.5),84,NA,48,52,31,50,50,93,81,14,13,10,11,0.7,0.6
2026-09-25T2100,1271A,117.307,31.8765,合肥市,三里街,细颗粒物(PM2.5),80,NA,48,50,31,50,50,97,83,13,18,5,5,1.0,0.9
2026-09-25T2100,1272A,117.2587,31.8703,合肥市,琥珀山庄,细颗粒物(PM2.5),74,53,49,47,28,47,47,101,84,16,16,6,6,0.9,0.7
2026-09-25T2100,1275A,117.2593,31.9376,合肥市,庐阳区,细颗粒物(PM2.5),64,NA,50,42,29,42,42,101,81,17,21,6,6,0.8,0.9
2026-09-25T2100,1276A,117.345251,31.861615,合肥市,瑶海区,细颗粒物(PM2.5),68,51,51,44,26,50,50,99,84,11,15,4,5,0.8,0.7
2026-09-25T2100,1277A,117.3033,31.7967,合肥市,包河区,细颗粒物(PM2.5),66,48,50,43,28,52,52,95,80,22,23,8,8,0.8,0.8
2026-09-25T2100,1278A,117.278,31.7392,合肥市,滨湖新区,细颗粒物(PM2.5),60,46,46,40,26,59,59,97,83,18,13,8,9,0.7,0.6
2026-09-25T2100,1279A,117.1324,31.8395,合肥市,高新区,,46,39,48,32,30,46,46,97,83,16,17,8,8,0.7,0.7
2026-09-25T2100,3464A,117.3802,31.9148,合肥市,高教基地,,45,36,51,31,28,53,53,106,85,14,15,8,8,0.8,0.7
2026-09-25T2100,4098A,117.2518,31.8404,合肥市,中国科学技术大学,细颗粒物(PM2.5),72,53,48,46,27,51,51,105,89,16,16,8,8,0.7,0.6
2026-09-25T2100,3614A,79.9241,37.0878,和田地区,地区环保局,颗粒物(PM10),173,295,109,35,24,44,44,109,101,54,14,3,4,0.4,0.4
2026-09-25T2100,3615A,79.9132,37.1137,和田地区,市环保局,颗粒物(PM10),100,119,130,26,21,90,90,112,111,3,6,3,3,0.5,0.4
2026-09-25T2100,2517A,108.0496,24.6957,河池市,市环保站,,22,NA,31,15,19,61,61,85,79,5,9,10,7,0.6,0.7
2026-09-25T2100,4302A,108.0901,24.6945,河池市,上任中路54号,,18,13,31,9,16,55,55,82,77,14,15,6,8,0.8,0.9
2026-09-25T2100,1697A,114.6962,23.7538,河源市,东埔,,34,34,33,22,25,70,70,107,96,13,10,6,6,0.9,0.8
2026-09-25T2100,1698A,114.6895,23.7232,河源市,老城,,44,44,40,28,25,71,71,104,89,12,9,8,7,0.8,0.7
2026-09-25T2100,3374A,115.5562,35.089,菏泽市,定陶老年大学,,25,24,22,8,14,78,78,98,96,13,9,7,5,0,0.1
2026-09-25T2100,4114A,115.4239,35.2593,菏泽市,黄河路600号,,28,28,30,6,21,72,72,98,96,10,8,4,4,0.3,0.4
2026-09-25T2100,4115A,115.5025,35.2727,菏泽市,菏泽市人社局,,28,28,27,8,19,69,69,97,93,10,4,4,4,0.1,0.2
2026-09-25T2100,4184A,115.479691,35.244011,菏泽市,永昌路1号,,25,19,24,3,18,80,80,101,100,14,9,4,3,0.0,0.1
2026-09-25T2100,4193A,115.471542,35.280012,菏泽市,长城路999号,,29,29,27,8,19,76,76,100,98,20,13,7,6,0.2,0.3
2026-09-25T2100,2514A,111.5264,24.4178,贺州市,环保小区,,37,37,35,25,27,100,100,118,114,7,9,12,12,0.6,0.6
2026-09-25T2100,2515A,111.561,24.4074,贺州市,政协大楼,,36,28,31,25,27,85,85,115,110,14,11,10,11,0.8,0.8
2026-09-25T2100,3534A,111.4744,24.455,贺州市,西湾,颗粒物(PM10),62,66,46,34,27,75,75,110,97,9,10,8,8,0.8,0.7
2026-09-25T2100,2385A,114.17,35.9019,鹤壁市,市监测站,细颗粒物(PM2.5),64,54,43,42,32,84,84,122,116,13,7,7,4,0.6,0.8
2026-09-25T2100,2386A,114.2953,35.7512,鹤壁市,市交警支队,颗粒物(PM10),54,55,42,34,31,63,63,112,104,27,14,3,6,0.7,0.7
2026-09-25T2100,2387A,114.2877,35.7302,鹤壁市,迎宾馆,颗粒物(PM10),60,63,47,33,30,66,66,118,110,20,8,7,9,0.8,0.8
2026-09-25T2100,3474A,114.2616,35.6824,鹤壁市,大新区,NA,NA,NA,40,NA,24,NA,NA,125,NA,NA,8,NA,3,NA,0.5
2026-09-25T2100,3596A,114.1573,35.9607,鹤壁市,南山宾馆,细颗粒物(PM2.5),82,68,51,51,39,78,78,121,114,22,11,9,7,0.7,0.7
2026-09-25T2100,2244A,130.2537,47.3416,鹤岗市,哈啤分公司,,28,28,26,11,7,62,62,87,80,7,7,9,8,0.4,0.4
2026-09-25T2100,2245A,130.2683,47.3087,鹤岗市,斯达机电,,27,27,21,3,4,56,56,73,68,12,9,5,6,0.4,0.4
2026-09-25T2100,2246A,130.3114,47.3388,鹤岗市,东山纸板厂,颗粒物(PM10),55,56,59,17,10,29,29,75,60,16,21,5,6,0.5,0.6
2026-09-25T2100,2263A,127.4832,50.2524,黑河市,交通局,,44,44,33,10,12,35,35,65,52,16,10,7,6,0.2,0.1
2026-09-25T2100,2264A,127.5146,50.2339,黑河市,环保局,颗粒物(PM10),81,93,29,37,14,26,26,69,59,37,14,8,6,0.4,0.2
2026-09-25T2100,1074A,115.6839,37.754,衡水市,电机北厂,细颗粒物(PM2.5),92,62,59,56,55,132,132,141,141,10,12,3,3,0.4,0.5
2026-09-25T2100,1075A,115.6303,37.7318,衡水市,市监测站,细颗粒物(PM2.5),90,81,74,55,42,108,108,130,130,14,11,25,15,0.5,0.6
2026-09-25T2100,3188A,115.6684,37.7216,衡水市,市城管局,细颗粒物(PM2.5),72,79,83,46,46,116,116,128,128,13,14,4,4,0.4,0.5
2026-09-25T2100,3459A,115.599,37.5491,衡水市,地表水厂,细颗粒物(PM2.5),88,98,76,54,36,46,46,120,112,48,13,1,2,0.6,0.7
2026-09-25T2100,2457A,112.6209,26.9268,衡阳市,衡阳化工总厂,细颗粒物(PM2.5),94,60,60,57,40,82,82,109,103,8,13,11,8,0.8,1
2026-09-25T2100,2458A,112.621,26.8957,衡阳市,珠晖区环保局,细颗粒物(PM2.5),66,61,55,43,36,88,88,111,105,9,17,9,9,1.0,1.4
2026-09-25T2100,2459A,112.628,26.8654,衡阳市,市委党校,细颗粒物(PM2.5),116,NA,58,77,46,77,77,115,106,16,9,9,9,1.1,1
2026-09-25T2100,2460A,112.6007,26.8977,衡阳市,市监测站,细颗粒物(PM2.5),68,53,49,44,43,75,75,112,103,15,12,7,8,1.0,1.1
2026-09-25T2100,2461A,112.5658,26.9013,衡阳市,真空机电公司,细颗粒物(PM2.5),76,50,46,48,42,76,76,104,97,11,11,8,11,1.0,1.2
2026-09-25T2100,3399A,112.6703,26.8817,衡阳市,师范学院,细颗粒物(PM2.5),68,NA,54,44,41,81,81,112,103,9,9,9,9,0.9,0.9
2026-09-25T2100,3038A,103.3757,23.3679,红河哈尼族彝族自治州,州图书馆,,33,23,20,23,17,89,89,95,90,4,4,3,3,0.4,0.3
2026-09-25T2100,4154A,103.401,23.3561,红河哈尼族彝族自治州,蒙自市朝阳路,,25,23,15,17,16,76,76,95,88,5,2,5,4,0.4,0.3
2026-09-25T2100,1090A,111.6506,40.7517,呼和浩特市,呼市一监,细颗粒物(PM2.5),86,NA,35,53,23,76,76,120,113,12,17,6,7,0.5,0.6
2026-09-25T2100,1094A,111.7516,40.8369,呼和浩特市,如意水处理厂,NA,NA,62,40,NA,24,51,51,121,108,38,26,11,10,0.5,0.5
2026-09-25T2100,1095A,111.727798,40.806187,呼和浩特市,二十九中,细颗粒物(PM2.5),120,NA,40,81,28,73,73,119,114,18,24,8,9,0.6,0.7
2026-09-25T2100,1097A,111.717,40.7617,呼和浩特市,化肥厂生活区,细颗粒物(PM2.5),103,NA,40,63,27,80,80,119,114,12,18,8,10,0.6,0.8
2026-09-25T2100,3699A,111.6519,40.8389,呼和浩特市,海东办,细颗粒物(PM2.5),104,75,39,64,20,58,58,117,106,28,33,12,11,0.6,0.6
2026-09-25T2100,4275A,111.591512,40.827312,呼和浩特市,成吉思汗西街8号,细颗粒物(PM2.5),74,61,40,47,23,36,36,110,94,39,27,8,8,0.5,0.5
2026-09-25T2100,4276A,111.6597,40.8077,呼和浩特市,公园东路75号,细颗粒物(PM2.5),111,NA,40,72,22,57,57,103,97,22,20,9,9,0.9,0.9
2026-09-25T2100,4277A,111.5427,40.7846,呼和浩特市,金海路35号,细颗粒物(PM2.5),100,NA,42,60,23,65,65,107,99,17,27,7,8,0.4,0.5
2026-09-25T2100,3061A,119.7511,49.1576,呼伦贝尔市,国华电力东,,30,30,31,12,12,53,53,72,71,11,20,4,5,0.2,0.3
2026-09-25T2100,4279A,119.7569,49.2222,呼伦贝尔市,伊敏大街东7号,,29,22,31,20,15,56,56,63,63,14,26,5,7,0.4,0.4
2026-09-25T2100,1250A,120.075,30.867,湖州市,城西水厂,细颗粒物(PM2.5),78,72,47,49,28,122,122,137,133,46,20,7,8,0.7,0.6
2026-09-25T2100,2873A,120.083,30.8929,湖州市,仁皇山新区,细颗粒物(PM2.5),64,61,47,42,29,113,113,142,136,21,17,6,8,0.7,0.5
2026-09-25T2100,2907A,120.1846,30.8592,湖州市,吴兴区站,细颗粒物(PM2.5),102,74,45,62,31,135,135,153,150,16,12,7,8,0.8,0.6
2026-09-25T2100,3562A,120.4146,30.8538,湖州市,南浔区站,细颗粒物(PM2.5),60,45,42,40,32,132,132,166,157,13,11,9,10,0.6,0.6
2026-09-25T2100,1607A,120.904878,40.721091,葫芦岛市,龙港区,细颗粒物(PM2.5),62,NA,44,41,23,123,123,116,116,6,26,6,30,0.5,0.6
2026-09-25T2100,1608A,120.8382,40.7521,葫芦岛市,化工街,颗粒物(PM10),60,63,44,39,22,87,87,104,104,11,22,7,12,0.5,0.5
2026-09-25T2100,1609A,120.8339,40.7078,葫芦岛市,新区,细颗粒物(PM2.5),52,NA,35,36,23,111,111,110,110,6,18,5,17,0.6,0.7
2026-09-25T2100,1610A,120.8697,40.7679,葫芦岛市,东城区,细颗粒物(PM2.5),52,40,39,36,23,109,109,118,118,14,24,6,13,0.8,0.8
2026-09-25T2100,2483A,109.9297,27.5383,怀化市,河西地税局,,42,38,33,29,25,47,47,103,92,29,13,4,4,/,/
2026-09-25T2100,2484A,109.9783,27.5342,怀化市,市四医院,,28,26,36,19,23,86,86,106,101,10,15,6,7,0.5,0.5
2026-09-25T2100,2485A,109.9971,27.5579,怀化市,监测楼,,29,27,36,20,26,78,78,98,93,9,19,3,4,0.4,0.5
2026-09-25T2100,1210A,119.0566,33.5991,淮安市,钵池山,,22,12,24,6,16,69,69,72,60,6,11,6,6,0.7,0.7
2026-09-25T2100,1211A,119.0083,33.578,淮安市,北京南路,,24,7,24,6,15,75,75,73,64,4,10,7,7,0.6,0.7
2026-09-25T2100,1212A,118.9938,33.6083,淮安市,市监测站,,23,7,17,3,17,73,73,69,62,9,15,8,9,0.4,0.6
2026-09-25T2100,1213A,119.135,33.5038,淮安市,楚州区监测站,,22,12,23,7,18,70,70,79,67,6,12,6,7,0.8,0.8
2026-09-25T2100,3426A,118.8757,33.2897,淮安市,新华书店,,22,20,29,13,15,70,70,91,76,4,10,10,10,0.7,0.7
2026-09-25T2100,4092A,119.119691,33.550006,淮安市,枚皋中路89号,,22,14,28,7,16,69,69,72,62,8,12,6,7,0.8,0.9
2026-09-25T2100,4206A,119.028838,33.631911,淮安市,承德北路606号,,21,9,24,3,14,66,66,60,56,4,11,7,8,0.5,0.7
2026-09-25T2100,2282A,116.8005,33.9749,淮北市,监测站,NA,NA,17,14,14,8,64,64,69,69,NA,9,5,5,0.4,0.4
2026-09-25T2100,2283A,116.8094,33.9008,淮北市,烈山区政府,,22,NA,7,15,7,66,66,74,74,8,7,2,3,0.4,0.4
2026-09-25T2100,4017A,116.7926,33.9534,淮北市,市博物馆,,23,NA,13,16,9,68,68,74,74,10,10,5,4,0.5,0.5
2026-09-25T2100,4100A,116.8322,33.9884,淮北市,杜集区第一实验学校,,20,19,10,13,6,63,63,70,70,9,9,6,5,0.6,0.6
2026-09-25T2100,2277A,116.8304,32.7726,淮南市,潘集区政府,,14,10,45,8,22,44,44,49,39,14,13,6,7,0.6,0.6
2026-09-25T2100,2279A,116.8569,32.5949,淮南市,谢家集区政府,,18,18,50,8,26,50,50,62,45,10,17,6,8,0.5,0.5
2026-09-25T2100,2280A,116.8279,32.6333,淮南市,八公山区政府,,18,15,50,12,33,44,44,54,40,12,16,4,5,0.6,0.6
2026-09-25T2100,2894A,117.0561,32.6536,淮南市,经济技术开发区消防队,,16,7,41,6,23,50,50,69,50,10,16,9,10,0.6,0.5
2026-09-25T2100,3329A,117.011,32.5891,淮南市,山南新区,,17,6,45,3,25,52,52,69,52,16,18,4,6,0.4,0.4
2026-09-25T2100,4209A,117.003137,32.644456,淮南市,国庆中路369号,,17,17,59,7,30,40,40,58,39,10,14,11,12,0.4,0.3
2026-09-25T2100,2446A,114.9021,30.474,黄冈市,职工中心,颗粒物(PM10),57,59,42,34,31,64,64,119,106,12,10,4,5,0.7,0.6
2026-09-25T2100,2929A,114.8858,30.4519,黄冈市,红卫路,细颗粒物(PM2.5),72,53,44,46,36,64,64,122,112,16,13,4,6,0.6,0.6
2026-09-25T2100,3398A,114.9134,30.4446,黄冈市,市林业局,细颗粒物(PM2.5),70,56,42,45,30,66,66,117,104,19,15,4,6,0.5,0.5
2026-09-25T2100,2672A,102.02,35.5101,黄南藏族自治州,同仁县隆务镇,,35,35,28,12,11,69,69,94,92,1,2,11,12,0.1,0.2
2026-09-25T2100,2295A,118.2905,29.6965,黄山市,延安路89号,,40,35,30,28,22,48,48,90,75,5,6,4,4,0.7,0.7
2026-09-25T2100,2297A,118.1369,30.2755,黄山市,黄山区政府5号楼,细颗粒物(PM2.5),82,NA,21,51,18,19,19,67,56,7,4,3,4,0.8,0.7
2026-09-25T2100,4210A,118.335445,29.720283,黄山市,滨江东路7-2号,,40,34,36,28,23,45,45,88,73,5,6,/,/,/,/
2026-09-25T2100,2423A,115.0547,30.2332,黄石市,沈家营,细颗粒物(PM2.5),58,57,66,39,38,56,56,125,104,6,14,10,12,0.7,0.9
2026-09-25T2100,2426A,114.899,30.211,黄石市,铁山,,44,44,43,26,32,79,79,116,101,11,15,7,10,0.4,0.6
2026-09-25T2100,2427A,115.0259,30.2108,黄石市,团城山,细颗粒物(PM2.5),66,65,59,43,37,48,48,115,96,9,9,7,8,0.9,1
2026-09-25T2100,3149A,115.0174,30.1591,黄石市,笔架山北路,颗粒物(PM10),61,65,75,30,38,77,77,122,108,2,7,6,11,0.9,1.2
2026-09-25T2100,4185A,115.078022,30.21118,黄石市,磁湖东路29号,颗粒物(PM10),73,81,74,42,36,43,43,124,100,15,21,5,8,1.0,1.2
2026-09-25T2100,1392A,114.4181,23.0528,惠州市,河南岸金山湖子站,,35,26,35,15,22,111,111,130,124,8,9,7,6,0.6,0.6
2026-09-25T2100,1393A,114.4055,23.0824,惠州市,下埔横江三路子站,,34,34,37,23,20,102,102,124,116,9,9,7,8,0.4,0.4
2026-09-25T2100,1395A,114.4645,22.7832,惠州市,惠阳区承修路船湖子站,,36,35,35,19,17,115,115,142,131,4,6,4,4,0.6,0.7
2026-09-25T2100,1396A,114.5316,22.7423,惠州市,大亚湾管委会子站,NA,NA,34,36,16,16,100,100,118,113,NA,11,10,10,0.4,0.5
2026-09-25T2100,3314A,114.4334,22.8134,惠州市,惠阳秋长,,35,29,33,21,19,111,111,144,133,6,7,/,/,/,/
2026-09-25T2100,3452A,114.6521,22.7755,惠州市,大亚湾霞涌,,34,33,40,18,17,108,108,122,118,2,4,/,/,/,/
2026-09-25T2100,4300A,114.4089,23.1147,惠州市,文华一路1号,,35,34,35,18,19,110,110,131,124,6,6,/,/,/,/
2026-09-25T2100,2240A,130.9618,45.2926,鸡西市,环保局,,17,16,19,3,6,52,52,75,70,14,10,6,6,0.3,0.2
2026-09-25T2100,2243A,130.9294,45.2959,鸡西市,第一中学,,20,16,20,9,5,64,64,76,73,8,9,3,3,0.1,0
2026-09-25T2100,3707A,131.0069,45.2988,鸡西市,欧美日汽修厂,颗粒物(PM10),53,53,25,11,6,49,49,75,69,11,11,2,2,0.3,0.2
2026-09-25T2100,2367A,114.9753,27.0803,吉安市,红声器材厂,细颗粒物(PM2.5),111,NA,55,72,40,41,41,104,86,17,13,15,11,0.6,0.6
2026-09-25T2100,2369A,114.9903,27.1313,吉安市,市环境监测站,细颗粒物(PM2.5),58,50,50,39,32,54,54,115,95,11,9,6,7,/,/
2026-09-25T2100,2370A,115.009527,27.096792,吉安市,青原区法院,细颗粒物(PM2.5),84,60,47,52,34,51,51,116,96,15,9,13,8,0.4,0.5
2026-09-25T2100,1772A,126.54,43.8622,吉林市,哈达湾,,17,13,19,8,12,53,53,52,52,7,19,3,3,0.2,0.3
2026-09-25T2100,1773A,126.5843,43.8358,吉林市,东局子,,17,12,17,6,10,53,53,54,54,8,20,4,4,0.3,0.4
2026-09-25T2100,1774A,126.5051,43.8243,吉林市,电力学院,,18,17,22,12,14,42,42,45,45,5,14,8,7,0.5,0.6
2026-09-25T2100,1775A,126.6133,43.8971,吉林市,江北,,19,19,20,9,11,43,43,50,49,9,13,7,8,0.3,0.4
2026-09-25T2100,1776A,126.5549,43.8304,吉林市,江南公园,NA,NA,27,24,7,14,NA,NA,51,51,3,16,4,4,0.2,0.2
2026-09-25T2100,2868A,126.4737,43.953,吉林市,九站,,18,17,20,9,13,56,56,55,54,8,24,4,8,0.4,0.4
2026-09-25T2100,1299A,116.9866,36.6118,济南市,科干所,,46,39,51,32,39,68,68,112,104,17,17,6,6,0.7,0.6
2026-09-25T2100,1300A,116.9379,36.6652,济南市,农科所,细颗粒物(PM2.5),54,49,46,37,40,65,65,125,115,18,15,6,6,0.4,0.3
2026-09-25T2100,1301A,117.1265,36.6736,济南市,开发区,,32,32,50,11,40,69,69,120,112,18,14,6,7,0.4,0.5
2026-09-25T2100,1303A,117.0616,36.6865,济南市,省种子仓库,,46,46,60,15,40,77,77,126,119,21,17,4,5,0.6,0.6
2026-09-25T2100,1304A,116.9495185,36.644937,济南市,机床二厂,细颗粒物(PM2.5),80,NA,31,50,46,70,70,NA,NA,19,11,12,10,0.5,0.5
2026-09-25T2100,1305A,117.0496,36.6629,济南市,市监测站,,39,39,53,27,42,77,77,120,112,20,16,4,5,0.7,0.7
2026-09-25T2100,1306A,116.7674,36.5458,济南市,长清党校,,37,37,49,21,37,75,75,123,118,16,15,4,4,0.5,0.4
2026-09-25T2100,1961A,117.5323,36.6865,济南市,东山小学,,27,27,42,3,28,69,69,96,88,16,18,12,8,0.3,0.5
2026-09-25T2100,3059A,117.7181,36.205,济南市,泰兴公司,,22,22,32,3,20,29,29,85,72,36,20,2,2,0.1,0.3
2026-09-25T2100,3064A,117.6861,36.2172,济南市,莱芜战役纪念馆,NA,NA,NA,9,10,9,NA,NA,NA,NA,2,2,3,3,NA,NA
2026-09-25T2100,3494A,117.1673,36.9782,济南市,济阳区政府,,32,32,74,6,51,72,72,111,108,12,21,6,6,0.3,0.5
2026-09-25T2100,3495A,117.1168,36.6299,济南市,锦屏中学,,32,27,27,22,26,51,51,NA,NA,13,12,4,4,0.1,0.2
2026-09-25T2100,4108A,117.7107,36.2385,济南市,山财大街5号,,15,9,23,3,26,45,45,86,77,21,16,1,2,0.4,0.5
2026-09-25T2100,4109A,116.9744,36.6889,济南市,无影山路12号,细颗粒物(PM2.5),58,48,48,39,43,80,80,123,117,19,18,7,7,0.8,0.7
2026-09-25T2100,1653A,116.6229,35.4288,济宁市,火炬城,,23,17,22,3,10,73,73,96,89,11,10,3,3,0.0,0.1
2026-09-25T2100,3500A,116.5808,35.3703,济宁市,北湖一中,,25,18,20,3,11,79,79,97,90,7,7,3,3,0.2,0.2
2026-09-25T2100,3501A,116.8251,35.5592,济宁市,服务中心,,21,21,22,7,11,66,66,89,80,8,7,1,3,0.3,0.4
2026-09-25T2100,3678A,116.5907,35.4054,济宁市,市第七中学,,23,21,22,6,11,72,72,92,85,11,9,2,2,0.3,0.4
2026-09-25T2100,4111A,116.6075,35.4566,济宁市,任和路,,19,19,26,3,12,53,53,93,81,9,7,3,2,0.3,0.4
2026-09-25T2100,4112A,116.5648,35.3921,济宁市,文体南路1号,,23,14,20,3,9,71,71,89,83,10,7,3,3,0.2,0.3
2026-09-25T2100,4122A,112.6071,35.1015,济源市,市委党校,,46,46,27,23,19,83,83,102,102,17,9,5,4,0.5,0.5
2026-09-25T2100,4123A,112.596,35.0702,济源市,沁园中路1号,,35,35,26,19,17,66,66,89,89,15,11,1,2,0.6,0.6
2026-09-25T2100,2255A,130.2749,46.8028,佳木斯市,佳纺,,38,38,28,13,7,7,7,72,50,43,18,2,2,0.3,0.2
2026-09-25T2100,2257A,130.3258,46.7975,佳木斯市,环保局,,21,19,18,3,8,66,66,77,69,8,14,3,2,0.3,0.4
2026-09-25T2100,4285A,130.363,46.806,佳木斯市,顺和街,,26,22,21,18,9,30,30,77,62,37,24,3,1,0.4,0.2
2026-09-25T2100,4286A,130.3952,46.8268,佳木斯市,长安路196号,,32,25,21,22,8,18,18,76,64,43,19,2,2,0.6,0.3
2026-09-25T2100,1252A,120.7439,30.778,嘉兴市,清河小学,,41,36,48,12,27,129,129,166,162,12,11,7,7,0.5,0.4
2026-09-25T2100,1253A,120.7261,30.7477,嘉兴市,嘉兴学院,,41,31,38,23,26,130,130,173,168,14,12,7,7,0.5,0.4
2026-09-25T2100,2872A,120.7845,30.7524,嘉兴市,南湖区残联,,40,28,38,21,25,128,128,175,170,11,10,7,7,0.4,0.4
2026-09-25T2100,3407A,120.6915,30.7741,嘉兴市,秀洲住建,,43,34,43,26,27,135,135,177,171,15,12,6,7,0.6,0.5
2026-09-25T2100,1945A,98.291,39.7705,嘉峪关市,气象局,颗粒物(PM10),95,112,64,34,21,79,79,121,116,34,18,6,7,0.8,0.5
2026-09-25T2100,2884A,98.2672,39.7978,嘉峪关市,酒钢宾馆,颗粒物(PM10),65,70,73,26,25,105,105,121,120,23,22,4,10,0.6,0.8
2026-09-25T2100,3248A,98.2644,39.7723,嘉峪关市,雄关区,颗粒物(PM10),62,66,57,36,19,85,85,121,118,34,16,6,7,1.4,0.4
2026-09-25T2100,1383A,113.1063,22.6058,江门市,北街,,37,20,30,15,19,116,116,142,136,5,6,/,/,/,/
2026-09-25T2100,1384A,113.073,22.5835,江门市,西区,,37,33,33,14,19,117,117,142,138,10,10,/,/,/,/
2026-09-25T2100,1385A,113.0218,22.531,江门市,圭峰西,,36,26,31,14,18,113,113,130,128,11,9,/,/,/,/
2026-09-25T2100,3311A,113.1077,22.5647,江门市,江海富民,颗粒物(PM10),52,52,52,14,20,119,119,147,143,8,8,/,/,0.3,0.4
2026-09-25T2100,3449A,113.0496,22.4669,江门市,新会银湖,,32,20,33,14,19,100,100,126,121,11,10,4,4,0.5,0.6
2026-09-25T2100,4326A,113.0794,22.5999,江门市,五邑大学,,38,28,33,15,19,119,119,143,139,8,8,9,9,0.4,0.5
2026-09-25T2100,3335A,113.3137,35.2643,焦作市,马村街道办,,40,40,36,14,22,77,77,105,101,14,9,5,3,0.6,0.6
2026-09-25T2100,3336A,113.2464,35.2374,焦作市,焦作技师学院,NA,NA,42,44,25,20,NA,NA,118,118,14,8,7,7,0.6,0.6
2026-09-25T2100,3477A,113.1656,35.2536,焦作市,中站许衡医院,颗粒物(PM10),63,68,37,29,27,56,56,100,95,20,10,15,7,0.5,0.5
2026-09-25T2100,3981A,113.2456,35.18,焦作市,原李万街道办,,48,48,37,18,21,69,69,104,97,13,8,9,10,0.3,0.3
2026-09-25T2100,4264A,113.234,35.219,焦作市,新安路1731号,,38,38,34,21,25,75,75,111,107,14,9,4,4,0.2,0.2
2026-09-25T2100,4295A,113.2722,35.2121,焦作市,人民路3066号,,42,41,36,29,23,72,72,107,103,10,7,5,5,0.4,0.4
2026-09-25T2100,1708A,116.3701,23.5345,揭阳市,新兴,,35,27,40,24,23,101,101,118,114,9,11,7,10,0.8,0.8
2026-09-25T2100,1709A,116.3261,23.5442,揭阳市,西马,,40,38,41,28,22,104,104,122,118,5,7,7,8,0.8,0.7
2026-09-25T2100,1710A,116.361,23.5627,揭阳市,东兴,,34,28,34,20,20,107,107,115,114,9,10,8,9,/,/
2026-09-25T2100,1711A,116.4151,23.5295,揭阳市,渔湖,,33,27,37,16,20,104,104,113,111,7,8,6,8,/,/
2026-09-25T2100,3320A,116.4028,23.5699,揭阳市,曲溪,,40,40,37,22,20,107,107,125,124,8,8,8,11,0.7,0.7
2026-09-25T2100,1944A,102.1691,38.5166,金昌市,天庆家园,颗粒物(PM10),78,88,53,41,19,60,60,116,110,33,22,21,13,1.0,0.4
2026-09-25T2100,4022A,102.1648,38.5369,金昌市,金川区人防中心,颗粒物(PM10),62,66,53,28,24,79,79,114,110,20,19,5,29,0.3,0.3
2026-09-25T2100,4239A,102.193042,38.531887,金昌市,长春路96号,,48,48,71,19,26,106,106,125,124,10,21,8,54,0.2,0.3
2026-09-25T2100,1262A,119.6478,29.0773,金华市,十五中,颗粒物(PM10),53,54,61,34,38,90,90,154,140,14,18,5,5,0.9,0.8
2026-09-25T2100,1263A,119.6859,29.1032,金华市,监测站,细颗粒物(PM2.5),54,51,60,37,37,89,89,144,128,14,20,2,3,0.9,0.8
2026-09-25T2100,3659A,119.656,29.1132,金华市,气象局,细颗粒物(PM2.5),56,57,60,38,37,97,97,153,134,14,22,6,7,0.9,0.8
2026-09-25T2100,1767A,121.1114,41.0879,锦州市,南山,细颗粒物(PM2.5),52,NA,32,36,24,76,76,95,95,28,22,8,9,0.6,0.5
2026-09-25T2100,1768A,121.060361,40.842794,锦州市,开发区,细颗粒物(PM2.5),84,54,47,52,27,111,111,102,102,21,24,14,14,0.8,0.7
2026-09-25T2100,1769A,121.1836,41.1118,锦州市,百股街道,细颗粒物(PM2.5),70,NA,36,45,32,88,88,100,100,17,21,10,17,0.6,0.6
2026-09-25T2100,1770A,121.1176,41.1224,锦州市,天安街道,细颗粒物(PM2.5),52,44,38,36,26,88,88,99,99,17,22,10,11,0.5,0.4
2026-09-25T2100,1771A,121.1303,41.1385,锦州市,北湖公园,,46,41,38,32,27,91,91,99,99,12,16,7,9,0.4,0.4
2026-09-25T2100,2160A,112.8496,35.5051,晋城市,自来水公司,,49,49,34,31,17,97,97,101,100,10,10,6,6,0.6,0.6
2026-09-25T2100,2162A,112.8509,35.4886,晋城市,市环保局,细颗粒物(PM2.5),60,NA,35,40,24,88,88,93,92,8,8,5,5,0.6,0.6
2026-09-25T2100,3620A,112.8258,35.4804,晋城市,泽州一中,,48,42,31,33,22,89,89,101,98,7,7,5,6,0.4,0.4
2026-09-25T2100,4078A,112.8246,35.5152,晋城市,前书院路,,47,47,32,24,18,84,84,87,87,8,8,7,8,0.7,0.7
2026-09-25T2100,4079A,112.8864,35.4773,晋城市,祥云街666号,,48,34,26,33,23,96,96,95,95,8,8,6,5,0.4,0.4
2026-09-25T2100,2174A,112.6992,37.6984,晋中市,榆次区政府,细颗粒物(PM2.5),120,112,59,82,55,115,115,154,150,17,6,12,10,1.0,0.5
2026-09-25T2100,2865A,112.7195,37.683,晋中市,榆次三中,细颗粒物(PM2.5),125,119,58,87,57,107,107,154,149,23,9,11,9,0.8,0.7
2026-09-25T2100,4080A,112.7375,37.7215,晋中市,广安街188号,细颗粒物(PM2.5),118,111,64,79,55,135,135,154,152,17,9,11,9,1.1,0.5
2026-09-25T2100,4200A,112.7478,37.6954,晋中市,迎宾街26号,细颗粒物(PM2.5),122,122,58,84,55,109,109,153,149,21,8,13,11,0.8,0.6
2026-09-25T2100,2439A,112.2012,31.048,荆门市,竹园小学,NA,NA,NA,67,NA,43,NA,NA,58,58,8,13,8,7,0.9,1.2
2026-09-25T2100,2440A,112.1968,30.9892,荆门市,掇刀,,22,NA,54,15,41,63,63,56,56,9,26,6,7,0.4,1
2026-09-25T2100,3012A,112.1849,31.0361,荆门市,西山林语,,21,NA,48,14,39,67,67,60,60,5,10,5,6,0.7,1.1
2026-09-25T2100,3547A,112.1631,31.0134,荆门市,龙泉中学南校,,24,NA,44,11,39,74,74,70,70,6,9,4,5,0.7,1
2026-09-25T2100,4124A,112.2213,31.0654,荆门市,新台西路6号,,26,26,55,17,41,61,61,55,55,7,9,9,9,0.6,0.8
2026-09-25T2100,1844A,112.2493,30.3198,荆州市,市图书馆,,23,NA,53,16,42,48,48,93,70,8,15,6,7,0.7,0.9
2026-09-25T2100,1845A,112.2009,30.3543,荆州市,市委党校,,26,26,63,17,42,44,44,78,61,8,13,6,6,0.8,1
2026-09-25T2100,3194A,112.2749,30.3124,荆州市,管委会,,38,NA,56,26,46,43,43,90,67,10,16,8,8,0.5,0.7
2026-09-25T2100,4268A,112.1722,30.3366,荆州市,学苑路85号,,33,23,60,23,44,43,43,84,63,7,12,7,6,0.7,0.9
2026-09-25T2100,2343A,117.2114,29.2931,景德镇市,老干部活动中心,,48,41,31,33,30,54,54,112,94,16,11,4,4,0.8,0.8
2026-09-25T2100,2344A,117.1893,29.2789,景德镇市,兽医站,颗粒物(PM10),53,53,43,25,26,66,66,114,97,7,8,4,4,0.9,0.9
2026-09-25T2100,2346A,117.246,29.2958,景德镇市,陶研所,,40,30,32,28,30,53,53,110,86,6,9,3,3,0.7,0.7
2026-09-25T2100,4289A,117.154766,29.256967,景德镇市,青少年活动中心,,39,29,36,27,31,79,79,110,100,6,11,7,8,/,/
2026-09-25T2100,1803A,115.9873,29.6816,九江市,十里,细颗粒物(PM2.5),56,50,53,38,37,85,85,134,122,18,24,3,7,1.0,1
2026-09-25T2100,1804A,115.9583,29.7047,九江市,茅山头,细颗粒物(PM2.5),68,50,46,44,41,66,66,135,120,29,29,3,4,0.8,0.8
2026-09-25T2100,1805A,115.9877,29.7295,九江市,西园,,42,42,56,28,42,104,104,140,126,11,34,7,10,0.8,0.9
2026-09-25T2100,1808A,115.9112,29.6038,九江市,综合工业园,细颗粒物(PM2.5),66,54,37,43,29,63,63,136,113,25,32,10,8,0.9,0.9
2026-09-25T2100,3190A,116.0254,29.6995,九江市,外国语学校,,44,31,55,28,43,138,138,143,143,8,22,10,15,0.7,0.9
2026-09-25T2100,4253A,116.010205,29.659402,九江市,莲花大道8号,,46,35,44,32,30,79,79,119,110,4,7,8,8,0.7,0.7
2026-09-25T2100,4240A,98.495752,39.733935,酒泉市,玉门东路5号,颗粒物(PM10),70,78,66,34,25,99,99,118,116,14,14,8,10,0.4,0.3
2026-09-25T2100,4241A,98.5099,39.7506,酒泉市,北大街108号,颗粒物(PM10),70,78,73,39,28,89,89,118,113,16,16,10,11,0.5,0.5
2026-09-25T2100,2698A,76.0071,39.466,喀什地区,巡警大队,颗粒物(PM10),69,76,46,16,11,101,101,120,119,12,15,4,4,0.0,0.1
2026-09-25T2100,2699A,75.9756,39.4693,喀什地区,吾办,颗粒物(PM10),55,56,44,12,11,102,102,114,114,3,9,3,2,0.2,0.3
2026-09-25T2100,4027A,75.9485,39.4688,喀什地区,老干局,颗粒物(PM10),69,76,44,19,9,102,102,112,112,3,8,4,4,0.2,0.2
2026-09-25T2100,1824A,114.3389,34.778,开封市,肿瘤医院,NA,NA,NA,20,NA,28,NA,NA,102,NA,NA,7,NA,4,NA,0.7
2026-09-25T2100,1826A,114.2884,34.7966,开封市,世纪星幼儿园,细颗粒物(PM2.5),62,48,27,41,28,44,44,87,76,23,9,2,2,0.8,0.6
2026-09-25T2100,3147A,114.3434,34.8101,开封市,龙亭公园,NA,NA,NA,29,NA,22,NA,NA,102,87,NA,4,NA,4,NA,1.0
2026-09-25T2100,3210A,114.3645,34.7955,开封市,汴京公园,颗粒物(PM10),70,77,35,42,26,45,45,86,72,11,4,6,6,1.0,0.8
2026-09-25T2100,3473A,114.2485,34.8306,开封市,技师学院,颗粒物(PM10),56,58,33,32,26,48,48,88,78,14,5,3,4,1.0,1
2026-09-25T2100,3592A,114.4518,34.7503,开封市,祥符区生态环境局,细颗粒物(PM2.5),66,NA,24,43,28,41,41,85,68,19,8,3,5,0.8,0.6
2026-09-25T2100,1951A,84.886,45.6029,克拉玛依市,长征新村,细颗粒物(PM2.5),84,NA,14,52,10,50,50,88,84,29,11,5,3,0.7,0.4
2026-09-25T2100,1952A,84.8894,45.5827,克拉玛依市,南林小区,,45,45,18,3,1,21,21,84,76,42,12,5,6,0.4,0.1
2026-09-25T2100,1954A,84.896,44.3328,克拉玛依市,独山子区,,28,26,30,10,6,87,87,102,102,10,9,4,5,0.3,0.4
2026-09-25T2100,1955A,85.6888,46.0909,克拉玛依市,乌尔禾区商贸楼,,38,38,24,13,8,66,66,81,80,15,11,7,7,0.3,0.3
2026-09-25T2100,3612A,85.1045,45.6895,克拉玛依市,白碱滩区新站,,48,45,16,33,4,50,50,84,80,15,6,6,6,0.5,0.3
2026-09-25T2100,2697A,76.1457,39.7143,克孜勒苏柯尔克孜自治州,市人民政府,,35,35,38,20,15,97,97,108,108,9,10,5,5,0.3,0.2
2026-09-25T2100,3665A,76.1654,39.7157,克孜勒苏柯尔克孜自治州,克州文化中心,,33,20,43,12,15,105,105,107,107,1,5,5,5,0.2,0.2
2026-09-25T2100,1450A,102.8203,24.889,昆明市,呈贡新区,,22,16,19,14,13,69,69,91,85,8,9,6,5,0.4,0.3
2026-09-25T2100,1452A,102.7253,25.0904,昆明市,龙泉镇,,26,26,24,17,14,54,54,92,84,16,11,2,3,0.5,0.5
2026-09-25T2100,1453A,102.7267,25.0378,昆明市,东风东路,,21,13,20,11,11,65,65,89,83,12,11,6,6,0.8,0.9
2026-09-25T2100,1454A,102.6744,25.0671,昆明市,金鼎山,,21,NA,22,14,14,66,66,92,86,11,10,5,5,0.5,0.5
2026-09-25T2100,1455A,102.6643,25.0401,昆明市,碧鸡广场,,20,20,24,14,13,52,52,81,75,18,12,8,8,0.5,0.6
2026-09-25T2100,3179A,102.7491,25.012,昆明市,官渡区博物馆,,21,NA,19,14,12,66,66,85,80,8,8,4,5,0.3,0.4
2026-09-25T2100,3375A,102.8016,24.8336,昆明市,青年创业园,NA,NA,NA,19,NA,13,63,63,85,79,NA,13,6,5,0.8,0.7
2026-09-25T2100,3550A,102.8,24.9787,昆明市,昆明学院,,22,13,22,13,10,68,68,85,80,7,8,5,6,0.3,0.4
2026-09-25T2100,3551A,102.5969,24.6738,昆明市,晋宁区生态环境分局,,32,32,20,16,17,67,67,80,78,6,7,2,5,0.5,0.5
2026-09-25T2100,3552A,102.6673,24.9861,昆明市,云天化总部,,23,10,17,3,9,72,72,87,82,5,7,6,6,0.2,0.3
2026-09-25T2100,1456A,91.132,29.6515,拉萨市,八廓街,,32,32,11,16,8,34,34,83,75,42,17,8,8,0.5,0.2
2026-09-25T2100,1457A,91.1221,29.6748,拉萨市,市环保局,,27,27,14,11,6,28,28,75,65,29,17,9,8,0.4,0.3
2026-09-25T2100,1458A,91.0874,29.6476,拉萨市,区监测站,,20,18,9,8,5,41,41,79,71,40,23,7,7,0.3,0.3
2026-09-25T2100,1459A,91.1774,29.6541,拉萨市,西藏大学,,17,17,9,8,6,54,54,82,78,32,17,7,7,0.4,0.2
2026-09-25T2100,1460A,90.9798,29.6586,拉萨市,区辐射站,,27,27,15,7,6,43,43,77,68,30,23,8,7,0.2,0.2
2026-09-25T2100,1461A,91.0831,29.6292,拉萨市,拉萨火车站,,18,12,8,3,6,46,46,82,77,35,14,6,6,0.3,0.3
2026-09-25T2100,2520A,109.2203,23.7252,来宾市,来宾技工学校,NA,NA,98,41,38,20,81,81,108,103,NA,9,86,13,0.7,0.7
2026-09-25T2100,3535A,109.1781,23.7293,来宾市,兴宾区政府,,30,30,32,20,20,77,77,118,109,15,6,7,6,0.7,0.8
2026-09-25T2100,4002A,109.2312,23.7428,来宾市,中南小学,,47,47,34,30,20,89,89,110,106,9,11,61,11,0.6,0.5
2026-09-25T2100,1479A,103.8309,36.0467,兰州市,铁路设计院,颗粒物(PM10),55,57,49,27,22,58,58,92,91,29,38,4,7,0.4,0.9
2026-09-25T2100,3241A,103.7439,36.0841,兰州市,百合公园,,43,43,42,26,20,23,23,99,93,61,38,6,8,0.7,0.8
2026-09-25T2100,3242A,103.9613,35.9985,兰州市,和平,,39,39,26,14,12,55,55,94,91,18,17,11,11,0.3,0.3
2026-09-25T2100,4236A,103.629272,36.093822,兰州市,庄浪东路808号,,44,44,49,22,24,18,18,102,90,70,36,12,12,0.6,0.7
2026-09-25T2100,4237A,103.7251,36.104344,兰州市,安宁西路88号,,48,48,49,29,22,49,49,114,110,36,28,12,11,0.4,0.6
2026-09-25T2100,4238A,103.846982,36.067567,兰州市,北滨河东路1号,NA,NA,61,47,23,22,NA,NA,99,99,19,32,6,6,0.4,0.9
2026-09-25T2100,1067A,116.6712,39.5109,廊坊市,药材公司,细颗粒物(PM2.5),90,68,56,55,40,79,79,100,97,9,14,3,4,0.7,0.7
2026-09-25T2100,1068A,116.7215,39.5592,廊坊市,开发区,细颗粒物(PM2.5),68,67,56,44,36,78,78,114,111,14,15,3,3,0.7,0.7
2026-09-25T2100,1070A,116.7246,39.5273,廊坊市,北华航天学院,细颗粒物(PM2.5),88,56,44,54,39,94,94,115,114,11,16,1,2,0.7,0.7
2026-09-25T2100,2919A,116.7022,39.5454,廊坊市,河北工业大学,细颗粒物(PM2.5),105,NA,44,65,48,106,106,120,120,12,16,3,2,0.8,0.8
2026-09-25T2100,2536A,103.7629,29.5844,乐山市,牛耳桥,,40,33,27,28,20,70,70,87,87,10,10,6,7,0.9,0.9
2026-09-25T2100,2537A,103.7501,29.6002,乐山市,市第三水厂,,38,38,24,23,18,61,61,86,84,18,12,4,5,1.1,0.9
2026-09-25T2100,2538A,103.7571,29.5664,乐山市,市监测站,,36,31,27,25,19,69,69,88,88,12,9,4,4,1.0,1
2026-09-25T2100,3361A,103.7313,29.563,乐山市,理工大学,,30,30,24,20,18,47,47,80,79,14,10,3,7,1.0,0.9
2026-09-25T2100,2599A,100.2497,26.8802,丽江市,丽江古城,,20,16,14,14,9,51,51,67,65,13,9,3,4,0.8,0.7
2026-09-25T2100,2600A,100.2203,26.8906,丽江市,市中心,,17,14,12,3,8,54,54,63,62,12,10,3,5,0.8,0.7
2026-09-25T2100,1267A,119.9141,28.4513,丽水市,监测站大楼,,35,27,37,24,24,66,66,123,100,11,12,6,6,0.6,0.5
2026-09-25T2100,1268A,119.93,28.4589,丽水市,莲都小学,,36,36,39,25,24,56,56,121,101,20,12,/,/,/,/
2026-09-25T2100,1269A,119.8794,28.4232,丽水市,余庄前,,35,35,38,24,26,34,34,145,104,13,13,5,5,0.8,0.8
2026-09-25T2100,1173A,119.1759,34.5885,连云港市,市环境监测站,,26,12,4,7,4,82,82,87,86,12,10,8,8,0.5,0.4
2026-09-25T2100,3000A,119.3577,34.6971,连云港市,德源药业,,30,6,6,3,5,93,93,87,87,9,15,4,5,0.1,0.2
2026-09-25T2100,3007A,119.178,34.8442,连云港市,新城一中,,39,39,19,20,9,52,52,93,82,19,16,11,8,0.7,0.3
2026-09-25T2100,3008A,119.3607,34.7519,连云港市,胡沟管理处,,35,6,4,3,1,110,110,99,99,2,7,9,9,0.3,0.4
2026-09-25T2100,3009A,119.1478,34.5913,连云港市,矿山设计院,,23,17,6,9,4,71,71,86,83,11,7,4,3,0.3,0.3
2026-09-25T2100,3434A,119.2414,34.6539,连云港市,工贸学校,,29,12,8,3,4,92,92,92,92,8,7,8,7,0.3,0.3
2026-09-25T2100,3664A,119.4171,34.734,连云港市,连云街道,NA,NA,7,9,3,5,103,103,94,94,12,13,10,10,NA,0.6
2026-09-25T2100,2573A,102.2629,27.8981,凉山彝族自治州,西昌市政府,,32,23,19,22,16,62,62,84,82,8,9,9,10,0.7,0.7
2026-09-25T2100,2574A,102.2686,27.885,凉山彝族自治州,凉山州政府,,33,31,24,23,16,64,64,86,84,9,8,8,8,0.7,0.6
2026-09-25T2100,4229A,102.2342,27.8859,凉山彝族自治州,凯乐南路30号,,34,34,28,23,17,69,69,81,80,12,15,17,9,0.9,0.8
2026-09-25T2100,2212A,123.1978,41.2036,辽阳市,宏伟区,,32,NA,41,22,30,70,70,78,78,7,22,8,10,0.6,0.8
2026-09-25T2100,2213A,123.1684,41.2497,辽阳市,新华园,,40,36,60,28,35,59,59,70,70,13,31,10,15,0.8,1.1
2026-09-25T2100,2214A,123.2355,41.2663,辽阳市,滨河路,,46,46,54,26,32,49,49,62,62,12,30,7,9,0.6,0.9
2026-09-25T2100,4083A,123.153,41.2874,辽阳市,铁西路150号,,39,37,64,27,36,61,61,70,70,15,31,6,13,1.0,1.3
2026-09-25T2100,2227A,125.1359,42.8845,辽源市,环保局,,23,22,26,16,15,4,4,21,10,18,23,7,6,0.6,0.6
2026-09-25T2100,4085A,125.0998,42.9134,辽源市,安宁大街333号,,25,24,26,17,16,6,6,26,11,15,21,5,4,0.6,0.6
2026-09-25T2100,1625A,115.9789,36.4372,聊城市,区政府,细颗粒物(PM2.5),52,46,55,36,45,72,72,120,114,22,12,6,7,0.6,0.6
2026-09-25T2100,3200A,115.9772,36.4986,聊城市,监控中心,细颗粒物(PM2.5),60,42,54,40,51,88,88,136,127,22,17,7,7,0.4,0.4
2026-09-25T2100,3513A,116.0443,36.436,聊城市,九州社区,颗粒物(PM10),57,59,67,29,38,90,90,134,129,17,11,8,7,0.6,0.6
2026-09-25T2100,4018A,116.0564,36.4609,聊城市,星美广场,颗粒物(PM10),53,53,65,33,45,90,90,131,126,10,9,6,6,0.4,0.4
2026-09-25T2100,4113A,116.0091,36.4495,聊城市,利民路,颗粒物(PM10),55,57,64,37,40,90,90,136,132,18,12,9,9,0.7,0.7
2026-09-25T2100,2632A,94.3683,29.6373,林芝市,林芝监测站,,20,9,5,6,4,63,63,65,65,3,4,5,5,0.3,0.3
2026-09-25T2100,2633A,94.3616,29.6634,林芝市,林芝人民医院,NA,NA,10,8,3,6,NA,NA,69,69,5,5,5,4,0.3,0.3
2026-09-25T2100,2603A,100.0779,23.8981,临沧市,市环保局,,32,22,17,22,12,52,52,72,68,10,10,10,10,0.5,0.4
2026-09-25T2100,2604A,100.0894,23.882,临沧市,市气象局,,26,23,21,18,15,51,51,78,73,10,8,11,10,0.9,0.7
2026-09-25T2100,1733A,111.5552,36.0791,临汾市,临钢医院,,32,31,32,22,26,48,48,104,96,30,15,6,7,0.6,0.7
2026-09-25T2100,1734A,111.4984,36.0734,临汾市,技工学校,颗粒物(PM10),64,69,41,38,33,47,47,99,92,36,13,6,6,0.8,0.8
2026-09-25T2100,1736A,111.5017,36.0857,临汾市,市委,颗粒物(PM10),62,66,54,30,26,47,47,104,96,30,12,5,5,0.7,0.8
2026-09-25T2100,3018A,111.5048,36.1015,临汾市,唐尧大酒店,颗粒物(PM10),55,57,42,30,26,54,54,97,91,27,12,8,7,0.8,0.9
2026-09-25T2100,4244A,111.4879,36.053,临汾市,启星学校,细颗粒物(PM2.5),78,55,36,49,35,38,38,93,82,36,14,6,6,0.7,0.7
2026-09-25T2100,4271A,103.2464,35.6123,临夏回族自治州,滨河东路1号,,45,45,56,27,28,30,30,72,70,33,16,10,9,0.5,0.5
2026-09-25T2100,4310A,103.207136,35.599807,临夏回族自治州,新华街21号,细颗粒物(PM2.5),60,45,50,40,30,35,35,76,73,30,16,9,9,0.7,0.5
2026-09-25T2100,1618A,118.3429,35.0532,临沂市,沂河小区,,20,12,14,3,6,63,63,78,74,11,12,6,6,0.4,0.5
2026-09-25T2100,1619A,118.2962,35.0568,临沂市,鲁南制药厂,,22,9,7,7,6,68,68,86,81,10,10,7,7,0.5,0.6
2026-09-25T2100,1620A,118.2793,34.9976,临沂市,新光毛纺厂,,18,6,5,3,7,56,56,74,66,21,21,2,2,0.2,0.4
2026-09-25T2100,1621A,118.3955,35.0889,临沂市,河东保险公司,,18,12,13,3,9,55,55,78,70,12,14,1,3,0.2,0.3
2026-09-25T2100,3370A,118.3563,35.0215,临沂市,十里堡居委,,22,NA,5,3,7,69,69,82,78,11,14,9,8,0.5,0.6
2026-09-25T2100,3496A,118.359,35.1067,临沂市,南坊新区,,19,19,11,13,11,58,58,84,78,11,11,1,2,0.4,0.4
2026-09-25T2100,3860A,118.3915,35.0297,临沂市,皇山花园小区,,20,17,10,3,7,63,63,78,73,18,19,4,3,0.5,0.6
2026-09-25T2100,1870A,109.4854,24.3898,柳州市,柳东小学,,34,30,48,14,21,106,106,112,109,5,12,5,6,0.6,0.7
2026-09-25T2100,1871A,109.4109,24.3304,柳州市,环保监测站,,30,20,33,17,20,93,93,103,102,11,9,6,6,0.7,0.8
2026-09-25T2100,1872A,109.3886,24.3408,柳州市,河西水厂,,32,32,35,19,19,94,94,96,96,12,12,6,9,0.6,0.7
2026-09-25T2100,1873A,109.4263,24.2951,柳州市,市四中,,29,27,38,18,21,90,90,110,106,8,6,7,7,0.6,0.6
2026-09-25T2100,1874A,109.396,24.3658,柳州市,市九中,,40,40,34,19,21,96,96,102,101,11,10,7,7,0.5,0.5
2026-09-25T2100,1875A,109.4912,24.3164,柳州市,古亭山,,28,26,33,19,19,62,62,103,92,14,13,4,5,0.7,0.7
2026-09-25T2100,3402A,109.5422,24.3994,柳州市,市二中,,26,18,36,14,22,82,82,110,98,9,19,8,9,0.6,0.6
2026-09-25T2100,2307A,116.5078,31.7369,六安市,监测大楼,,23,NA,35,16,30,39,39,77,66,11,9,3,3,0.5,0.6
2026-09-25T2100,2308A,116.4738,31.7642,六安市,皖西学院,,23,18,42,16,30,44,44,84,70,11,8,7,8,0.4,0.6
2026-09-25T2100,2309A,116.4997,31.7904,六安市,朝阳厂,,25,NA,33,17,29,34,34,69,58,11,10,3,2,0.4,0.5
2026-09-25T2100,2310A,116.5566,31.7885,六安市,开发区,,28,NA,41,19,30,38,38,90,74,13,10,6,6,0.5,0.5
2026-09-25T2100,2577A,104.8293,26.592,六盘水市,黄土坡,,36,NA,22,25,24,101,101,108,108,9,7,4,4,0.3,0.3
2026-09-25T2100,2579A,104.8481,26.5898,六盘水市,民中,,32,21,18,19,16,100,100,106,106,7,6,1,1,0.4,0.3
2026-09-25T2100,2580A,104.9541,26.5506,六盘水市,双水,,27,24,19,18,16,85,85,105,103,8,6,5,6,0.3,0.3
2026-09-25T2100,4151A,104.8899,26.5685,六盘水市,钟山大道中段564号,,31,29,28,21,15,97,97,104,104,5,5,5,4,0.5,0.5
2026-09-25T2100,2336A,117.022,25.1031,龙岩市,龙岩市监测站,,32,22,35,22,26,78,78,110,98,8,9,8,8,0.4,0.4
2026-09-25T2100,2337A,117.0257,25.0662,龙岩市,闽西职业技术学院,,30,30,40,20,25,66,66,111,95,6,6,9,7,0.5,0.5
2026-09-25T2100,2338A,117.0195,25.0306,龙岩市,龙岩学院,,30,22,34,21,24,61,61,109,90,5,7,4,6,/,/
2026-09-25T2100,2885A,104.9344,33.3827,陇南市,滨江中学,,45,45,33,11,9,30,30,66,63,25,14,9,9,0.6,0.6
2026-09-25T2100,3247A,104.9551,33.3709,陇南市,市总工会,,28,28,29,3,5,57,57,72,72,4,7,8,8,0.5,0.6
2026-09-25T2100,2488A,111.9984,27.7346,娄底市,市监测站,细颗粒物(PM2.5),60,41,53,40,41,66,66,86,82,7,14,4,4,0.7,0.7
2026-09-25T2100,2491A,111.9888,27.7035,娄底市,市政府,细颗粒物(PM2.5),68,52,51,44,44,62,62,97,93,11,9,5,5,0.6,0.7
2026-09-25T2100,4127A,111.9812,27.7591,娄底市,涟钢职大,细颗粒物(PM2.5),60,NA,42,40,36,82,82,110,103,9,16,5,6,1.0,1.2
2026-09-25T2100,4128A,112.0303,27.7457,娄底市,娄底体校,细颗粒物(PM2.5),88,68,48,54,32,57,57,114,105,8,7,3,4,0.8,0.8
2026-09-25T2100,1894A,105.4427,28.9063,泸州市,小市上码头,细颗粒物(PM2.5),88,73,39,54,26,65,65,87,86,11,10,7,6,0.8,0.7
2026-09-25T2100,1895A,105.4241,28.8573,泸州市,兰田宪桥,细颗粒物(PM2.5),76,71,42,48,25,61,61,78,76,12,11,7,7,0.8,0.6
2026-09-25T2100,1896A,105.4378,28.8833,泸州市,市环监站,细颗粒物(PM2.5),76,66,32,48,25,67,67,80,79,9,10,6,6,1.0,0.9
2026-09-25T2100,4325A,105.3665,28.77434,泸州市,纳溪区委政协,细颗粒物(PM2.5),103,NA,37,63,35,61,61,75,74,14,15,5,5,0.9,0.8
2026-09-25T2100,2183A,111.1447,37.5212,吕梁市,环保局,颗粒物(PM10),51,51,49,34,34,22,22,110,92,51,34,3,3,0.8,0.8
2026-09-25T2100,2185A,111.1285,37.5338,吕梁市,自来水公司,,38,32,48,26,35,78,78,117,110,14,26,2,3,0.6,0.8
2026-09-25T2100,2867A,111.1225,37.5093,吕梁市,马茂庄小学,颗粒物(PM10),58,60,51,28,36,59,59,118,106,20,33,2,2,0.7,0.9
2026-09-25T2100,1812A,112.3934,34.6517,洛阳市,市委党校,,37,37,24,25,21,48,48,98,80,13,10,8,9,0.5,0.5
2026-09-25T2100,1815A,112.494,34.6883,洛阳市,河南林校,,44,44,28,30,18,38,38,89,76,20,12,8,8,0.4,0.3
2026-09-25T2100,1816A,112.3843,34.623,洛阳市,开发区管委会,,29,26,22,20,20,28,28,99,65,14,7,7,7,0.5,0.4
2026-09-25T2100,1817A,112.4263,34.6249,洛阳市,市委新办公区,,36,36,25,23,20,36,36,90,69,13,9,11,10,0.5,0.4
2026-09-25T2100,3340A,112.6005,34.6323,洛阳市,伊滨,,41,41,23,23,19,52,52,97,81,20,14,7,7,0.3,0.3
2026-09-25T2100,3341A,112.495,34.6338,洛阳市,中移产业园,NA,NA,28,23,26,22,NA,NA,90,78,NA,8,NA,9,NA,0.3
2026-09-25T2100,3593A,112.5736,34.8993,洛阳市,吉利监测站,NA,NA,NA,26,NA,19,60,60,93,88,16,8,8,8,0.3,0.3
2026-09-25T2100,3635A,112.3678,34.6623,洛阳市,河科大西苑校区,,33,32,24,23,19,64,64,105,89,14,13,6,6,0.7,0.6
2026-09-25T2100,3636A,112.4387,34.678,洛阳市,英才小学,,36,32,22,25,19,61,61,91,85,15,10,7,7,0.6,0.5
2026-09-25T2100,4214A,112.460027,34.694929,洛阳市,春都路1号院,,37,37,21,21,21,60,60,88,84,18,12,9,8,0.7,0.6
2026-09-25T2100,2399A,114.051,33.5721,漯河市,三五一五工厂,NA,NA,NA,21,33,19,62,62,67,66,18,14,5,5,0.8,0.8
2026-09-25T2100,2400A,114.0055,33.5698,漯河市,漯河大学,,42,NA,18,29,20,62,62,66,66,18,15,6,6,0.7,0.7
2026-09-25T2100,2401A,114.0134,33.5826,漯河市,市水利局,,46,NA,18,32,18,63,63,67,67,14,11,7,7,0.9,0.9
2026-09-25T2100,2402A,114.0261,33.5697,漯河市,市广电局,,46,NA,16,32,20,64,64,66,66,16,14,4,3,0.5,0.5
2026-09-25T2100,3478A,113.9691,33.568,漯河市,市图书馆,,42,NA,21,29,16,67,67,72,71,13,11,7,7,0.6,0.7
2026-09-25T2100,4250A,114.089259,33.588274,漯河市,韶山路11号,,33,NA,25,23,18,51,51,62,61,17,15,8,8,0.3,0.4
2026-09-25T2100,1798A,118.5084,31.6838,马鞍山市,湖东路四小,细颗粒物(PM2.5),62,53,55,41,32,76,76,134,114,14,18,8,10,0.9,0.9
2026-09-25T2100,1799A,118.5019,31.6449,马鞍山市,开发区,细颗粒物(PM2.5),72,57,51,46,33,91,91,135,115,14,23,9,9,0.8,0.8
2026-09-25T2100,3633A,118.4914,31.681,马鞍山市,雨山,颗粒物(PM10),52,52,43,34,26,78,78,133,111,15,19,7,6,0.9,0.9
2026-09-25T2100,4191A,118.527362,31.722269,马鞍山市,慈湖高新区,细颗粒物(PM2.5),80,68,56,50,31,65,65,129,109,21,19,6,7,0.6,0.7
2026-09-25T2100,1686A,111.0285,21.469,茂名市,电白南海,,31,31,34,8,13,58,58,89,71,4,5,3,4,0.7,0.7
2026-09-25T2100,1687A,110.9294,21.6533,茂名市,茂石化七小,,29,29,30,11,16,54,54,84,69,5,3,2,3,0.5,0.5
2026-09-25T2100,1688A,110.9108,21.6688,茂名市,健康路,,20,12,18,9,15,64,64,97,81,6,6,4,6,0.5,0.5
2026-09-25T2100,1689A,110.8592,21.6826,茂名市,高岭,,24,24,31,14,17,58,58,96,78,6,7,4,11,/,/
2026-09-25T2100,3450A,111.0101,21.5165,茂名市,电白水东,,17,12,20,9,14,52,52,77,63,4,6,4,6,/,/
2026-09-25T2100,2540A,103.8414,30.0871,眉山市,气象局,,36,36,28,15,14,63,63,90,90,17,15,8,9,1.1,1.1
2026-09-25T2100,3148A,103.829,30.0563,眉山市,区人社局,,46,46,38,10,14,58,58,89,87,19,17,7,8,1.0,1
2026-09-25T2100,4148A,103.8836,30.0695,眉山市,眉职院,颗粒物(PM10),55,56,33,31,14,70,70,82,82,14,13,8,8,1.2,1
2026-09-25T2100,1690A,116.1248,24.3307,梅州市,梅江月梅,颗粒物(PM10),51,51,40,21,29,71,71,113,104,10,10,/,/,/,/
2026-09-25T2100,1691A,116.0798,24.2719,梅州市,梅县新城,,45,32,40,31,27,46,46,111,96,15,11,9,10,0.7,0.6
2026-09-25T2100,3315A,116.1234,24.2994,梅州市,梅龙,,45,36,40,31,27,61,61,116,104,14,10,17,9,0.9,0.8
2026-09-25T2100,1878A,104.7775,31.4741,绵阳市,富乐山,,16,16,21,6,7,39,39,61,59,10,14,10,10,0.8,0.9
2026-09-25T2100,1880A,104.6698,31.4668,绵阳市,高新区自来水公司,,23,23,23,9,10,36,36,70,69,21,18,9,9,1.1,1.1
2026-09-25T2100,3491A,104.6899,31.5324,绵阳市,西科大附属小学,,27,27,20,13,10,34,34,74,74,30,18,9,9,0.7,0.7
2026-09-25T2100,3492A,104.5647,31.5343,绵阳市,安州区旅游局,NA,NA,NA,13,NA,7,23,23,68,66,NA,12,1,5,0.6,0.4
2026-09-25T2100,4146A,104.7092,31.4972,绵阳市,科技城新区公安局,,18,18,22,12,9,43,43,77,76,26,24,10,10,0.9,0.8
2026-09-25T2100,4226A,104.765114,31.453094,绵阳市,绵阳市气象局,,22,22,20,7,9,47,47,68,67,11,19,6,6,0.8,0.8
2026-09-25T2100,1784A,129.61,44.561,牡丹江市,环保大楼,,17,17,19,9,8,12,12,23,16,10,16,6,6,0.2,0.2
2026-09-25T2100,1787A,129.6364,44.6075,牡丹江市,机车工厂,,32,32,40,10,11,6,6,21,16,14,20,7,6,0.3,0.2
2026-09-25T2100,1788A,129.6386,44.5462,牡丹江市,第一中学,,27,27,20,8,5,14,14,28,18,6,11,3,3,0.4,0.4
2026-09-25T2100,4287A,129.5992,44.5964,牡丹江市,东晓云街98号,,33,33,35,17,12,8,8,16,14,11,15,6,7,0.6,0.4
2026-09-25T2100,2531A,105.0703,29.61,内江市,市监测站,,50,NA,24,35,23,40,40,72,66,18,11,6,6,0.8,0.6
2026-09-25T2100,2533A,105.0657,29.5807,内江市,内江二中,,48,48,33,18,19,47,47,76,71,16,14,6,8,0.6,0.4
2026-09-25T2100,2534A,105.0407,29.5828,内江市,内江日报社,,32,26,18,22,20,58,58,74,71,13,11,7,5,0.4,0.3
2026-09-25T2100,4147A,105.0433,29.6105,内江市,玉峰路西段888号,,33,28,25,23,19,52,52,73,70,13,9,7,6,0.6,0.5
2026-09-25T2100,2628A,92.0653,31.4846,那曲市,那曲监测站,,43,43,20,30,19,79,79,112,98,25,16,6,5,0.7,0.7
2026-09-25T2100,4243A,92.0515,31.4787,那曲市,那曲市委宣传部,,31,11,10,3,14,98,98,113,107,9,12,3,3,0.3,0.5
2026-09-25T2100,1291A,115.8887,28.7006,南昌市,省林业公司,细颗粒物(PM2.5),60,44,41,40,34,120,120,135,130,5,19,8,6,0.5,0.6
2026-09-25T2100,1292A,115.813,28.7443,南昌市,林科所,细颗粒物(PM2.5),60,41,28,40,29,70,70,124,113,36,17,9,8,1.0,1
2026-09-25T2100,1294A,115.8518,28.687,南昌市,建工学校,NA,NA,NA,46,NA,33,NA,NA,128,126,NA,23,NA,9,NA,1.1
2026-09-25T2100,1295A,115.8926,28.6425,南昌市,象湖,细颗粒物(PM2.5),62,48,34,41,34,95,95,112,110,14,25,10,9,0.9,1
2026-09-25T2100,3046A,115.9084,28.6062,南昌市,机电学校,细颗粒物(PM2.5),82,65,48,51,37,96,96,134,126,10,16,10,10,0.5,0.6
2026-09-25T2100,3690A,115.9718,28.7032,南昌市,外国语学校,细颗粒物(PM2.5),68,61,44,44,33,100,100,124,116,12,18,15,9,0.8,1
2026-09-25T2100,4106A,115.7923,28.6873,南昌市,工业二路,细颗粒物(PM2.5),82,71,47,51,32,66,66,121,112,27,20,10,7,0.8,0.8
2026-09-25T2100,4192A,115.931587,28.686774,南昌市,南京东路235号,细颗粒物(PM2.5),62,NA,33,41,34,117,117,129,126,7,17,6,5,1.0,0.7
2026-09-25T2100,1906A,106.0791,30.8022,南充市,南充市委,,20,20,18,11,10,33,33,60,56,12,12,6,6,0.5,0.5
2026-09-25T2100,1907A,106.1038,30.8215,南充市,南充炼油厂,NA,NA,22,17,10,11,NA,NA,68,65,8,12,6,6,0.4,0.4
2026-09-25T2100,4227A,106.108336,30.788436,南充市,梨树横街98号,,22,22,18,12,10,40,40,69,65,12,11,7,8,0.5,0.5
2026-09-25T2100,4304A,106.1172,30.843,南充市,清泉寺北路188号,,22,22,17,9,9,46,46,65,62,5,9,9,9,0.5,0.6
2026-09-25T2100,4305A,106.067,30.7616,南充市,同庆路1号,,24,24,19,12,11,36,36,62,58,13,13,8,8,0.5,0.5
2026-09-25T2100,1151A,118.8033,32.1085,南京市,迈皋桥,细颗粒物(PM2.5),90,NA,41,55,29,57,57,146,122,15,15,22,8,1.1,1
2026-09-25T2100,1152A,118.7487,32.057,南京市,草场门,细颗粒物(PM2.5),96,68,46,58,27,55,55,143,116,26,19,22,9,1.6,1
2026-09-25T2100,1154A,118.770105,32.004342,南京市,中华门,细颗粒物(PM2.5),88,66,41,54,25,53,53,135,112,11,9,8,6,1.1,0.5
2026-09-25T2100,1155A,118.8059,32.0329,南京市,瑞金路,细颗粒物(PM2.5),98,66,46,59,28,53,53,134,110,17,16,4,4,0.8,0.6
2026-09-25T2100,1156A,118.7946,32.0774,南京市,玄武湖,细颗粒物(PM2.5),82,63,45,51,23,57,57,148,116,21,16,10,4,0.8,0.5
2026-09-25T2100,1157A,118.6415,32.0964,南京市,浦口,NA,NA,NA,41,NA,24,NA,NA,133,114,NA,21,NA,7,NA,0.9
2026-09-25T2100,1158A,118.730129,32.000956,南京市,奥体中心,细颗粒物(PM2.5),101,64,48,61,25,64,64,150,124,22,20,15,8,1.6,0.8
2026-09-25T2100,1159A,118.9072,32.1047,南京市,仙林大学城,细颗粒物(PM2.5),68,NA,47,44,25,60,60,136,110,17,17,5,5,0.6,0.6
2026-09-25T2100,3422A,118.8443,31.919,南京市,江宁彩虹桥,细颗粒物(PM2.5),88,58,43,54,25,77,77,145,129,3,7,3,6,0.5,0.5
2026-09-25T2100,3427A,118.8497,32.3599,南京市,六合雄州,,37,37,43,25,25,49,49,129,91,12,18,3,6,1.0,1
2026-09-25T2100,4086A,118.7641,32.0841,南京市,新模范马路66号,细颗粒物(PM2.5),88,63,48,54,23,58,58,153,122,26,20,11,5,0.9,0.5
2026-09-25T2100,4249A,118.8707617,31.34017673,南京市,汶溪路181号,,50,43,35,35,22,103,103,119,118,12,14,1,3,0.9,0.6
2026-09-25T2100,4312A,119.019,31.6512,南京市,中山西路1号,,32,31,39,22,20,95,95,125,122,7,15,3,4,0.9,0.8
2026-09-25T2100,1401A,108.3098,22.788,南宁市,二十一中,,29,29,23,17,14,73,73,90,82,8,8,4,5,1.0,0.9
2026-09-25T2100,1402A,108.3135,22.8529,南宁市,北湖,,29,29,24,17,16,68,68,94,85,5,5,4,5,0.7,0.7
2026-09-25T2100,1403A,108.3205,22.8222,南宁市,市监测站,,29,29,24,12,13,72,72,94,85,5,6,6,6,0.8,0.7
2026-09-25T2100,1404A,108.3828,22.8038,南宁市,大自然花园,,24,21,24,14,14,76,76,96,84,8,9,5,5,0.7,0.7
2026-09-25T2100,1406A,108.2397,22.8462,南宁市,区农职院,,27,27,24,17,15,72,72,98,89,6,6,7,7,0.5,0.5
2026-09-25T2100,1407A,108.3285,22.7356,南宁市,英华嘉园,,30,30,33,14,16,65,65,82,73,9,10,6,6,0.6,0.7
2026-09-25T2100,3401A,108.4829,22.762,南宁市,红星社区,,31,31,27,16,16,76,76,101,87,6,8,8,8,0.8,0.8
2026-09-25T2100,4132A,108.2927,23.1477,南宁市,起凤路9号,,23,22,28,13,19,73,73,98,94,11,10,6,6,0.6,0.6
2026-09-25T2100,4221A,108.2177,22.7774,南宁市,乐贤路16号,,29,29,31,17,16,59,59,82,72,14,15,10,8,0.8,0.7
2026-09-25T2100,2332A,118.1682,26.6371,南平市,南平市监测站,,25,24,26,17,13,46,46,98,82,13,8,4,4,0.6,0.6
2026-09-25T2100,2334A,118.1757,26.6276,南平市,南平七中,,32,23,30,22,18,50,50,100,82,9,7,4,4,0.7,0.6
2026-09-25T2100,1168A,120.9056,31.9669,南通市,狼山街道,,35,24,27,24,18,82,82,143,125,21,16,6,6,1.0,0.8
2026-09-25T2100,1170A,120.8635,32.0231,南通市,城中,,43,38,38,30,17,94,94,149,138,12,13,2,2,0.5,0.4
2026-09-25T2100,1171A,120.9376,31.9301,南通市,星湖花园,,36,28,30,25,19,64,64,152,133,37,15,4,5,1.0,0.8
2026-09-25T2100,1172A,120.8053,32.046,南通市,紫琅学院,,33,27,32,23,18,90,90,121,110,12,22,3,4,1.0,0.8
2026-09-25T2100,3291A,121.0631,32.0644,南通市,通州监测站,细颗粒物(PM2.5),84,NA,34,52,21,82,82,147,140,21,13,2,2,1.1,0.7
2026-09-25T2100,3432A,120.9348,31.9874,南通市,环境教育馆,,45,44,34,31,18,84,84,148,136,14,18,6,6,0.8,0.5
2026-09-25T2100,4091A,120.8692,31.9885,南通市,洪江路,,32,NA,25,22,18,81,81,132,118,19,15,5,5,0.9,0.7
2026-09-25T2100,2404A,112.5338,33.0086,南阳市,瓦房庄,,23,20,16,16,5,70,70,81,76,11,9,6,6,0.7,0.7
2026-09-25T2100,2405A,112.5002,32.9734,南阳市,汉画馆,,22,22,14,14,5,64,64,78,73,8,6,7,7,0.8,0.8
2026-09-25T2100,2406A,112.5778,33.0144,南阳市,气象站,,20,NA,6,13,6,63,63,76,72,11,8,7,7,0.7,0.7
2026-09-25T2100,2407A,112.548,32.9687,南阳市,理工学院,,23,17,12,11,7,72,72,79,75,11,9,9,9,0.8,0.8
2026-09-25T2100,4008A,112.5233,32.9921,南阳市,卧龙区政府,,22,18,10,12,6,70,70,79,75,9,7,6,6,0.9,0.9
2026-09-25T2100,1234A,121.8352,29.9111,宁波市,区环保大楼,,30,30,34,12,13,73,73,97,88,8,12,6,6,0.4,0.4
2026-09-25T2100,1235A,121.5595,29.8208,宁波市,万里学院,,33,33,36,16,15,69,69,113,99,10,5,6,7,0.5,0.5
2026-09-25T2100,1236A,121.713,29.9564,宁波市,龙赛医院,,35,35,37,15,16,73,73,107,95,8,13,7,8,0.6,0.6
2026-09-25T2100,1240A,121.5855,29.8635,宁波市,太古小学,,30,30,32,14,14,69,69,107,93,4,7,5,6,0.6,0.6
2026-09-25T2100,1241A,121.5239,29.8673,宁波市,市环境监测中心,,38,38,35,19,17,73,73,120,105,8,8,10,11,0.7,0.7
2026-09-25T2100,2871A,121.6156,29.9015,宁波市,万里国际学校,,28,28,29,16,17,72,72,109,95,4,6,9,10,0.6,0.6
2026-09-25T2100,3710A,121.5593,29.8976,宁波市,白沙活动中心,,26,26,25,17,17,66,66,107,94,8,11,10,12,0.2,0.3
2026-09-25T2100,4095A,121.8962,29.7529,宁波市,中科路88号,,25,23,25,8,9,80,80,98,94,2,5,8,8,0.5,0.5
2026-09-25T2100,2341A,119.5387,26.6611,宁德市,宁德市监测站,,30,18,28,11,16,93,93,123,114,8,9,11,11,0.7,0.7
2026-09-25T2100,3209A,119.5231,26.6562,宁德市,宁德一中,,31,26,32,14,21,97,97,123,116,4,6,5,5,0.4,0.5
2026-09-25T2100,2618A,98.859,25.8541,怒江傈僳族自治州,州监测站,,38,34,27,26,15,44,44,74,71,11,8,5,6,0.6,0.5
2026-09-25T2100,2619A,98.8607,25.8168,怒江傈僳族自治州,泸水一中,,35,NA,20,24,15,46,46,68,66,10,11,5,5,0.7,0.6
2026-09-25T2100,1888A,101.6891,26.571,攀枝花市,弄弄坪,,34,34,30,15,13,67,67,83,80,11,14,4,8,0.3,0.5
2026-09-25T2100,1889A,101.577,26.5914,攀枝花市,河门口,,42,42,31,21,17,57,57,95,85,13,13,14,12,0.7,0.9
2026-09-25T2100,1891A,101.7365,26.4986,攀枝花市,仁和,,38,37,20,26,15,43,43,70,64,11,8,6,6,0.8,0.7
2026-09-25T2100,2835A,101.7222,26.567,攀枝花市,四十中小,,24,24,25,15,14,66,66,82,78,16,16,6,14,0.9,0.8
2026-09-25T2100,1604A,122.0303,41.1489,盘锦市,开发区,细颗粒物(PM2.5),96,NA,39,58,32,99,99,87,87,9,17,5,7,0.7,0.6
2026-09-25T2100,1605A,122.0486,41.0883,盘锦市,兴隆台,,46,32,39,32,24,100,100,84,84,14,22,4,7,0.8,0.7
2026-09-25T2100,1606A,121.8297,41.1026,盘锦市,新生街道,细颗粒物(PM2.5),133,NA,31,96,51,80,80,88,88,11,20,5,8,0.7,0.6
2026-09-25T2100,1832A,113.3257,33.7423,平顶山市,新华旅馆,,38,34,18,26,14,68,68,81,75,14,11,8,8,0.6,0.6
2026-09-25T2100,1833A,113.2917,33.737,平顶山市,规划设计院,,45,32,14,31,14,46,46,76,69,17,14,8,7,0.8,0.7
2026-09-25T2100,1834A,113.182,33.7738,平顶山市,平顶山工学院,,33,30,18,23,20,39,39,74,59,21,10,11,9,0.8,0.7
2026-09-25T2100,3594A,112.8736,33.9068,平顶山市,石龙区,,17,NA,7,11,12,52,52,78,71,12,10,10,7,0.8,0.8
2026-09-25T2100,4116A,113.284,33.7139,平顶山市,姚电大道23号,,40,40,19,25,18,50,50,74,68,17,14,8,8,0.8,0.7
2026-09-25T2100,2656A,106.6633,35.5338,平凉市,聚贤嘉苑,,22,22,34,11,15,45,45,56,56,13,18,9,10,0.8,0.7
2026-09-25T2100,2657A,106.7021,35.5307,平凉市,博物馆,,37,37,37,13,16,29,29,62,60,33,20,9,10,1.4,0.8
2026-09-25T2100,2348A,113.8384,27.6436,萍乡市,中医院,,35,25,44,24,35,52,52,102,86,17,18,9,11,1.0,1.2
2026-09-25T2100,2350A,113.8677,27.6438,萍乡市,市环保局,,45,45,44,27,41,58,58,108,89,14,16,14,14,0.5,1
2026-09-25T2100,2351A,113.8663,27.6202,萍乡市,安源区政府,,33,31,45,23,38,53,53,100,84,12,13,12,9,0.7,0.8
2026-09-25T2100,4107A,113.8686,27.6668,萍乡市,联洪村委会,,46,46,50,27,38,58,58,101,85,11,11,10,11,0.4,0.6
2026-09-25T2100,2319A,119.0142,25.4324,莆田市,荔城区仓后路,,32,32,34,14,23,81,81,135,119,8,7,/,/,/,/
2026-09-25T2100,2320A,119.0016,25.4553,莆田市,莆田市监测站,,27,25,30,13,19,85,85,138,125,6,5,6,6,0.7,0.8
2026-09-25T2100,2321A,119.112,25.4561,莆田市,涵江区六中,,30,24,34,6,18,93,93,127,113,3,6,/,/,0.4,0.6
2026-09-25T2100,2322A,119.1014,25.3215,莆田市,秀屿区政府,,28,17,32,12,22,88,88,125,109,2,5,3,3,0.5,0.6
2026-09-25T2100,2392A,115.0312,35.7636,濮阳市,环保局,,42,35,34,29,31,78,78,102,98,15,10,2,3,0.7,0.8
2026-09-25T2100,3021A,115,35.7667,濮阳市,濮水河管理处,,42,38,44,29,29,53,53,88,76,15,12,5,5,0.7,0.6
2026-09-25T2100,4118A,115.0552,35.7816,濮阳市,中原东路68号,,47,47,51,32,28,93,93,112,110,15,9,8,6,0.6,0.6
2026-09-25T2100,4216A,115.0923632,35.76857718,濮阳市,任丘路479号,颗粒物(PM10),56,58,57,35,35,76,76,108,105,19,11,6,5,0.6,0.7
2026-09-25T2100,2601A,100.9801,22.7634,普洱市,市环保局,,37,37,29,17,12,56,56,92,84,6,5,7,7,0.8,0.8
2026-09-25T2100,2602A,100.9763,22.8237,普洱市,普洱第二中学,,34,34,29,20,13,56,56,94,87,11,8,9,9,0.8,0.7
2026-09-25T2100,3345A,131.0413,45.7795,七台河市,中波台,,20,14,14,7,6,64,64,76,70,7,13,3,3,0.5,0.4
2026-09-25T2100,3637A,131.0136,45.7688,七台河市,人民广场,,21,21,20,10,5,52,52,67,58,11,13,5,5,0.4,0.4
2026-09-25T2100,3684A,130.8639,45.8144,七台河市,新建矿广场,NA,NA,24,25,12,5,NA,NA,71,56,23,16,7,8,0.7,0.2
2026-09-25T2100,1779A,123.9307,47.3641,齐齐哈尔市,安居小区,,33,33,28,8,5,51,51,64,60,13,13,4,5,0.4,0.4
2026-09-25T2100,1780A,123.9497,47.3389,齐齐哈尔市,中心广场,NA,NA,NA,16,3,4,54,54,68,65,15,14,3,4,0.2,0.2
2026-09-25T2100,1781A,123.9483,47.3229,齐齐哈尔市,农牧车辆厂,,29,29,26,3,4,54,54,65,64,9,11,5,6,0.1,0.4
2026-09-25T2100,1783A,123.9442,47.2994,齐齐哈尔市,市环境监测站,,16,6,21,3,4,49,49,70,65,11,11,4,4,0.3,0.2
2026-09-25T2100,3662A,123.6341,47.2079,齐齐哈尔市,富区青少年活动中心,,19,19,27,6,6,50,50,68,66,11,13,4,17,0.7,1.2
2026-09-25T2100,2591A,107.9765,26.5724,黔东南苗族侗族自治州,市环境监测站,,29,18,22,15,18,90,90,94,94,3,3,3,3,0.4,0.5
2026-09-25T2100,2881A,107.8909,26.531,黔东南苗族侗族自治州,凯里学院,,30,NA,16,17,19,96,96,100,100,2,2,4,4,0.5,0.5
2026-09-25T2100,2593A,107.5223,26.2371,黔南布依族苗族自治州,小围寨,,28,19,15,13,15,88,88,96,95,4,4,7,5,0.6,0.6
2026-09-25T2100,3538A,107.5175,26.2977,黔南布依族苗族自治州,沙坝,,26,22,18,14,14,82,82,90,89,3,4,3,3,0.6,0.6
2026-09-25T2100,2589A,104.9022,25.0943,黔西南布依族苗族自治州,场坝街,,32,32,23,20,17,79,79,83,83,8,3,6,6,0.4,0.4
2026-09-25T2100,2590A,104.8812,25.0994,黔西南布依族苗族自治州,坪东大道,,43,NA,24,30,22,69,69,80,79,10,6,5,4,0.5,0.4
2026-09-25T2100,2502A,108.6238,21.9667,钦州市,市环保站,,17,17,22,9,11,45,45,82,70,12,8,11,10,0.7,0.6
2026-09-25T2100,2503A,108.655,21.9481,钦州市,沙埠小学,,28,25,31,19,14,39,39,80,66,15,9,29,10,0.4,0.4
2026-09-25T2100,2504A,108.5989,21.7435,钦州市,港区一小,,34,34,35,10,13,58,58,76,65,10,10,4,6,0.5,0.6
2026-09-25T2100,3404A,108.5959,21.9634,钦州市,北职校,,20,20,28,3,10,47,47,82,68,7,7,9,10,0.4,0.5
2026-09-25T2100,1046A,119.5247,39.9346,秦皇岛市,建设大厦,NA,NA,NA,0,56,38,NA,NA,NA,NA,13,12,NA,11,0.6,0.6
2026-09-25T2100,3132A,119.5979,39.938,秦皇岛市,文明里,颗粒物(PM10),65,70,49,40,17,122,122,117,117,4,15,4,5,0.6,0.4
2026-09-25T2100,4066A,119.7458,39.9952,秦皇岛市,南园路157号,颗粒物(PM10),64,69,44,36,15,126,126,127,127,6,16,6,8,0.6,0.4
2026-09-25T2100,4067A,119.5131,39.8858,秦皇岛市,翠岛大街1号,细颗粒物(PM2.5),54,48,34,37,15,122,122,123,123,7,14,8,9,0.4,0.4
2026-09-25T2100,4198A,119.509013,39.825305,秦皇岛市,北戴河轮滑馆,颗粒物(PM10),57,59,41,25,18,119,119,126,126,5,12,6,9,0.4,0.3
2026-09-25T2100,1310A,120.404,36.0625,青岛市,市南区东部子站,,24,14,11,10,8,76,76,104,99,14,12,7,7,0.4,0.3
2026-09-25T2100,1311A,120.362344,36.10282,青岛市,四方区子站,,28,14,10,12,9,87,87,108,107,11,8,4,3,0.4,0.4
2026-09-25T2100,1312A,120.294373,36.054183,青岛市,市南区西部子站,,33,NA,9,9,8,103,103,112,112,7,11,5,5,0.5,0.5
2026-09-25T2100,1313A,120.4581,36.0858,青岛市,崂山区子站,,22,19,15,11,8,70,70,110,101,15,9,9,9,0.5,0.4
2026-09-25T2100,1315A,120.3945,36.3083,青岛市,城阳区子站,,31,14,14,9,9,99,99,110,110,7,10,4,4,0.3,0.3
2026-09-25T2100,3642A,120.3454,36.0735,青岛市,市北区南部,,25,16,12,10,8,77,77,104,100,14,10,7,6,0.5,0.5
2026-09-25T2100,3643A,120.3897,36.18,青岛市,李沧区北部,,24,24,15,12,7,72,72,87,84,13,12,3,4,0.6,0.6
2026-09-25T2100,4110A,120.5222,36.4089,青岛市,盟旺路653号,NA,NA,20,18,10,10,NA,NA,103,103,10,11,6,6,0.5,0.7
2026-09-25T2100,4290A,120.196923,35.954556,青岛市,珠江路669号,,25,17,11,8,8,78,78,106,101,24,16,5,4,0.5,0.5
2026-09-25T2100,4291A,120.0424,35.8656,青岛市,黄岛区人民政府广场,,26,19,10,12,7,83,83,107,102,15,13,5,4,0.3,0.3
2026-09-25T2100,1703A,113.0218,23.7086,清远市,凤城街办,,49,49,33,31,22,115,115,154,151,13,8,/,/,/,/
2026-09-25T2100,3025A,113.0479,23.6343,清远市,技师学院,,45,45,33,29,22,116,116,156,152,18,13,6,10,0.5,0.4
2026-09-25T2100,3318A,112.9898,23.7403,清远市,清新太和,,40,37,36,22,24,128,128,142,141,5,6,9,9,0.8,0.7
2026-09-25T2100,3455A,113.076,23.72,清远市,清城东城,颗粒物(PM10),53,54,36,31,22,98,98,147,140,13,11,/,/,/,/
2026-09-25T2100,2661A,107.6325,35.7357,庆阳市,庆阳五中,,31,31,31,17,24,68,68,81,79,11,8,4,4,0.5,0.5
2026-09-25T2100,2662A,107.6361,35.7067,庆阳市,市环保局,,34,34,37,19,24,72,72,85,83,11,8,1,3,0.4,0.4
2026-09-25T2100,1916A,103.7897,25.5036,曲靖市,环境监测站,,28,24,23,19,15,78,78,103,100,9,9,4,5,0.2,0.3
2026-09-25T2100,1917A,103.8013,25.5357,曲靖市,烟厂办公区,,29,29,23,8,11,80,80,102,100,6,6,2,2,0.4,0.5
2026-09-25T2100,3376A,103.7926,25.4651,曲靖市,南苑二区,,25,16,21,16,14,80,80,100,98,5,7,4,4,0.5,0.5
2026-09-25T2100,3377A,103.7442,25.5259,曲靖市,曲靖师范学院,,30,30,24,18,14,76,76,106,103,7,7,3,4,0.5,0.4
2026-09-25T2100,1264A,118.8694,28.94,衢州市,环保大楼,,48,48,51,31,36,63,63,148,122,24,18,/,/,/,/
2026-09-25T2100,1266A,118.8622,28.9809,衢州市,衢州学院,,45,41,45,31,34,68,68,150,125,19,23,8,7,0.5,0.5
2026-09-25T2100,4097A,118.9646,28.9832,衢州市,衢州三中,细颗粒物(PM2.5),54,48,47,37,33,74,74,153,130,25,22,4,4,0.7,0.7
2026-09-25T2100,1611A,118.5818,24.9116,泉州市,涂山街,,31,23,28,16,19,97,97,129,117,7,9,3,4,0.4,0.6
2026-09-25T2100,1612A,118.597,24.8976,泉州市,津头埔,,28,26,32,16,19,87,87,122,107,9,11,3,4,0.5,0.6
2026-09-25T2100,1613A,118.6669,24.9422,泉州市,万安,,29,23,30,11,18,91,91,126,111,5,10,5,5,0.6,0.7
2026-09-25T2100,4105A,118.6355,24.9148,泉州市,霞新路6号,,30,19,32,9,17,95,95,132,114,7,9,/,/,0.4,0.5
2026-09-25T2100,2626A,88.8873,29.2723,日喀则市,日喀则监测站,,17,11,5,6,1,54,54,65,62,10,5,5,5,0.3,0.2
2026-09-25T2100,3726A,88.8775,29.2425,日喀则市,林业技术推广中心,,18,13,7,3,2,56,56,65,63,4,3,6,5,0.3,0.3
2026-09-25T2100,1659A,119.4711,35.421,日照市,监测站,,26,7,7,3,7,81,81,88,86,9,17,8,10,0.3,0.6
2026-09-25T2100,1660A,119.523,35.4216,日照市,市政府广场,,23,14,10,6,6,72,72,91,88,11,12,6,6,0.5,0.6
2026-09-25T2100,1661A,119.5511,35.4113,日照市,港务局,,28,22,9,8,4,88,88,102,102,7,7,6,6,0.6,0.6
2026-09-25T2100,3507A,119.5326,35.4627,日照市,职业技术学院,,27,9,10,3,5,85,85,94,94,8,10,9,9,0.3,0.4
2026-09-25T2100,3604A,119.3267,35.1043,日照市,岚山环保分局,,41,34,14,28,8,49,49,94,84,36,16,28,12,4.1,1.5
2026-09-25T2100,1835A,111.1922,34.7752,三门峡市,市政府,,21,21,18,11,13,61,61,87,80,16,8,6,6,0.6,0.5
2026-09-25T2100,1836A,111.1588,34.794,三门峡市,开发区,,32,NA,23,22,18,56,56,88,80,21,11,6,6,0.6,0.5
2026-09-25T2100,3039A,111.1911,34.7829,三门峡市,三门峡市第一小学,,30,NA,20,21,15,62,62,89,82,17,10,3,3,0.6,0.5
2026-09-25T2100,3598A,111.1031,34.719,三门峡市,富达温泉假日酒店,,26,26,23,9,17,52,52,83,76,16,13,8,8,0.8,0.7
2026-09-25T2100,2324A,117.621,26.2626,三明市,三钢,,42,35,36,29,30,47,47,118,100,19,14,5,8,0.7,1.3
2026-09-25T2100,2325A,117.6352,26.2714,三明市,三明二中,,38,NA,36,26,29,64,64,117,105,13,13,7,10,0.7,1
2026-09-25T2100,2326A,117.6028,26.2377,三明市,三元区政府,,35,32,35,24,28,53,53,103,84,10,10,6,7,0.5,0.6
2026-09-25T2100,1877A,109.4962,18.2682,三亚市,河西子站,,18,18,16,9,8,42,42,54,48,3,3,4,4,0.4,0.4
2026-09-25T2100,3540A,109.7348,18.3443,三亚市,君悦子站,,15,8,18,3,8,46,46,51,49,2,4,4,4,0.5,0.5
2026-09-25T2100,4135A,109.1714,18.3739,三亚市,城东小学站,,17,17,18,7,7,37,37,56,49,5,5,/,/,/,/
2026-09-25T2100,2624A,91.7592,29.234,山南市,山南监测站,,24,6,4,3,1,76,76,89,88,1,3,6,7,0.2,0.2
2026-09-25T2100,2625A,91.7701,29.2436,山南市,山南人民医院,,25,8,6,3,3,80,80,92,91,1,3,5,5,0.2,0.2
2026-09-25T2100,1674A,116.6795,23.3666,汕头市,金平子站,,39,19,30,14,17,123,123,132,131,6,7,4,5,0.6,0.6
2026-09-25T2100,1675A,116.7248,23.3632,汕头市,龙湖子站,,39,32,34,16,18,122,122,129,128,4,4,6,6,/,/
2026-09-25T2100,1676A,116.7257,23.2774,汕头市,濠江子站,,34,19,30,12,17,108,108,124,122,5,6,6,7,/,/
2026-09-25T2100,1677A,116.7518,23.4712,汕头市,澄海子站,,36,33,30,14,17,114,114,130,129,4,5,5,6,0.7,0.7
2026-09-25T2100,1678A,116.6088,23.2539,汕头市,潮阳子站,,35,22,24,16,16,109,109,123,123,5,5,7,7,0.4,0.5
2026-09-25T2100,3444A,116.4539,23.2684,汕头市,潮南峡山,细颗粒物(PM2.5),82,78,33,51,18,106,106,125,124,14,9,12,8,0.6,0.6
2026-09-25T2100,3624A,116.4069,23.2533,汕头市,潮南子站,,42,42,37,23,17,101,101,121,120,8,7,8,8,/,/
2026-09-25T2100,1693A,115.3653,22.7751,汕尾市,市环保局,,37,23,27,16,17,118,118,121,121,11,12,7,8,0.4,0.4
2026-09-25T2100,1695A,115.362,22.7926,汕尾市,新城中学,,37,26,29,19,16,116,116,117,117,7,8,8,8,0.8,0.8
2026-09-25T2100,2645A,109.9155,33.8714,商洛市,监测站,,12,12,11,8,7,29,29,58,53,8,7,9,10,0.6,0.7
2026-09-25T2100,3045A,109.9647,33.8486,商洛市,商州区中学,,12,12,17,3,7,27,27,56,53,14,11,5,7,0.5,0.5
2026-09-25T2100,2408A,115.6701,34.4283,商丘市,环境监测站,,18,17,14,11,13,56,56,68,64,13,10,4,4,0.7,0.6
2026-09-25T2100,2409A,115.6458,34.4047,商丘市,粮食局,,20,20,15,13,9,62,62,66,65,18,8,5,5,0.6,0.6
2026-09-25T2100,3171A,115.6069,34.4465,商丘市,梁园区档案局,,22,22,16,15,12,65,65,70,67,15,11,6,5,0.7,0.7
2026-09-25T2100,4119A,115.6701,34.3767,商丘市,北海东路185号,NA,NA,NA,14,NA,13,64,64,72,69,8,6,5,5,0.6,0.6
2026-09-25T2100,4120A,115.6172,34.3704,商丘市,中山大街3号,,25,24,16,17,10,62,62,71,67,7,6,3,3,0.6,0.6
2026-09-25T2100,1141A,121.401,31.2382,上海市,普陀,,38,38,36,23,20,119,119,155,151,14,15,6,6,0.3,0.3
2026-09-25T2100,1142A,121.4774,31.2043,上海市,十五厂,,39,39,33,26,18,99,99,144,140,9,9,6,6,0.6,0.6
2026-09-25T2100,1143A,121.4673,31.3011,上海市,虹口,,45,45,41,28,19,105,105,146,140,13,12,4,4,0.2,0.3
2026-09-25T2100,1147A,121.4253,31.226,上海市,静安监测站,,41,40,34,25,20,130,130,165,162,11,11,8,8,0.7,0.6
2026-09-25T2100,1148A,121.7029,31.1905,上海市,浦东川沙,,45,45,35,28,18,66,66,135,125,27,15,12,12,0.6,0.6
2026-09-25T2100,1149A,121.5339,31.229,上海市,浦东新区监测站,,36,36,32,23,18,101,101,137,134,11,13,8,8,0.3,0.3
2026-09-25T2100,1150A,121.5776,31.2038,上海市,浦东张江,,36,36,33,23,19,101,101,149,144,14,12,7,7,0.3,0.3
2026-09-25T2100,3265A,121.4242,31.3303,上海市,宝山庙行,颗粒物(PM10),52,52,40,32,21,134,134,153,151,12,10,9,8,0.5,0.4
2026-09-25T2100,3266A,121.8789,31.4662,上海市,崇明上实东滩,,31,31,27,17,14,76,76,121,113,13,8,10,10,0.3,0.3
2026-09-25T2100,3268A,121.316,31.2839,上海市,嘉定南翔,,45,45,34,31,20,126,126,149,145,21,15,6,6,0.3,0.3
2026-09-25T2100,3269A,121.3357,30.7455,上海市,金山新城,,44,44,34,29,20,89,89,160,152,13,7,5,5,0.5,0.5
2026-09-25T2100,3270A,121.4996,31.0741,上海市,闵行浦江,,34,34,34,22,18,81,81,136,130,9,9,6,7,0.5,0.6
2026-09-25T2100,3271A,121.2886,31.1663,上海市,青浦徐泾,,45,42,36,31,21,130,130,155,153,9,6,7,7,0.6,0.5
2026-09-25T2100,3272A,121.2193,31.0382,上海市,松江图书馆,颗粒物(PM10),51,51,42,33,23,129,129,157,154,17,16,8,8,0.6,0.5
2026-09-25T2100,3273A,121.3904,31.206,上海市,长宁仙霞,,41,41,37,27,18,101,101,137,133,19,15,4,3,0.3,0.3
2026-09-25T2100,3274A,121.7964,31.0507,上海市,浦东惠南,,44,44,31,19,18,60,60,127,114,23,12,9,10,0.7,0.7
2026-09-25T2100,3544A,121.4891,30.925,上海市,奉贤南桥新城,,32,32,31,20,17,77,77,131,122,14,12,5,5,0.5,0.5
2026-09-25T2100,4183A,121.417401,31.16637,上海市,冠生园路458号,,42,42,39,25,20,92,92,141,135,20,16,8,8,0.4,0.5
2026-09-25T2100,4205A,121.541914,31.268301,上海市,宁武路151号,,48,48,41,31,19,101,101,139,135,24,20,8,9,0.4,0.3
2026-09-25T2100,2382A,117.9758,28.4439,上饶市,市监测站,NA,NA,37,46,27,32,NA,NA,141,118,6,8,2,9,/,/
2026-09-25T2100,2383A,117.9521,28.4637,上饶市,凤凰光学,,35,35,45,19,31,79,79,134,107,5,11,4,12,0.5,0.6
2026-09-25T2100,3685A,117.897,28.4316,上饶市,双创科技城,,29,29,43,18,31,81,81,147,116,7,12,5,11,0.6,0.7
2026-09-25T2100,4211A,118.190438,28.444845,上饶市,裕丰大道,,40,35,46,28,36,80,80,130,117,6,7,15,15,0.8,0.8
2026-09-25T2100,1669A,113.5821,24.7733,韶关市,市八中,,39,39,41,27,28,115,115,148,140,12,16,9,19,0.4,0.5
2026-09-25T2100,1671A,113.5916,24.7973,韶关市,园林处,,39,33,32,25,26,123,123,150,141,16,18,13,21,/,/
2026-09-25T2100,1673A,113.5971,24.6864,韶关市,曲江监测站,,36,36,35,21,26,86,86,130,120,18,16,10,11,1.0,0.6
2026-09-25T2100,2809A,113.6668,24.7756,韶关市,大学路288号,,46,39,37,32,26,97,97,148,136,6,8,14,28,/,/
2026-09-25T2100,3622A,113.5556,24.8082,韶关市,碧湖山庄,,39,38,37,27,24,90,90,137,130,12,13,6,11,0.7,0.7
2026-09-25T2100,2464A,111.5277,27.2442,邵阳市,市化工厂,细颗粒物(PM2.5),82,51,53,51,52,78,78,104,101,14,10,11,11,0.4,0.5
2026-09-25T2100,2466A,111.4327,27.2276,邵阳市,市环保局,细颗粒物(PM2.5),56,42,66,38,50,77,77,99,96,12,11,8,8,0.9,1
2026-09-25T2100,4218A,111.446,27.2472,邵阳市,北塔二期4-26地块,,46,46,54,26,41,54,54,88,84,12,10,6,7,0.7,0.8
2026-09-25T2100,4219A,111.4739,27.2282,邵阳市,邵水西路287号,细颗粒物(PM2.5),68,48,59,44,51,73,73,101,97,10,9,9,10,0.6,0.7
2026-09-25T2100,1247A,120.6053,29.9927,绍兴市,城东开发委,细颗粒物(PM2.5),56,54,49,38,32,71,71,121,112,15,15,6,6,0.8,0.7
2026-09-25T2100,2921A,120.5482,30.0003,绍兴市,树下王站,细颗粒物(PM2.5),66,49,45,43,32,102,102,130,124,23,20,5,4,0.8,0.8
2026-09-25T2100,3408A,120.5685,29.936,绍兴市,绍兴中专,,50,50,49,34,31,66,66,133,109,13,19,6,6,0.7,0.6
2026-09-25T2100,3409A,120.4905,30.086,绍兴市,柯桥区政府,细颗粒物(PM2.5),52,48,45,36,35,117,117,143,137,21,14,6,7,0.7,0.6
2026-09-25T2100,3410A,120.8751,30.0249,绍兴市,重华小学,,46,45,41,32,28,87,87,125,112,8,11,6,7,0.8,0.6
2026-09-25T2100,3411A,120.837,30.0137,绍兴市,上虞中学,细颗粒物(PM2.5),66,65,43,43,27,80,80,126,113,14,15,4,4,0.8,0.7
2026-09-25T2100,3560A,120.4715,30.0414,绍兴市,柯桥妇保,细颗粒物(PM2.5),92,83,54,56,34,71,71,148,133,22,15,7,7,0.9,0.7
2026-09-25T2100,3658A,120.6156,30.0762,绍兴市,袍江中学,颗粒物(PM10),65,70,53,42,32,103,103,144,137,23,17,10,9,0.8,0.6
2026-09-25T2100,1356A,114.0948,22.5506,深圳市,通心岭子站,,34,27,28,13,13,106,106,129,120,4,6,2,2,0.6,0.6
2026-09-25T2100,1357A,114.1153,22.5713,深圳市,洪湖,,31,31,30,15,15,94,94,127,117,15,12,2,2,0.6,0.6
2026-09-25T2100,1358A,113.9823,22.5398,深圳市,华侨城,,27,23,29,13,16,85,85,146,131,22,11,/,/,/,/
2026-09-25T2100,1359A,113.9181,22.517,深圳市,南海子站,,45,36,32,31,22,82,82,141,126,18,9,2,1,0.8,0.8
2026-09-25T2100,1360A,114.2345,22.565,深圳市,盐田,,32,32,28,13,13,86,86,120,112,12,9,9,9,0.7,0.7
2026-09-25T2100,1363A,114.4911,22.5381,深圳市,南澳,,30,25,26,16,13,93,93,117,111,7,8,/,/,/,/
2026-09-25T2100,1364A,114.41,22.6346,深圳市,葵涌,,33,21,28,15,15,103,103,131,125,10,7,8,8,0.8,0.8
2026-09-25T2100,1365A,114.2967,22.5978,深圳市,梅沙,,27,27,28,11,13,85,85,129,114,9,8,/,/,/,/
2026-09-25T2100,1366A,114.0563,22.7353,深圳市,观澜,,36,36,36,18,18,98,98,149,137,13,15,3,3,0.7,0.7
2026-09-25T2100,3305A,114.0614,22.556,深圳市,莲花,,31,26,28,17,17,97,97,125,114,11,8,/,/,/,/
2026-09-25T2100,3306A,114.0144,22.6163,深圳市,民治,,30,23,31,16,17,95,95,134,126,10,14,/,/,/,/
2026-09-25T2100,3307A,114.1756,22.6421,深圳市,横岗,,35,24,29,16,17,109,109,140,130,12,10,/,/,/,/
2026-09-25T2100,3447A,114.344,22.7115,深圳市,坪山,,32,23,31,12,16,102,102,130,120,7,9,5,5,0.6,0.6
2026-09-25T2100,3623A,113.8952,22.586,深圳市,西乡,,29,29,36,17,17,76,76,159,142,23,13,4,3,0.5,0.4
2026-09-25T2100,4220A,114.214113,22.713717,深圳市,黄阁路,NA,NA,NA,30,NA,15,111,111,142,128,4,6,5,6,0.9,0.9
2026-09-25T2100,1099A,123.5058,41.7084,沈阳市,浑南东路,细颗粒物(PM2.5),76,NA,37,48,33,12,12,40,38,45,29,11,12,1.0,1.1
2026-09-25T2100,1100A,123.4238,41.6992,沈阳市,新秀街,颗粒物(PM10),59,62,50,35,29,49,49,44,44,31,38,23,11,0.7,1.1
2026-09-25T2100,1102A,123.5903,41.8412,沈阳市,东陵路,细颗粒物(PM2.5),56,52,35,38,20,13,13,34,30,24,20,12,11,1.1,1
2026-09-25T2100,1103A,123.4267,41.8466,沈阳市,陵东街,细颗粒物(PM2.5),56,NA,34,38,28,2,2,32,25,21,25,6,6,1.2,1.1
2026-09-25T2100,1104A,123.4116,41.7654,沈阳市,文化路,,49,49,40,33,28,49,49,50,50,25,32,16,12,1.1,1.3
2026-09-25T2100,1105A,123.4673,41.787,沈阳市,小河沿,细颗粒物(PM2.5),62,46,38,41,26,10,10,25,23,30,26,6,6,1.3,1.3
2026-09-25T2100,1106A,123.4019,41.7978,沈阳市,太原街,细颗粒物(PM2.5),64,68,52,42,28,37,37,48,47,32,34,6,6,1.2,1.2
2026-09-25T2100,1108A,123.3778,41.9233,沈阳市,京沈街,细颗粒物(PM2.5),60,52,40,40,27,16,16,44,42,40,33,6,5,1.2,0.9
2026-09-25T2100,2897A,123.2429,41.7341,沈阳市,沈辽西路,细颗粒物(PM2.5),64,54,53,42,34,26,26,48,48,38,42,19,10,1.0,1.1
2026-09-25T2100,2900A,123.5951,41.9085,沈阳市,裕农路,,39,33,24,27,19,19,19,41,26,21,20,6,6,1.0,0.7
2026-09-25T2100,2429A,110.78,32.6494,十堰市,滨河新村,,28,28,17,15,10,70,70,68,68,7,8,/,/,0.8,0.8
2026-09-25T2100,2430A,110.7305,32.6408,十堰市,刘家沟,,22,11,12,9,8,70,70,70,70,6,6,/,/,/,/
2026-09-25T2100,2431A,110.8843,32.5712,十堰市,铁二处,,18,12,16,3,10,57,57,68,66,11,10,4,5,0.8,0.9
2026-09-25T2100,3545A,110.8053,32.8401,十堰市,郧阳区金沙路,,23,20,24,3,12,72,72,72,72,9,8,9,8,0.5,0.7
2026-09-25T2100,2709A,86.0391,44.298,石河子市,艾青诗歌馆,,30,30,39,3,9,85,85,97,97,12,17,6,7,0.2,0.3
2026-09-25T2100,3442A,86.047,44.2331,石河子市,南区管委会,,38,38,42,9,6,84,84,94,94,8,11,5,6,0.2,0.2
2026-09-25T2100,4051A,86.0791,44.3018,石河子市,世纪广场,,26,24,36,12,10,82,82,98,98,15,15,5,5,0.4,0.3
2026-09-25T2100,4167A,86.0126,44.2349,石河子市,城南景苑小区,,41,41,33,8,10,85,85,94,94,7,12,7,8,0.3,0.3
2026-09-25T2100,1030A,114.5919,38.0328,石家庄市,高新区,细颗粒物(PM2.5),78,73,58,49,34,116,116,143,142,15,8,3,3,0.5,0.4
2026-09-25T2100,1032A,114.4556,38.0136,石家庄市,西南高教,颗粒物(PM10),71,79,60,41,33,116,116,150,149,19,9,3,2,0.6,0.4
2026-09-25T2100,1033A,114.533,38.0177,石家庄市,世纪公园,细颗粒物(PM2.5),78,71,64,49,32,111,111,129,129,10,5,2,1,0.7,0.7
2026-09-25T2100,1034A,114.5105,38.0489,石家庄市,人民会堂,颗粒物(PM10),65,70,65,37,31,123,123,142,142,18,12,3,3,0.7,0.4
2026-09-25T2100,3456A,114.2887,38.0905,石家庄市,鹿泉一中,细颗粒物(PM2.5),74,75,70,47,46,101,101,134,132,15,8,2,1,0.7,0.5
2026-09-25T2100,4024A,114.6491,37.9014,石家庄市,栾城区星河路,细颗粒物(PM2.5),98,92,60,59,34,110,110,142,141,20,9,7,3,0.4,0.4
2026-09-25T2100,4059A,114.4563,38.0365,石家庄市,裕华西路63号,细颗粒物(PM2.5),70,59,52,45,33,116,116,137,137,15,7,4,2,0.7,0.5
2026-09-25T2100,4060A,114.5586,38.0581,石家庄市,和平路363号,细颗粒物(PM2.5),70,52,44,45,34,125,125,143,143,15,10,2,3,0.6,0.5
2026-09-25T2100,4061A,114.8347,38.0213,石家庄市,廉州西路160号,细颗粒物(PM2.5),102,81,63,62,41,96,96,137,134,17,9,2,1,0.8,0.7
2026-09-25T2100,4062A,114.4498,38.0729,石家庄市,北城路41号,,50,50,52,32,28,122,122,144,144,16,11,6,4,0.9,0.6
2026-09-25T2100,4314A,114.0494,38.059,石家庄市,矿区区委大楼,颗粒物(PM10),62,66,49,34,27,75,75,115,107,15,10,7,7,0.5,0.5
2026-09-25T2100,1948A,106.3668,39.0145,石嘴山市,大武口朝阳西街,NA,NA,57,63,39,30,89,89,133,129,36,34,NA,9,0.7,0.7
2026-09-25T2100,1949A,106.7713,39.2278,石嘴山市,惠农南大街,颗粒物(PM10),95,112,60,33,21,41,41,125,112,66,26,9,13,0.9,0.7
2026-09-25T2100,1950A,106.7074,39.1332,石嘴山市,红果子镇惠新街,颗粒物(PM10),83,95,62,30,25,71,71,134,127,46,25,5,9,0.6,0.6
2026-09-25T2100,3520A,106.3495,38.9837,石嘴山市,妇女儿童医院,,44,44,61,22,29,132,132,138,138,15,26,10,10,0.5,0.6
2026-09-25T2100,3521A,106.7495,39.2068,石嘴山市,石大公路,颗粒物(PM10),69,76,68,27,26,21,21,115,97,78,31,6,8,0.6,0.6
2026-09-25T2100,2248A,131.1509,46.6936,双鸭山市,双合村,颗粒物(PM10),63,67,23,23,9,19,19,69,44,27,11,18,11,1.5,0.5
2026-09-25T2100,2249A,131.1651,46.6191,双鸭山市,南小市,,13,NA,12,9,10,37,37,69,54,9,6,1,8,0.2,0.2
2026-09-25T2100,2250A,131.1526,46.6554,双鸭山市,环保局,,42,42,31,10,8,19,19,68,49,30,11,7,7,0.2,0
2026-09-25T2100,2166A,112.4399,39.3521,朔州市,平朔,细颗粒物(PM2.5),125,87,32,87,20,75,75,110,101,13,10,11,6,0.2,0.2
2026-09-25T2100,2167A,112.4574,39.362,朔州市,朔唯,颗粒物(PM10),53,54,33,36,15,98,98,122,116,2,8,9,7,/,/
2026-09-25T2100,2168A,112.426,39.3199,朔州市,区政府,细颗粒物(PM2.5),82,80,41,51,19,89,89,110,105,12,10,5,4,0.8,0.5
2026-09-25T2100,2169A,112.4075,39.3277,朔州市,市环保局,细颗粒物(PM2.5),104,78,34,64,21,83,83,112,104,15,10,8,4,/,/
2026-09-25T2100,2170A,112.4273,39.3682,朔州市,市二中,细颗粒物(PM2.5),56,48,32,38,15,81,81,115,108,14,17,7,4,/,/
2026-09-25T2100,3571A,112.2938,39.5296,朔州市,一水厂,细颗粒物(PM2.5),78,NA,38,49,20,96,96,116,114,13,18,6,2,0.5,0.5
2026-09-25T2100,2226A,124.3744,43.1842,四平市,境园,,50,50,24,30,17,23,23,57,55,20,20,3,4,0.6,0.4
2026-09-25T2100,3486A,124.4029,43.1411,四平市,植物园,,46,NA,18,32,14,21,21,59,49,20,13,4,4,0.5,0.3
2026-09-25T2100,3713A,124.3286,43.1726,四平市,世纪城,细颗粒物(PM2.5),64,45,30,42,17,32,32,59,56,26,17,6,4,0.8,0.4
2026-09-25T2100,2233A,124.8007,45.1213,松原市,江南,,18,18,26,10,12,42,42,40,40,10,16,1,1,0.3,0.3
2026-09-25T2100,2234A,124.7967,45.1721,松原市,江北,,24,24,28,14,10,36,36,41,39,15,18,2,2,0.5,0.4
2026-09-25T2100,1163A,120.5974,31.3247,苏州市,轧钢厂,细颗粒物(PM2.5),80,68,46,50,23,117,117,136,129,34,20,7,6,1.0,0.8
2026-09-25T2100,1164A,120.6329,31.2741,苏州市,吴中区,颗粒物(PM10),63,68,42,40,22,116,116,145,138,35,18,8,6,0.9,0.7
2026-09-25T2100,1165A,120.5566,31.3049,苏州市,苏州新区,细颗粒物(PM2.5),78,65,43,49,27,135,135,139,134,14,12,8,7,0.7,0.5
2026-09-25T2100,1166A,120.668709,31.312523,苏州市,苏州工业园区,颗粒物(PM10),63,68,42,41,21,134,134,148,143,18,12,9,8,0.8,0.7
2026-09-25T2100,1167A,120.6408,31.3707,苏州市,相城区,细颗粒物(PM2.5),76,59,39,48,22,128,128,137,131,23,14,10,8,0.9,0.8
2026-09-25T2100,3289A,120.7431,31.3188,苏州市,方洲路,,46,46,38,32,23,132,132,149,142,13,15,9,8,0.6,0.6
2026-09-25T2100,3290A,120.4979,31.2777,苏州市,木渎中学,细颗粒物(PM2.5),54,51,36,37,21,131,131,148,135,16,13,6,6,0.9,0.7
2026-09-25T2100,3425A,120.642,31.1733,苏州市,越秀幼儿园,细颗粒物(PM2.5),66,67,37,43,25,132,132,153,145,17,12,8,6,0.8,0.7
2026-09-25T2100,3431A,120.6502,31.4117,苏州市,高铁新城,细颗粒物(PM2.5),62,63,43,41,21,112,112,128,117,40,27,9,8,0.8,0.7
2026-09-25T2100,4090A,120.4282,31.3228,苏州市,学森路9号,NA,NA,NA,44,NA,18,NA,NA,148,140,NA,18,NA,9,NA,0.5
2026-09-25T2100,1220A,118.2924,33.933,宿迁市,宿迁学院,,18,10,14,8,10,56,56,62,62,13,13,1,1,0.4,0.5
2026-09-25T2100,1221A,118.2321,33.9572,宿迁市,宿迁中学,,17,12,14,11,11,54,54,62,62,8,8,2,2,0.7,0.7
2026-09-25T2100,2996A,118.2781,33.9658,宿迁市,市供电局,,18,NA,14,12,10,52,52,62,61,15,12,4,4,0.8,0.8
2026-09-25T2100,3191A,118.3243,33.95,宿迁市,宿豫区政府,,19,NA,13,10,11,58,58,66,66,7,7,5,5,1.2,1.1
2026-09-25T2100,4094A,118.352,33.7886,宿迁市,春华路,NA,NA,7,20,3,11,NA,NA,65,65,5,11,4,5,0.3,0.4
2026-09-25T2100,3187A,116.9508,33.666,宿州市,远航博物馆,,21,21,20,10,9,64,64,66,66,9,9,5,5,0.4,0.5
2026-09-25T2100,3463A,116.9708,33.5911,宿州市,社会福利中心,,21,NA,13,11,12,66,66,67,67,8,11,6,6,0.5,0.6
2026-09-25T2100,3701A,116.9647,33.6252,宿州市,皖北煤电集团,,20,15,18,10,8,63,63,66,66,8,8,6,6,0.4,0.5
2026-09-25T2100,4103A,116.9929,33.6412,宿州市,中兴路,,19,18,17,11,9,60,60,66,66,12,11,11,11,0.5,0.5
2026-09-25T2100,2266A,126.9783,46.6365,绥化市,人和东街,,46,46,24,28,10,41,41,63,60,21,14,3,4,0.6,0.5
2026-09-25T2100,2267A,126.964,46.6527,绥化市,党政办公中心,颗粒物(PM10),55,57,30,29,13,53,53,68,67,12,16,8,9,0.6,0.6
2026-09-25T2100,2451A,113.3587,31.7275,随州市,市委党校,NA,NA,8,49,3,29,NA,NA,59,49,5,11,8,9,0.6,0.8
2026-09-25T2100,2452A,113.3745,31.6926,随州市,市林业局,,18,11,50,3,28,57,57,62,53,7,11,6,7,0.7,0.9
2026-09-25T2100,2453A,113.3984,31.7309,随州市,市立交桥水厂,,19,10,47,6,29,59,59,65,52,5,9,5,6,0.6,0.7
2026-09-25T2100,2528A,105.5581,30.5231,遂宁市,市监测站,,39,39,24,19,10,38,38,62,61,23,11,7,7,0.8,0.7
2026-09-25T2100,2530A,105.5917,30.4727,遂宁市,美宁食品公司,,40,40,18,21,11,18,18,63,54,30,14,10,10,1.0,0.7
2026-09-25T2100,4303A,105.5911,30.5368,遂宁市,环岛商务中心9号楼,,29,29,21,20,10,36,36,68,63,24,14,10,7,0.9,0.8
2026-09-25T2100,2706A,82.9993,46.7432,塔城地区,东门外小游园,,41,41,35,14,8,70,70,80,80,10,8,4,3,0.2,0.1
2026-09-25T2100,4165A,82.9716,46.7464,塔城地区,文化广场,NA,NA,36,25,12,8,72,72,81,81,7,10,NA,2,0.5,0.4
2026-09-25T2100,1255A,121.2727,28.6461,台州市,黄岩环保大楼,NA,NA,53,39,18,16,73,73,111,99,NA,6,/,/,/,/
2026-09-25T2100,1256A,121.4188,28.6545,台州市,台州环保大楼,,37,37,40,22,20,74,74,119,97,4,7,/,/,0.6,0.7
2026-09-25T2100,1257A,121.3768,28.5772,台州市,路桥田洋王,,36,36,36,18,17,73,73,109,95,6,8,8,7,0.5,0.5
2026-09-25T2100,3564A,121.25678,28.66823971,台州市,台州科技职业学院,,29,29,36,12,18,72,72,110,95,4,9,9,9,0.8,0.8
2026-09-25T2100,1081A,112.5138,37.8916,太原市,尖草坪,细颗粒物(PM2.5),80,63,64,50,52,124,124,157,153,16,13,18,9,0.8,0.7
2026-09-25T2100,1084A,112.4691,37.7125,太原市,晋源,细颗粒物(PM2.5),118,NA,62,79,57,90,90,146,136,23,14,12,7,0.9,0.9
2026-09-25T2100,1085A,112.5595,37.7391,太原市,小店,细颗粒物(PM2.5),108,74,63,68,53,128,128,159,156,19,18,10,8,1.1,0.9
2026-09-25T2100,1087A,112.5705,37.8199,太原市,坞城,细颗粒物(PM2.5),110,NA,61,71,57,115,115,155,151,24,18,13,11,1.2,1.2
2026-09-25T2100,1088A,112.5495,37.9853,太原市,南寨,细颗粒物(PM2.5),104,83,63,64,53,71,71,143,133,20,23,6,7,0.9,1.1
2026-09-25T2100,3618A,112.4702,37.7821,太原市,金胜,细颗粒物(PM2.5),110,83,74,71,52,86,86,154,142,21,13,12,8,0.6,0.5
2026-09-25T2100,4010A,112.5608,37.8807,太原市,育英中学,细颗粒物(PM2.5),103,NA,63,63,55,115,115,156,151,20,12,6,5,0.9,0.8
2026-09-25T2100,4074A,112.449,37.8509,太原市,西矿街336号,细颗粒物(PM2.5),185,208,74,139,58,65,65,155,143,25,14,13,10,1.2,1.1
2026-09-25T2100,4075A,112.4792,37.9393,太原市,迎宾北路9号,细颗粒物(PM2.5),108,77,66,68,50,108,108,156,150,14,14,13,9,0.8,0.7
2026-09-25T2100,4076A,112.551,37.8575,太原市,迎泽大街248号,细颗粒物(PM2.5),96,83,78,58,49,124,124,152,149,17,15,9,7,0.9,0.8
2026-09-25T2100,1656A,117.1436,36.1938,泰安市,监测站,,31,31,39,15,32,69,69,94,89,14,13,5,5,0.6,0.6
2026-09-25T2100,1657A,117.0905,36.2002,泰安市,人口学校,,29,29,34,12,25,61,61,88,82,14,14,8,8,0.6,0.6
2026-09-25T2100,1658A,117.0992,36.1757,泰安市,电力学校,,36,36,37,21,36,59,59,92,88,19,12,5,5,0.4,0.3
2026-09-25T2100,3502A,117.1812,36.2273,泰安市,国网新校,,22,22,26,15,28,45,45,90,80,11,6,2,3,0.6,0.6
2026-09-25T2100,3503A,117.0315,36.2017,泰安市,交通技校,,27,27,34,13,30,72,72,94,91,14,15,6,6,0.6,0.6
2026-09-25T2100,3504A,117.083,36.13,泰安市,山东第一医科大学,,23,12,37,11,35,72,72,94,91,15,15,8,6,0.4,0.4
2026-09-25T2100,1206A,119.9042,32.488,泰州市,公园路,细颗粒物(PM2.5),52,44,33,36,18,47,47,136,103,14,9,8,9,0.9,0.7
2026-09-25T2100,1207A,119.9189,32.4626,泰州市,莲花,,46,42,36,32,19,61,61,131,107,7,7,9,10,1.2,0.9
2026-09-25T2100,1209A,119.8877,32.4636,泰州市,留学生创业园,细颗粒物(PM2.5),60,52,33,40,26,60,60,141,113,16,10,9,9,1.1,0.9
2026-09-25T2100,2997A,119.8767,32.3291,泰州市,王营,,38,NA,33,26,19,39,39,118,92,31,15,6,9,0.8,0.7
2026-09-25T2100,3295A,120.1226,32.515,泰州市,姜堰区政府广场,细颗粒物(PM2.5),70,57,36,45,23,81,81,141,126,11,9,11,10,0.9,0.7
2026-09-25T2100,3435A,119.9186,32.4322,泰州市,周山河街区,,46,32,31,32,22,58,58,138,108,15,13,11,12,0.9,0.7
2026-09-25T2100,1040A,118.1707,39.6505,唐山市,十二中,细颗粒物(PM2.5),80,67,50,50,28,97,97,133,129,17,19,3,9,1.0,0.9
2026-09-25T2100,1041A,118.1868,39.6219,唐山市,小山,颗粒物(PM10),67,73,57,39,21,123,123,148,146,13,18,6,12,0.7,0.8
2026-09-25T2100,3457A,118.4357,39.277,唐山市,冀东油田职工医院,细颗粒物(PM2.5),113,82,52,74,24,134,134,144,144,11,15,2,3,0.5,0.4
2026-09-25T2100,3575A,118.0927,39.5807,唐山市,正泰大街热力站,细颗粒物(PM2.5),102,81,59,62,31,106,106,139,136,23,18,2,4,0.7,0.8
2026-09-25T2100,3576A,118.1561,39.8322,唐山市,丰润区政府,细颗粒物(PM2.5),70,69,51,45,27,77,77,115,109,21,17,7,10,1.1,1.1
2026-09-25T2100,3577A,118.436906,39.73802,唐山市,金山小学,颗粒物(PM10),74,83,60,42,22,96,96,135,131,26,21,2,9,1.0,1
2026-09-25T2100,3578A,118.2449,39.6693,唐山市,政府服务中心,细颗粒物(PM2.5),100,80,61,60,34,90,90,133,127,20,22,2,7,0.9,0.9
2026-09-25T2100,3692A,118.2043,39.6703,唐山市,消防缸窑路中队,细颗粒物(PM2.5),78,85,70,49,28,90,90,138,133,16,21,8,12,0.9,0.9
2026-09-25T2100,3693A,118.1432,39.6203,唐山市,路南电大,细颗粒物(PM2.5),100,85,61,60,32,96,96,137,133,18,16,3,5,0.9,0.8
2026-09-25T2100,4065A,118.1267,39.6579,唐山市,光明北路515号,细颗粒物(PM2.5),98,70,43,59,30,76,76,136,129,31,22,6,9,0.8,0.7
2026-09-25T2100,4197A,118.130859,39.636026,唐山市,友谊北路34号,颗粒物(PM10),78,89,63,48,23,88,88,130,125,23,23,6,10,0.9,0.9
2026-09-25T2100,1015A,117.1446,39.1659,天津市,勤俭道,细颗粒物(PM2.5),111,97,64,72,44,101,101,148,143,17,20,5,6,0.9,1
2026-09-25T2100,1018A,117.2016,39.0928,天津市,前进道,NA,NA,NA,NA,NA,NA,NA,NA,NA,NA,NA,NA,NA,NA,NA,NA
2026-09-25T2100,1019A,117.1837,39.2134,天津市,淮河道,NA,NA,80,80,50,50,83,83,NA,NA,18,18,7,7,NA,NA
2026-09-25T2100,1021A,117.308261,39.088386,天津市,跃进路,细颗粒物(PM2.5),101,85,68,61,38,147,147,163,162,13,21,6,6,0.8,0.9
2026-09-25T2100,1023A,117.707,39.0344,天津市,第四大街,细颗粒物(PM2.5),104,96,63,64,31,120,120,135,135,22,28,8,8,1.6,1
2026-09-25T2100,1024A,117.4573,38.8395,天津市,永明路,细颗粒物(PM2.5),66,57,64,43,37,120,120,159,156,9,16,7,7,0.7,1
2026-09-25T2100,1026A,117.7641,39.1588,天津市,汉北路,"颗粒物(PM10),细颗粒物(PM2.5)",84,97,60,52,25,108,108,150,150,26,19,5,5,1.1,0.8
2026-09-25T2100,2858A,117.7917,39.2473,天津市,河西一经路,细颗粒物(PM2.5),108,106,68,68,32,130,130,155,155,23,23,7,8,1.1,1
2026-09-25T2100,2859A,117.3747,38.9845,天津市,津沽路,细颗粒物(PM2.5),104,90,62,64,36,122,122,164,157,19,22,10,6,1.0,1.1
2026-09-25T2100,2860A,117.159,39.0844,天津市,宾水西道,细颗粒物(PM2.5),82,74,57,51,39,85,85,153,141,21,17,4,5,0.6,0.7
2026-09-25T2100,2922A,117.194,39.1069,天津市,大理道,NA,NA,85,85,35,35,NA,NA,NA,NA,NA,18,NA,NA,NA,NA
2026-09-25T2100,3020A,117.2096,39.1698,天津市,中山北路,细颗粒物(PM2.5),98,92,65,59,37,74,74,138,129,35,25,4,5,1.0,1.1
2026-09-25T2100,3051A,117.385,39.1483,天津市,西四道,细颗粒物(PM2.5),96,87,66,58,37,98,98,149,145,22,16,5,6,0.9,1
2026-09-25T2100,3325A,117.0362,39.3827,天津市,雍阳西道,细颗粒物(PM2.5),78,74,55,49,35,87,87,120,116,12,11,6,7,0.9,0.9
2026-09-25T2100,3326A,117.0291,39.0612,天津市,辛老路,细颗粒物(PM2.5),103,93,67,63,41,82,82,147,138,28,21,4,4,0.9,0.9
2026-09-25T2100,3327A,116.9638,38.9374,天津市,地纬路,细颗粒物(PM2.5),88,79,65,54,42,103,103,146,142,18,19,7,7,0.5,0.6
2026-09-25T2100,3460A,117.4065,40.0583,天津市,北环路,颗粒物(PM10),61,65,46,39,25,50,50,98,88,8,7,5,6,0.5,0.5
2026-09-25T2100,3461A,117.3041,39.7167,天津市,建设路,细颗粒物(PM2.5),102,94,58,62,37,59,59,113,110,29,20,8,9,1.3,1.1
2026-09-25T2100,3462A,117.8201,39.3519,天津市,滨水东路,细颗粒物(PM2.5),111,106,68,72,35,135,135,144,144,26,21,8,9,0.9,0.7
2026-09-25T2100,4196A,117.24369,39.102911,天津市,光华路,细颗粒物(PM2.5),107,89,62,67,39,134,134,152,150,9,13,8,8,0.7,0.8
2026-09-25T2100,2650A,105.72058,34.57859,天水市,公园小学,,31,31,29,11,15,76,76,74,74,6,12,8,9,0.5,0.4
2026-09-25T2100,2651A,105.89428,34.55353,天水市,麦积国土局,,31,27,24,8,12,97,97,91,91,7,10,6,9,0.6,0.6
2026-09-25T2100,2217A,123.865,42.292,铁岭市,水上乐园,,39,39,32,16,15,19,19,28,28,37,33,10,9,0.4,0.3
2026-09-25T2100,2219A,123.7158,42.2218,铁岭市,金沙江路北,细颗粒物(PM2.5),52,42,31,36,20,19,19,27,27,25,28,3,10,0.7,0.6
2026-09-25T2100,4084A,123.835,42.2853,铁岭市,新华街20号,,45,45,34,26,17,23,23,33,32,32,30,10,11,0.7,0.6
2026-09-25T2100,2229A,125.9359,41.7174,通化市,光明,颗粒物(PM10),53,54,33,30,20,0,0,14,7,22,20,6,7,1.9,1.2
2026-09-25T2100,2230A,125.9446,41.7323,通化市,铁路,,38,26,28,26,20,0,0,14,7,36,37,7,6,2.0,1.4
2026-09-25T2100,2191A,122.253,43.6801,通辽市,艺术职业学校,,39,39,29,19,12,72,72,94,90,9,8,8,10,0.4,0.4
2026-09-25T2100,3706A,122.2584,43.6333,通辽市,老干部活动中心,,33,33,24,19,9,73,73,92,88,10,8,10,11,0.6,0.5
2026-09-25T2100,3708A,122.2923,43.6189,通辽市,东方明珠社区,,39,39,28,15,9,74,74,96,92,10,10,12,12,0.3,0.3
2026-09-25T2100,1923A,109.0696,35.0699,铜川市,王益区政府,,50,50,32,34,26,32,32,95,74,19,12,7,4,0.9,0.9
2026-09-25T2100,1924A,108.9345,34.9059,铜川市,新区管委会,,46,43,36,32,32,70,70,87,82,18,13,3,3,1.1,1
2026-09-25T2100,4234A,108.949652,34.870529,铜川市,大唐三路,,49,37,34,34,32,60,60,88,76,21,8,5,4,1.0,0.9
2026-09-25T2100,2285A,117.8176,30.9412,铜陵市,市第四中学,颗粒物(PM10),65,71,59,40,36,70,70,126,112,20,21,12,11,0.9,0.8
2026-09-25T2100,2287A,117.7806,30.9413,铜陵市,市新民污水厂,细颗粒物(PM2.5),60,62,51,40,36,67,67,117,103,17,23,8,8,0.7,0.9
2026-09-25T2100,2289A,117.846,30.9414,铜陵市,车站新区,细颗粒物(PM2.5),68,73,65,44,39,71,71,121,106,24,20,12,10,0.8,0.8
2026-09-25T2100,2290A,117.8472,30.9699,铜陵市,市职教基地,细颗粒物(PM2.5),66,63,61,43,33,78,78,128,119,16,17,6,7,0.8,0.8
2026-09-25T2100,2585A,109.1839,27.7344,铜仁市,铜仁卫校,颗粒物(PM10),53,54,38,27,22,35,35,93,83,30,7,2,2,0.5,0.3
2026-09-25T2100,2586A,109.1752,27.6945,铜仁市,铜仁七中,NA,NA,46,30,19,18,NA,NA,94,89,14,6,5,5,0.7,0.6
2026-09-25T2100,2686A,89.1905,42.9419,吐鲁番市,市环保局,,48,48,40,17,17,95,95,104,104,11,20,3,4,0.4,0.4
2026-09-25T2100,2687A,89.1674,42.9558,吐鲁番市,地区环保局,,32,32,38,14,12,84,84,111,110,11,22,4,3,0.3,0.4
2026-09-25T2100,1662A,122.121,37.4231,威海市,华夏技校,,25,12,11,6,12,78,78,86,86,12,8,/,/,0.5,0.4
2026-09-25T2100,1663A,122.0508,37.5236,威海市,山大分校,,27,15,16,8,12,86,86,96,96,18,14,/,/,/,/
2026-09-25T2100,1664A,122.1067,37.5067,威海市,市监测站,,28,7,20,7,12,87,87,93,93,12,14,4,4,0.4,0.5
2026-09-25T2100,1982A,122.0693,37.2175,威海市,文登开发区,,24,16,19,14,14,75,75,91,91,11,13,/,/,/,/
2026-09-25T2100,3505A,122.1379,37.3414,威海市,临港区管委会,,30,7,14,3,11,95,95,97,97,10,9,6,6,0.2,0.3
2026-09-25T2100,1650A,119.1436,36.7022,潍坊市,环保局,,27,12,24,3,13,84,84,91,91,9,14,2,2,0.4,0.5
2026-09-25T2100,2877A,119.1638,36.6524,潍坊市,坊子邮政,,22,19,24,3,16,69,69,85,82,10,12,2,2,0.5,0.6
2026-09-25T2100,3178A,119.0587,36.7209,潍坊市,潍坊七中,,23,12,26,3,18,73,73,85,84,11,14,4,4,0.3,0.4
2026-09-25T2100,3368A,119.1978,36.6871,潍坊市,高新实验学校,,17,17,24,3,12,52,52,84,79,10,10,6,6,0.5,0.6
2026-09-25T2100,3416A,119.1758,36.7139,潍坊市,潍坊学院,,24,17,23,3,18,75,75,89,88,12,12,5,5,0.4,0.5
2026-09-25T2100,3861A,119.2046,36.7696,潍坊市,寒亭区实验一小,,24,22,20,3,11,76,76,92,91,12,13,3,2,0.2,0.3
2026-09-25T2100,1940A,109.4605,34.4927,渭南市,体育馆,,34,34,26,17,15,24,24,93,80,39,9,4,4,0.2,0.1
2026-09-25T2100,1941A,109.4257,34.5067,渭南市,高新一小,,28,22,25,19,18,45,45,94,89,22,5,3,3,0.8,0.6
2026-09-25T2100,4159A,110.4531,35.4578,渭南市,桢州大街,细颗粒物(PM2.5),105,80,42,65,41,48,48,113,104,14,8,7,8,1.2,0.9
2026-09-25T2100,4160A,110.4368,35.4773,渭南市,太史大街,细颗粒物(PM2.5),62,52,47,41,40,45,45,97,85,14,11,8,10,1.0,0.8
2026-09-25T2100,4235A,109.5051,34.4921,渭南市,渭花路4号,,39,34,21,27,19,26,26,90,77,26,7,4,4,0.6,0.5
2026-09-25T2100,1242A,120.6342,28.0088,温州市,瓯海,,30,30,35,13,17,75,75,131,105,7,14,6,6,0.4,0.5
2026-09-25T2100,1243A,120.6747,27.9881,温州市,南浦,,26,26,32,12,17,80,80,129,105,3,10,6,7,0.3,0.4
2026-09-25T2100,1244A,120.76,27.9745,温州市,龙湾,,34,34,42,15,16,80,80,120,96,10,14,8,7,0.3,0.3
2026-09-25T2100,3561A,120.6985,27.9252,温州市,茶山,,31,31,33,18,14,78,78,128,105,8,12,/,/,/,/
2026-09-25T2100,4096A,120.6935,28.0114,温州市,鹿城惠民路,,42,42,41,15,15,81,81,148,106,7,11,/,/,0.4,0.4
2026-09-25T2100,2610A,104.2533,23.3595,文山壮族苗族自治州,州水务局,,30,29,22,21,16,78,78,96,92,7,9,6,6,0.4,0.4
2026-09-25T2100,2611A,104.2319,23.3892,文山壮族苗族自治州,市便民服务中心,,26,26,22,16,17,81,81,100,95,6,7,3,3,0.7,0.7
2026-09-25T2100,2187A,106.8172,39.6972,乌海市,市林业局,颗粒物(PM10),70,78,59,42,30,70,70,128,121,29,23,6,22,0.9,0.9
2026-09-25T2100,2188A,106.7907,39.6666,乌海市,中海勃湾学校,,50,42,44,35,24,86,86,135,129,42,25,12,20,0.6,0.7
2026-09-25T2100,3284A,106.8129,39.7274,乌海市,海北新区,颗粒物(PM10),53,53,58,14,20,45,45,118,110,64,30,2,12,0.5,0.6
2026-09-25T2100,4278A,106.8212,39.6741,乌海市,海拉北路,颗粒物(PM10),59,62,61,29,29,39,39,122,110,40,23,12,26,0.8,0.8
2026-09-25T2100,2197A,113.1306,40.9924,乌兰察布市,集宁新区,颗粒物(PM10),62,66,36,40,23,72,72,116,107,19,24,8,7,0.5,0.4
2026-09-25T2100,3034A,113.1076,41.0385,乌兰察布市,光明街小学,,49,37,37,34,22,71,71,115,103,30,33,6,5,0.5,0.5
2026-09-25T2100,3285A,113.1383,40.9513,乌兰察布市,北京八中,颗粒物(PM10),56,58,45,36,19,65,65,112,101,23,23,8,5,0.5,0.4
2026-09-25T2100,3421A,113.1776,40.9779,乌兰察布市,市委党校,,40,39,34,28,22,90,90,120,112,14,16,4,3,0.6,0.5
2026-09-25T2100,1490A,87.5796,43.8299,乌鲁木齐市,监测站,,32,32,37,11,12,70,70,84,83,22,26,2,3,0.4,0.4
2026-09-25T2100,1491A,87.6044,43.7679,乌鲁木齐市,收费所,,33,33,44,16,17,64,64,82,81,26,37,1,2,0.4,0.5
2026-09-25T2100,1493A,87.5529,43.8704,乌鲁木齐市,铁路局,,31,31,40,14,15,62,62,86,84,26,29,8,8,0.5,0.6
2026-09-25T2100,1494A,87.6408,43.8258,乌鲁木齐市,三十一中学,,33,33,38,11,14,74,74,81,81,16,23,6,8,0.6,0.7
2026-09-25T2100,1496A,87.7218,44.1747,乌鲁木齐市,米东区环保局,,36,36,39,16,13,71,71,92,91,15,10,10,10,0.2,0.2
2026-09-25T2100,3033A,87.4652,43.4569,乌鲁木齐市,培训基地,,30,9,20,8,13,95,95,98,97,4,6,3,4,0.2,0.3
2026-09-25T2100,3437A,88.3088,43.3637,乌鲁木齐市,达坂城区环保局,,30,30,27,16,7,94,94,98,98,6,9,5,4,0.2,0.2
2026-09-25T2100,3438A,87.6132,43.8791,乌鲁木齐市,红光山片区,NA,NA,39,37,16,20,74,74,85,84,20,28,3,4,NA,0.2
2026-09-25T2100,3439A,87.7008,43.8003,乌鲁木齐市,新师大温泉校区,,33,33,42,20,13,78,78,90,89,13,17,2,3,0.3,0.3
2026-09-25T2100,3440A,87.4892,43.84,乌鲁木齐市,大绿谷,,32,32,41,16,15,56,56,81,79,37,31,1,2,0.5,0.5
2026-09-25T2100,1188A,120.2693,31.4864,无锡市,雪浪,,50,41,38,35,23,134,134,164,156,13,16,6,7,0.9,0.8
2026-09-25T2100,1189A,120.2761,31.621,无锡市,黄巷,NA,NA,37,38,22,21,97,97,160,148,22,22,4,4,NA,0.9
2026-09-25T2100,1191A,120.2422,31.5037,无锡市,漆塘,,49,45,46,34,21,124,124,174,162,13,15,7,7,0.7,0.6
2026-09-25T2100,1192A,120.3489,31.5865,无锡市,东亭,,41,41,28,27,19,96,96,144,136,20,22,7,7,0.8,0.6
2026-09-25T2100,1193A,120.3538,31.5474,无锡市,旺庄,,45,40,31,31,19,121,121,158,149,15,19,7,8,1.1,0.9
2026-09-25T2100,1194A,120.2447,31.5633,无锡市,荣巷,,39,36,37,27,20,112,112,162,149,14,18,7,8,0.9,0.8
2026-09-25T2100,1195A,120.2986,31.6816,无锡市,堰桥,,35,24,35,24,16,96,96,146,135,19,22,6,6,0.6,0.4
2026-09-25T2100,4087A,120.3138,31.4927,无锡市,清舒道1号,细颗粒物(PM2.5),54,44,38,37,20,142,142,175,168,10,14,4,4,0.9,0.7
2026-09-25T2100,4254A,120.2925,31.5685,无锡市,健康路105号,,47,47,37,22,18,108,108,158,148,17,18,6,6,0.9,0.7
2026-09-25T2100,2677A,106.1535,37.9648,吴忠市,教育园区,,49,49,34,24,16,77,77,104,97,35,19,8,6,0.7,0.5
2026-09-25T2100,2679A,106.1851,37.9957,吴忠市,新区二泵站,细颗粒物(PM2.5),82,62,40,51,17,81,81,112,106,51,19,10,7,0.6,0.4
2026-09-25T2100,3648A,106.2176,37.9832,吴忠市,文卫南街,细颗粒物(PM2.5),52,46,38,36,19,77,77,121,113,37,18,6,5,0.6,0.5
2026-09-25T2100,1794A,118.3603,31.3515,芜湖市,监测站,细颗粒物(PM2.5),76,60,45,48,30,74,74,133,115,25,21,9,9,0.9,0.9
2026-09-25T2100,1795A,118.3716,31.4135,芜湖市,科创中心,颗粒物(PM10),54,55,43,31,26,75,75,138,120,23,23,9,8,0.8,0.7
2026-09-25T2100,1796A,118.3671,31.3132,芜湖市,四水厂,细颗粒物(PM2.5),60,52,44,40,26,72,72,128,112,31,20,8,8,0.7,0.7
2026-09-25T2100,3328A,118.4209,31.3704,芜湖市,市气象局,颗粒物(PM10),55,57,36,34,26,75,75,139,124,12,11,10,9,0.7,0.6
2026-09-25T2100,3465A,118.4783,31.3226,芜湖市,清苑社区,颗粒物(PM10),64,69,42,39,29,60,60,121,108,36,24,10,7,1.3,0.7
2026-09-25T2100,3466A,118.2746,31.2326,芜湖市,扬子职业技术学院,,49,49,42,33,26,85,85,126,118,19,12,6,7,0.7,0.7
2026-09-25T2100,4099A,118.5726,31.1371,芜湖市,湾沚区人民法院,细颗粒物(PM2.5),70,60,41,45,29,94,94,108,106,15,12,7,6,1.1,0.8
2026-09-25T2100,2496A,111.3126,23.4772,梧州市,市十一中,,45,45,48,28,32,25,25,131,109,48,28,8,10,0.4,0.4
2026-09-25T2100,2498A,111.26,23.4794,梧州市,龙新,,30,30,54,17,31,87,87,155,138,15,24,4,9,0.5,0.5
2026-09-25T2100,4258A,111.2416,23.4155,梧州市,政贤路18号,NA,NA,NA,58,30,31,NA,NA,132,121,9,15,10,18,0.5,0.9
2026-09-25T2100,2711A,87.5352,44.1606,五家渠市,农水大厦,细颗粒物(PM2.5),58,59,34,39,14,44,44,83,78,26,7,6,4,0.6,0.3
2026-09-25T2100,3441A,87.5461,44.1909,五家渠市,经开区管委会,,45,45,38,12,9,72,72,83,83,10,10,6,4,0.4,0.4
2026-09-25T2100,4168A,87.055284,43.999117,五家渠市,建设西街760号,NA,NA,98,54,33,11,NA,NA,95,95,25,12,5,5,0.5,0.3
2026-09-25T2100,1325A,114.3676,30.5584,武汉市,东湖梨园,,41,41,57,26,38,41,41,106,91,12,20,7,8,0.9,1.1
2026-09-25T2100,1326A,114.2527,30.5578,武汉市,汉阳月湖,细颗粒物(PM2.5),52,51,55,36,40,44,44,107,93,12,25,4,4,0.6,0.8
2026-09-25T2100,1327A,114.2819,30.6189,武汉市,汉口花桥,细颗粒物(PM2.5),58,56,53,39,45,44,44,114,96,10,23,7,7,0.6,0.8
2026-09-25T2100,1328A,114.3024,30.5332,武汉市,武昌紫阳,颗粒物(PM10),58,60,64,35,38,52,52,114,98,12,21,8,8,0.8,0.9
2026-09-25T2100,1329A,114.3646,30.6217,武汉市,青山钢花,,45,45,55,28,44,39,39,116,94,10,24,7,8,0.9,1.1
2026-09-25T2100,1330A,114.156697,30.482592,武汉市,沌口新区,颗粒物(PM10),53,53,51,34,38,59,59,115,104,16,25,11,13,0.5,0.6
2026-09-25T2100,1331A,114.3013,30.5944,武汉市,汉口江滩,,45,42,57,31,39,43,43,107,82,9,31,4,4,0.9,1.1
2026-09-25T2100,1333A,114.1285,30.6339,武汉市,吴家山,NA,NA,42,61,28,43,NA,NA,122,109,14,29,8,9,1.0,1.1
2026-09-25T2100,3153A,114.3876,30.4908,武汉市,民族大道182号,细颗粒物(PM2.5),58,42,45,39,39,23,23,117,102,37,21,20,8,3.4,1.4
2026-09-25T2100,2652A,102.6203,37.925,武威市,监测站,颗粒物(PM10),73,82,44,32,16,17,17,106,89,67,29,14,12,0.8,0.4
2026-09-25T2100,4270A,102.6447,37.9293,武威市,钟楼街149号,颗粒物(PM10),58,60,45,25,16,71,71,107,101,29,22,13,11,0.6,0.5
2026-09-25T2100,1463A,108.9931,34.2629,西安市,兴庆小区,,38,38,26,24,18,45,45,78,74,20,10,3,3,0.7,0.5
2026-09-25T2100,1464A,109.0595,34.2569,西安市,纺织城,,42,42,28,23,20,34,34,73,65,19,10,2,3,0.9,0.8
2026-09-25T2100,1465A,108.9377,34.2178,西安市,小寨,,42,35,24,29,18,52,52,73,68,17,11,2,2,0.7,0.6
2026-09-25T2100,1466A,108.9522,34.2739,西安市,市人民体育场,,42,42,28,28,20,55,55,92,87,26,16,3,3,0.8,0.6
2026-09-25T2100,1467A,108.8923,34.2322,西安市,高新西区,,39,38,26,27,18,52,52,77,70,18,11,4,4,0.7,0.6
2026-09-25T2100,1468A,108.9386,34.3446,西安市,经开区,,26,26,32,14,21,62,62,88,85,12,6,1,1,0.5,0.5
2026-09-25T2100,1469A,108.894,34.1557,西安市,长安区,,38,38,27,25,20,48,48,75,56,22,20,2,2,0.6,0.5
2026-09-25T2100,1471A,109.213,34.3748,西安市,临潼区,,20,20,28,8,19,56,56,78,75,12,10,4,3,0.8,0.8
2026-09-25T2100,1474A,109.0508,34.321,西安市,广运潭,,32,32,27,15,18,34,34,75,67,22,11,6,5,0.8,0.7
2026-09-25T2100,3605A,109.1019,34.5302,西安市,无线电监控中心,,23,23,24,12,19,61,61,90,84,14,7,5,5,0.8,0.7
2026-09-25T2100,4055A,108.8869,34.2662,西安市,行知小学,,40,35,24,28,20,57,57,85,79,19,12,3,3,0.7,0.6
2026-09-25T2100,4233A,108.596239,34.118792,西安市,西苑北路977号,,46,46,36,26,22,42,42,82,71,25,11,5,5,0.9,0.9
2026-09-25T2100,4307A,108.9817,34.2035,西安市,曲江池东路988号,,48,48,30,27,18,50,50,73,68,17,12,3,3,0.7,0.6
2026-09-25T2100,3055A,101.7775,36.643,西宁市,城北区政府,,36,36,27,21,14,84,84,100,98,18,15,12,12,0.7,0.9
2026-09-25T2100,3629A,101.8304,36.5785,西宁市,世纪职校,,33,23,22,23,17,60,60,87,86,21,13,27,11,0.9,1.1
2026-09-25T2100,4162A,101.6769,36.6535,西宁市,海晏路105号,,28,28,24,19,15,76,76,93,91,11,16,8,5,0.4,0.5
2026-09-25T2100,2612A,100.8018,21.9995,西双版纳傣族自治州,景洪市江南,,42,42,28,18,16,56,56,86,81,8,8,9,9,0.8,0.8
2026-09-25T2100,2613A,100.7995,22.0238,西双版纳傣族自治州,景洪市江北,,40,40,24,17,12,51,51,84,80,7,5,10,10,0.7,0.6
2026-09-25T2100,2202A,116.1048,43.9318,锡林郭勒盟,市环保监测站,,22,20,28,15,10,64,64,84,74,9,9,3,3,0.2,0.3
2026-09-25T2100,2203A,116.0778,43.9312,锡林郭勒盟,市政府,,21,20,23,7,9,65,65,77,72,6,7,2,2,0.2,0.3
2026-09-25T2100,1287A,118.1519,24.4768,厦门市,洪文,,29,20,33,11,19,90,90,124,98,11,14,3,4,0.3,0.4
2026-09-25T2100,1288A,118.0671,24.4447,厦门市,鼓浪屿,,30,20,36,9,17,95,95,133,112,9,11,2,3,/,/
2026-09-25T2100,2842A,118.0937,24.5054,厦门市,湖里中学,,23,23,35,12,17,55,55,132,108,29,12,4,3,0.5,0.6
2026-09-25T2100,3527A,118.0961,24.5689,厦门市,集美中学,,29,20,37,9,19,92,92,141,121,7,10,2,4,0.3,0.4
2026-09-25T2100,3528A,118.1502,24.7246,厦门市,同安二实小,,30,20,33,14,19,95,95,134,126,4,5,2,3,0.6,0.7
2026-09-25T2100,3655A,114.3379,29.8683,咸宁市,长江产业园,细颗粒物(PM2.5),76,52,36,48,27,25,25,89,72,26,12,4,4,0.8,0.7
2026-09-25T2100,4217A,114.3182,29.8447,咸宁市,双鹤路18号,细颗粒物(PM2.5),76,58,34,48,29,39,39,94,80,18,10,6,6,0.8,0.6
2026-09-25T2100,4298A,114.284,29.8595,咸宁市,碧桂路,细颗粒物(PM2.5),68,57,37,44,25,14,14,84,56,18,12,5,4,0.8,0.6
2026-09-25T2100,1919A,108.6726,34.315,咸阳市,实验中学,,38,38,35,24,23,63,63,93,85,18,12,5,6,0.7,0.7
2026-09-25T2100,1920A,108.7226,34.3622,咸阳市,师范学院,,37,37,28,23,24,53,53,88,83,17,8,6,6,0.8,0.6
2026-09-25T2100,3525A,108.6394,34.408,咸阳市,奥体中心,,32,32,26,21,27,49,49,86,78,14,8,2,2,0.6,0.6
2026-09-25T2100,4056A,108.6601,34.3767,咸阳市,五陵塬路2号,,33,30,27,23,25,49,49,90,84,20,14,5,6,0.6,0.6
2026-09-25T2100,4156A,108.6372,34.3031,咸阳市,胭脂路9号,,40,35,34,28,26,47,47,88,79,22,9,2,2,0.6,0.6
2026-09-25T2100,4157A,108.0371,34.3035,咸阳市,杨扶路,,45,NA,23,31,29,37,37,84,74,14,8,3,3,0.6,0.5
2026-09-25T2100,4158A,108.0895,34.2623,咸阳市,新桥路,,36,NA,24,25,31,61,61,83,80,11,5,5,5,0.5,0.4
2026-09-25T2100,1508A,112.9508,27.8626,湘潭市,板塘,,48,48,57,33,39,105,105,120,118,10,14,7,8,0.5,0.6
2026-09-25T2100,1511A,112.9114,27.8404,湘潭市,市监测站,,49,42,44,34,37,93,93,100,99,15,20,5,7,0.6,0.7
2026-09-25T2100,1512A,112.8935,27.8729,湘潭市,江麓,,50,47,58,35,39,99,99,109,108,12,21,9,10,0.8,0.8
2026-09-25T2100,1513A,112.9227,27.8159,湘潭市,岳塘,细颗粒物(PM2.5),58,47,55,39,40,93,93,107,104,12,13,9,8,0.9,0.7
2026-09-25T2100,1514A,112.9073,27.9118,湘潭市,科大,细颗粒物(PM2.5),52,48,60,36,40,92,92,121,115,12,20,7,8,0.7,1.1
2026-09-25T2100,1562A,113.0048,27.9153,湘潭市,昭山,,48,48,54,31,40,79,79,102,95,6,14,8,9,0.7,0.9
2026-09-25T2100,2493A,109.7298,28.3164,湘西土家族苗族自治州,州政府,细颗粒物(PM2.5),66,53,29,43,28,34,34,82,74,7,5,3,3,0.5,0.5
2026-09-25T2100,2494A,109.6957,28.2676,湘西土家族苗族自治州,吉首市计生局,,35,28,29,24,21,47,47,86,77,9,6,5,6,0.4,0.4
2026-09-25T2100,2432A,112.1555,32.0197,襄阳市,襄城运动路,,22,22,29,14,19,58,58,66,65,10,10,7,6,0.7,0.8
2026-09-25T2100,2434A,112.1829,32.1146,襄阳市,高新管委会,,21,21,22,14,15,59,59,68,67,10,9,7,7,0.7,0.8
2026-09-25T2100,2435A,112.2105,32.0903,襄阳市,襄州航空路,NA,NA,NA,28,NA,16,54,54,64,62,11,10,7,7,0.7,0.8
2026-09-25T2100,3396A,112.0764,32.0089,襄阳市,襄城隆中路,,15,NA,23,10,15,48,48,60,59,14,13,8,8,0.8,0.9
2026-09-25T2100,3397A,112.1154,32.103,襄阳市,高新台子湾,,38,NA,25,26,20,46,46,62,59,13,9,7,7,0.8,0.8
2026-09-25T2100,4251A,112.1433,32.0581,襄阳市,铁院东路4号,,19,17,26,8,15,58,58,67,66,10,9,7,7,0.6,0.7
2026-09-25T2100,2444A,113.9062,30.9378,孝感市,东城区,,30,30,61,6,37,34,34,119,86,7,9,6,8,0.7,0.9
2026-09-25T2100,4125A,113.946,30.8999,孝感市,天仙南路1号,,28,25,61,19,37,31,31,113,85,6,9,5,7,0.6,0.8
2026-09-25T2100,2181A,112.7313,38.457,忻州市,开发区,细颗粒物(PM2.5),106,86,53,66,40,123,123,150,148,23,15,9,7,0.9,0.8
2026-09-25T2100,2182A,112.7023,38.4932,忻州市,会展中心,细颗粒物(PM2.5),116,100,55,77,48,129,129,141,141,16,12,10,7,1.0,0.7
2026-09-25T2100,3208A,112.7279,38.4157,忻州市,市政府,细颗粒物(PM2.5),90,85,53,55,40,125,125,152,150,24,22,9,7,1.0,1.1
2026-09-25T2100,4063A,115.2124,37.9433,辛集市,市政府,颗粒物(PM10),67,73,71,42,39,118,118,142,141,17,13,2,2,0.5,0.5
2026-09-25T2100,4064A,115.2008,37.9338,辛集市,城管大队,细颗粒物(PM2.5),102,NA,61,62,44,117,117,138,137,9,8,3,3,0.6,0.6
2026-09-25T2100,2389A,113.836,35.3104,新乡市,环保西院,颗粒物(PM10),56,58,42,29,21,70,70,114,106,17,9,9,10,0.6,0.5
2026-09-25T2100,2390A,113.8847,35.2724,新乡市,开发区,,40,40,31,21,19,74,74,111,102,19,11,6,6,0.4,0.3
2026-09-25T2100,2391A,113.8836,35.3028,新乡市,环保东院,,45,45,32,27,19,81,81,119,112,18,10,6,7,0.7,0.7
2026-09-25T2100,3054A,113.9194,35.2847,新乡市,市委党校,,45,44,27,31,19,74,74,112,103,18,11,7,7,0.2,0.2
2026-09-25T2100,3475A,113.9189,35.3042,新乡市,市政府,NA,NA,NA,34,NA,20,NA,NA,115,NA,NA,8,NA,5,NA,0.2
2026-09-25T2100,3689A,113.9002,35.372,新乡市,行政服务中心,颗粒物(PM10),52,52,33,28,23,50,50,109,96,31,12,5,7,0.4,0.3
2026-09-25T2100,4215A,113.916569,35.331547,新乡市,建设东路46号,,49,49,36,32,22,76,76,104,99,14,10,9,8,0.4,0.4
2026-09-25T2100,2353A,114.9887,27.8433,新余市,飞宇,NA,NA,38,47,23,37,59,59,109,93,17,15,NA,11,0.6,0.8
2026-09-25T2100,2354A,114.9234,27.8248,新余市,第二水厂,,49,45,59,34,37,49,49,99,85,13,15,11,13,0.6,0.9
2026-09-25T2100,2355A,114.931,27.8037,新余市,市气象局,,40,36,52,28,40,44,44,94,80,19,14,9,9,0.9,1.3
2026-09-25T2100,3206A,114.9148,27.8069,新余市,新钢沁园村,,35,35,49,18,35,55,55,103,90,12,13,12,12,0.5,0.9
2026-09-25T2100,2054A,114.1096,32.1059,信阳市,平桥分局,,19,7,41,7,30,59,59,49,49,7,11,7,7,0.6,0.7
2026-09-25T2100,2064A,113.9956,32.1272,信阳市,南湾水厂,,20,20,48,10,29,49,49,40,40,8,11,6,6,0.6,0.8
2026-09-25T2100,2065A,114.078,32.1194,信阳市,市酿酒公司,,20,20,58,11,31,55,55,46,46,7,13,6,6,0.6,0.8
2026-09-25T2100,2066A,114.0712,32.1393,信阳市,审计局,,21,21,51,9,29,56,56,48,48,6,11,6,6,0.5,0.6
2026-09-25T2100,4280A,122.0921,46.065,兴安盟,洮儿河南路,,25,25,22,6,10,47,47,69,65,9,12,6,6,0.2,0.2
2026-09-25T2100,4311A,122.0383,46.0691,兴安盟,科尔沁北路63号,,21,21,19,6,8,55,55,70,67,7,9,6,7,0.5,0.4
2026-09-25T2100,1077A,114.4687,37.0883,邢台市,达活泉,颗粒物(PM10),55,56,51,30,41,106,106,129,128,5,4,4,3,0.7,0.8
2026-09-25T2100,1078A,114.4954,37.0309,邢台市,邢师高专,颗粒物(PM10),63,68,64,36,38,91,91,126,125,14,9,4,3,0.8,0.8
2026-09-25T2100,1079A,114.5281,37.0857,邢台市,路桥公司,细颗粒物(PM2.5),56,56,50,38,40,94,94,122,122,9,4,6,4,0.7,0.7
2026-09-25T2100,1080A,114.4721,37.0713,邢台市,市环保局,细颗粒物(PM2.5),56,49,56,38,42,107,107,131,130,9,7,7,6,0.5,0.6
2026-09-25T2100,4070A,114.5558,37.0578,邢台市,襄都区政府南院,细颗粒物(PM2.5),74,70,66,47,58,88,88,132,129,21,6,6,3,0.8,0.6
2026-09-25T2100,1180A,117.257,34.2161,徐州市,新城区,,22,22,12,14,6,58,58,69,67,8,8,4,4,0.7,0.7
2026-09-25T2100,1182A,117.2933,34.2796,徐州市,农科院,,28,22,13,19,9,54,54,67,65,9,10,7,6,0.6,0.6
2026-09-25T2100,3005A,117.1812,34.29,徐州市,鼓楼区政府,,23,17,12,16,8,60,60,70,69,8,7,7,7,0.6,0.6
2026-09-25T2100,3006A,117.1693,34.1781,徐州市,铜山区招生办,,25,24,16,17,6,59,59,73,70,10,10,6,5,0.6,0.5
2026-09-25T2100,3288A,117.4619,34.4368,徐州市,大泉街道,,25,25,20,14,9,62,62,75,73,10,11,6,6,0.4,0.5
2026-09-25T2100,4088A,117.1553,34.2567,徐州市,纺织东路16号,,22,18,14,15,7,65,65,73,72,12,12,5,5,0.7,0.7
2026-09-25T2100,4186A,117.194237,34.229354,徐州市,解放南路202号,,27,27,16,18,7,60,60,69,68,13,13,7,7,0.7,0.7
2026-09-25T2100,4288A,117.2438,34.2844,徐州市,龙潭环路5号,,28,22,13,19,9,57,57,68,66,8,7,8,8,0.9,0.9
2026-09-25T2100,2398A,113.7904,33.9949,许昌市,开发区,,42,39,19,29,16,58,58,75,72,14,11,7,5,0.4,0.4
2026-09-25T2100,3134A,113.8172,34.0339,许昌市,市一中,,48,35,15,33,17,54,54,67,64,12,9,7,6,0.6,0.6
2026-09-25T2100,3337A,113.8611,34.0443,许昌市,许昌学院,,43,36,21,30,17,59,59,75,70,15,11,7,6,0.5,0.4
2026-09-25T2100,3338A,113.8428,34.0825,许昌市,芙蓉广场,,49,NA,14,34,18,56,56,73,67,10,10,8,6,0.7,0.6
2026-09-25T2100,4180A,113.8157285,34.126705,许昌市,新元大道996号,,43,32,16,30,19,54,54,73,69,16,12,6,2,0.5,0.5
2026-09-25T2100,4259A,113.835877,34.0155267,许昌市,望田路111号,细颗粒物(PM2.5),52,36,18,36,17,62,62,74,72,16,11,4,4,0.6,0.4
2026-09-25T2100,2316A,118.7578,30.9457,宣城市,鳌峰子站,细颗粒物(PM2.5),64,53,39,42,28,34,34,95,84,26,10,6,6,1.0,0.6
2026-09-25T2100,2317A,118.7384,30.9745,宣城市,敬亭山子站,,39,31,36,27,28,51,51,88,79,7,6,7,3,0.7,0.5
2026-09-25T2100,2318A,118.7172,30.9428,宣城市,开发区子站,细颗粒物(PM2.5),60,43,37,40,34,41,41,94,85,15,8,5,5,0.8,0.6
2026-09-25T2100,2555A,103.011,29.9833,雅安市,市政府,,13,13,16,7,11,27,27,58,53,9,10,6,6,0.8,0.8
2026-09-25T2100,2556A,102.9907,29.9778,雅安市,川农大,,12,12,15,6,9,27,27,48,45,5,6,6,6,0.9,0.9
2026-09-25T2100,4306A,103.0544,30.0133,雅安市,滨江西路,,15,15,16,9,11,28,28,62,60,12,10,4,4,0.6,0.5
2026-09-25T2100,1642A,121.2517,37.564,烟台市,开发区,,28,27,26,10,12,89,89,93,93,12,16,7,5,0.5,0.5
2026-09-25T2100,1644A,121.3181,37.5436,烟台市,西郊化工站,,30,12,19,6,11,95,95,93,93,8,10,4,4,0.5,0.6
2026-09-25T2100,1645A,121.4419,37.4858,烟台市,莱山环保局,,29,19,18,7,13,91,91,95,95,10,12,3,3,0.4,0.4
2026-09-25T2100,1646A,121.2619,37.4965,烟台市,福山环保局,,27,27,31,14,16,73,73,89,86,14,19,3,3,0.4,0.3
2026-09-25T2100,3057A,121.5989,37.4016,烟台市,牟平检察院,,26,14,16,7,13,82,82,94,94,12,9,4,8,0.3,0.3
2026-09-25T2100,3366A,121.5202,37.4336,烟台市,中国农业大学,,27,19,17,11,11,84,84,88,88,13,10,8,8,0.3,0.2
2026-09-25T2100,4213A,121.364239,37.529648,烟台市,青年南路118号,,29,9,14,6,11,90,90,90,90,10,13,7,7,0.5,0.5
2026-09-25T2100,1927A,109.4569,36.6161,延安市,延大医附院,,30,22,37,21,27,21,21,72,67,25,17,4,4,0.9,0.9
2026-09-25T2100,1929A,109.5053,36.6105,延安市,百米大道,,34,34,35,22,29,28,28,77,71,27,19,4,3,0.7,0.7
2026-09-25T2100,4161A,109.485,36.6347,延安市,志丹路,,28,23,38,19,29,72,72,90,89,6,14,4,4,0.9,1
2026-09-25T2100,2237A,129.4704,42.8885,延边朝鲜族自治州,妇幼医院,,22,NA,17,15,10,23,23,57,41,9,9,7,8,0.7,0.6
2026-09-25T2100,2238A,129.5047,42.9117,延边朝鲜族自治州,延边医院,,13,9,14,9,11,41,41,57,43,9,15,4,5,0.6,0.6
2026-09-25T2100,2239A,129.395,42.8884,延边朝鲜族自治州,朝阳川镇医院,,16,13,16,11,9,31,31,59,46,6,7,10,10,0.8,0.7
2026-09-25T2100,1216A,120.1554,33.3941,盐城市,市监测站,,38,33,29,26,17,56,56,126,101,9,9,6,6,0.9,0.8
2026-09-25T2100,1218A,120.214332,33.37951,盐城市,开发区管委会,,49,NA,30,34,20,48,48,118,94,8,6,11,11,0.9,0.8
2026-09-25T2100,3004A,120.1543,33.3664,盐城市,宝龙广场,,39,29,26,27,18,45,45,106,80,7,6,10,9,0.6,0.6
2026-09-25T2100,3293A,120.1518,33.3369,盐城市,月亮广场,,30,30,31,21,19,46,46,118,93,9,7,12,11,0.5,0.5
2026-09-25T2100,3436A,120.4283,33.2048,盐城市,大丰高级中学,,17,17,26,10,20,47,47,142,118,14,7,8,8,0.6,0.5
2026-09-25T2100,4207A,120.12211,33.393982,盐城市,黄海中路88号,,36,36,34,25,15,46,46,122,92,7,5,12,11,0.9,0.8
2026-09-25T2100,1186A,119.3895,32.377,扬州市,邗江监测站,细颗粒物(PM2.5),62,48,40,41,20,68,68,136,117,11,13,3,5,0.9,0.7
2026-09-25T2100,2869A,119.4472,32.4156,扬州市,五台山医院,颗粒物(PM10),69,76,40,33,19,79,79,132,117,8,14,10,12,1.0,0.9
2026-09-25T2100,3164A,119.4682,32.394,扬州市,广陵建设局,细颗粒物(PM2.5),88,NA,40,54,24,84,84,129,116,11,17,10,11,0.5,0.4
2026-09-25T2100,3195A,119.3649,32.3961,扬州市,市体育局,细颗粒物(PM2.5),82,56,41,51,23,65,65,131,112,13,13,9,11,0.7,0.6
2026-09-25T2100,3294A,119.565282,32.422263,扬州市,引江管理处,,40,34,33,28,20,78,78,122,108,5,11,3,4,1.0,0.8
2026-09-25T2100,4093A,119.5202,32.3705,扬州市,廖家沟步道,细颗粒物(PM2.5),60,NA,29,40,20,82,82,123,110,12,16,7,8,0.9,0.7
2026-09-25T2100,1701A,111.9491,21.8658,阳江市,马南垌,,40,37,25,28,16,112,112,102,102,5,4,8,7,0.6,0.6
2026-09-25T2100,3317A,111.9785,21.8954,阳江市,两阳中学,,40,35,27,28,16,108,108,102,102,6,6,/,/,0.6,0.5
2026-09-25T2100,3453A,112.0125,21.8749,阳江市,阳东陶然,,34,30,24,22,17,106,106,104,104,5,7,6,6,0.2,0.3
2026-09-25T2100,1739A,113.4894,37.8717,阳泉市,赛鱼,细颗粒物(PM2.5),60,57,61,40,43,15,15,126,100,44,16,8,8,0.8,0.8
2026-09-25T2100,1740A,113.582,37.8473,阳泉市,南庄,细颗粒物(PM2.5),60,54,63,40,46,68,68,120,110,13,12,5,8,1.0,1
2026-09-25T2100,1742A,113.5616,37.8706,阳泉市,平坦,细颗粒物(PM2.5),72,55,65,46,47,99,99,123,117,9,12,13,13,1.0,1
2026-09-25T2100,1743A,113.5115,37.8391,阳泉市,大阳泉,细颗粒物(PM2.5),62,NA,28,41,24,78,78,114,104,10,13,5,5,0.9,0.8
2026-09-25T2100,3619A,113.6169,37.8565,阳泉市,龙柱,颗粒物(PM10),55,56,66,29,46,81,81,111,103,12,15,6,10,0.8,0.9
2026-09-25T2100,4077A,113.588,37.8712,阳泉市,宁波路,,49,49,49,32,38,97,97,126,120,11,12,7,7,1.0,1.1
2026-09-25T2100,2252A,128.8663,47.7199,伊春市,环保局,,26,26,21,15,12,26,26,61,48,12,11,1,2,0.6,0.7
2026-09-25T2100,2253A,128.9014,47.732,伊春市,电力嘉园,,29,29,23,16,8,26,26,62,51,13,11,3,3,0.1,0
2026-09-25T2100,3342A,128.7948,47.7291,伊春市,中心小学,,30,30,21,13,8,20,20,67,53,11,8,2,2,0.4,0.3
2026-09-25T2100,3343A,128.6736,47.729,伊春市,检察院,,30,30,28,10,6,50,50,73,66,6,5,6,6,0.3,0.3
2026-09-25T2100,4284A,128.8325,47.8447,伊春市,永安路4-1号,,15,15,14,10,10,23,23,67,56,15,5,1,1,0.2,0.2
2026-09-25T2100,2704A,81.3002,43.9177,伊犁哈萨克自治州,新政府片区,,46,46,55,24,17,78,78,91,91,20,22,7,6,0.6,0.5
2026-09-25T2100,2705A,81.3364,43.9409,伊犁哈萨克自治州,第二水厂,,50,50,60,26,17,70,70,98,96,13,23,6,7,0.5,0.6
2026-09-25T2100,4273A,81.2737,43.9337,伊犁哈萨克自治州,安徽路800号,颗粒物(PM10),71,79,71,26,18,44,44,98,93,50,29,5,7,0.8,0.6
2026-09-25T2100,1883A,104.6204,28.7728,宜宾市,市委,,35,33,34,24,24,42,42,62,56,16,12,9,8,0.9,0.8
2026-09-25T2100,1884A,104.6056,28.7931,宜宾市,宜宾四中,,42,39,38,29,25,50,50,68,64,13,8,8,8,1.0,0.9
2026-09-25T2100,1886A,104.5743,28.7199,宜宾市,黄金嘴,,43,43,34,29,18,38,38,66,61,16,10,3,2,0.8,0.7
2026-09-25T2100,3728A,104.6701,28.8053,宜宾市,白酒学院,,31,31,33,19,23,42,42,68,62,13,10,5,5,0.8,0.7
2026-09-25T2100,4149A,104.6146,28.7422,宜宾市,宜宾市职业技术学校,,39,32,31,27,27,58,58,72,68,9,8,6,6,0.9,0.8
2026-09-25T2100,1840A,111.2991,30.6981,宜昌市,白龙岗,,34,34,54,21,33,35,35,50,48,9,12,6,6,0.6,0.7
2026-09-25T2100,1842A,111.263451,30.696754,宜昌市,点军区,NA,NA,NA,49,NA,31,NA,NA,45,45,15,16,6,6,0.5,0.5
2026-09-25T2100,1843A,111.3276,30.782,宜昌市,夷陵区,,45,34,50,31,36,31,31,62,55,15,14,6,6,0.8,0.7
2026-09-25T2100,3546A,111.4606,30.5519,宜昌市,猇亭区张家湾站,,23,23,61,8,33,30,30,49,45,3,11,7,9,0.4,0.5
2026-09-25T2100,4203A,111.3168,30.7203,宜昌市,西陵二路116号,,38,38,51,24,34,36,36,57,54,8,12,8,7,0.8,0.8
2026-09-25T2100,4204A,111.3526,30.6374,宜昌市,沈家店路6号,,37,37,55,13,33,27,27,41,41,12,17,7,7,0.7,0.7
2026-09-25T2100,2373A,114.3954,27.7843,宜春市,市石油公司,,38,35,52,26,36,26,26,82,54,8,9,2,3,0.6,0.7
2026-09-25T2100,2374A,114.37,27.7916,宜春市,市气象局,,39,32,52,27,39,36,36,87,64,8,10,1,2,0.7,0.8
2026-09-25T2100,2375A,114.401,27.8059,宜春市,市广电局,,32,25,45,22,36,38,38,93,68,10,11,4,5,0.5,0.6
2026-09-25T2100,3151A,114.375,27.8096,宜春市,宜春学院北校区,,38,35,54,26,38,31,31,77,57,8,8,2,4,0.7,0.9
2026-09-25T2100,2468A,112.3458,28.581,益阳市,市环保局,细颗粒物(PM2.5),68,58,40,44,36,57,57,113,99,24,14,8,7,1.3,1.1
2026-09-25T2100,4181A,112.3571,28.5588,益阳市,龙洲站,细颗粒物(PM2.5),74,67,46,47,37,66,66,109,98,14,8,8,8,1.1,1.1
2026-09-25T2100,4187A,112.3425,28.611,益阳市,幸福渠东路223号,细颗粒物(PM2.5),74,58,47,47,39,54,54,108,93,24,14,10,9,0.8,0.8
2026-09-25T2100,4188A,112.3712,28.5764,益阳市,益鑫泰路85号,细颗粒物(PM2.5),88,67,46,54,39,39,39,108,92,32,11,11,11,1.0,0.9
2026-09-25T2100,1489A,106.1361,38.5039,银川市,学院路,颗粒物(PM10),60,64,55,28,22,83,83,151,146,48,31,6,6,0.7,0.5
2026-09-25T2100,2924A,106.2266,38.4417,银川市,水乡路,细颗粒物(PM2.5),78,85,43,49,18,81,81,140,135,50,22,9,8,1.1,0.5
2026-09-25T2100,2925A,106.2758,38.4841,银川市,上海东路,,43,43,41,20,16,91,91,144,140,36,25,7,9,0.5,0.4
2026-09-25T2100,2926A,106.1016,38.4971,银川市,文昌北街,颗粒物(PM10),52,52,54,16,20,86,86,137,133,38,36,6,7,0.5,0.5
2026-09-25T2100,3523A,106.5105,38.3857,银川市,滨河新区,,40,40,35,15,16,92,92,152,144,14,24,8,17,0.4,0.5
2026-09-25T2100,4242A,106.226373,38.491976,银川市,广场西路,,36,33,41,24,18,114,114,149,148,31,24,7,7,0.6,0.5
2026-09-25T2100,2358A,117.0561,28.2641,鹰潭市,新监测站,细颗粒物(PM2.5),62,58,46,41,36,57,57,114,94,2,4,4,4,0.5,0.6
2026-09-25T2100,2359A,117.0312,28.2474,鹰潭市,财苑宾馆,颗粒物(PM10),67,73,45,38,35,51,51,111,94,8,9,9,6,/,/
2026-09-25T2100,2360A,117.0221,28.2263,鹰潭市,体育馆,细颗粒物(PM2.5),60,53,45,40,31,47,47,112,93,9,9,6,6,0.6,0.6
2026-09-25T2100,1597A,122.2704,40.7093,营口市,大庆路,颗粒物(PM10),61,65,77,22,35,79,79,75,75,12,29,8,10,0.8,1.2
2026-09-25T2100,1598A,122.215,40.6511,营口市,镜湖西路,,40,40,63,23,37,90,90,96,96,12,31,3,6,0.4,0.7
2026-09-25T2100,1599A,122.1667,40.665,营口市,西炮台,,40,40,77,24,42,91,91,85,85,7,27,5,7,0.5,0.7
2026-09-25T2100,3379A,122.1122,40.2275,营口市,鲅鱼圈市民活动中心,,36,36,64,21,34,72,72,89,83,15,21,4,4,0.7,0.8
2026-09-25T2100,3866A,122.2469,40.663,营口市,三高中,颗粒物(PM10),56,58,72,26,38,82,82,90,89,10,29,10,12,0.8,0.9
2026-09-25T2100,4006A,122.3622,40.6762,营口市,老边实验小学,,48,48,69,33,38,55,55,94,90,31,33,10,13,0.8,1.1
2026-09-25T2100,2478A,111.6126,26.4266,永州市,市环境监测站,,46,40,47,32,41,67,67,106,98,9,10,6,9,0.7,0.8
2026-09-25T2100,2480A,111.6248,26.3803,永州市,永州市环保局,,49,49,55,33,36,50,50,106,94,17,8,6,6,0.8,0.9
2026-09-25T2100,2481A,111.5989,26.4523,永州市,冷水滩区环保局,NA,NA,41,51,30,41,NA,NA,108,105,7,8,5,14,0.9,1
2026-09-25T2100,4299A,111.6195,26.2253,永州市,徐家井路86号,,39,36,38,27,31,70,70,102,94,10,9,8,7,0.9,1
2026-09-25T2100,2639A,109.7445,38.2919,榆林市,世纪广场,,34,34,33,18,24,86,86,117,107,17,15,10,12,0.6,0.6
2026-09-25T2100,2640A,109.729,38.2837,榆林市,实验中学,,30,30,35,16,23,91,91,122,112,18,16,5,10,0.5,0.5
2026-09-25T2100,2641A,109.7347,38.2491,榆林市,环保监测大楼,,35,35,35,18,26,78,78,119,109,26,20,8,10,0.5,0.5
2026-09-25T2100,2511A,110.1433,22.6162,玉林市,南江一中,,33,33,32,23,21,75,75,124,107,8,8,10,10,0.6,0.4
2026-09-25T2100,3532A,110.1951,22.6832,玉林市,玉林师范学院东校区,,38,31,32,26,22,75,75,122,106,12,11,30,11,0.5,0.4
2026-09-25T2100,3533A,110.0527,22.5894,玉林市,福绵环保局,,36,36,28,22,17,66,66,109,95,11,9,6,7,0.7,0.6
2026-09-25T2100,4255A,110.16795,22.640993,玉林市,人民东路196号,,43,32,28,30,21,78,78,116,104,9,9,10,10,0.7,0.6
2026-09-25T2100,2675A,97.0386,33.0138,玉树藏族自治州,玉树县结古镇,,34,6,6,3,2,106,106,114,110,3,10,2,2,0.3,0.3
2026-09-25T2100,1715A,102.575,24.371,玉溪市,东风水库,,23,23,17,7,10,62,62,81,79,8,8,4,4,0.4,0.6
2026-09-25T2100,2882A,102.5388,24.3703,玉溪市,玉溪一中,,18,18,19,12,10,56,56,79,76,10,10,6,5,0.4,0.4
2026-09-25T2100,2883A,102.5382,24.339,玉溪市,文体中心,,18,15,24,7,13,56,56,80,78,10,9,5,6,0.5,0.6
2026-09-25T2100,1848A,113.1494,29.425,岳阳市,城陵矶,NA,NA,55,53,35,29,34,34,116,107,NA,24,4,4,1.2,1.1
2026-09-25T2100,1849A,113.1493,29.3575,岳阳市,开发区,,48,45,44,33,33,68,68,132,125,12,20,6,6,1.0,0.8
2026-09-25T2100,1850A,113.2672,29.4752,岳阳市,云溪区,细颗粒物(PM2.5),66,58,43,43,31,43,43,116,99,17,10,8,6,0.7,0.7
2026-09-25T2100,1851A,112.9944,29.44,岳阳市,君山区,细颗粒物(PM2.5),68,52,47,44,34,72,72,129,119,26,19,4,6,1.1,0.9
2026-09-25T2100,4265A,113.108806,29.353066,岳阳市,求索西路365号,细颗粒物(PM2.5),62,48,46,41,37,50,50,99,91,20,18,4,5,1.2,1.1
2026-09-25T2100,1714A,112.0281,22.9738,云浮市,牧羊,,30,NA,34,15,19,76,76,106,97,6,10,89,38,0.7,0.7
2026-09-25T2100,3628A,112.0335,22.9376,云浮市,文笔,,30,27,34,21,21,69,69,106,99,6,7,6,7,0.5,0.5
2026-09-25T2100,2175A,110.996,35.0148,运城市,运城中学,,24,11,18,11,12,75,75,97,85,6,6,5,5,0.5,0.6
2026-09-25T2100,2178A,110.9685,35.0305,运城市,地区技校,,23,14,17,9,13,72,72,94,85,6,4,4,4,0.6,0.6
2026-09-25T2100,3667A,111.0279,35.0543,运城市,水利职院,,22,16,24,8,14,70,70,86,82,6,5,4,4,0.6,0.6
2026-09-25T2100,3670A,111.0522,35.0439,运城市,禹都公园,,26,16,22,10,11,82,82,92,88,6,5,4,4,0.8,0.9
2026-09-25T2100,4081A,111.0081,35.0748,运城市,学苑北路2555号,,22,16,24,7,14,68,68,89,84,8,6,4,4,0.7,0.7
2026-09-25T2100,1637A,117.5628,34.8379,枣庄市,市中区政府,,21,14,17,9,8,66,66,84,81,10,11,4,6,0.0,0.1
2026-09-25T2100,1638A,117.2855,34.7838,枣庄市,薛城环保局,,20,20,22,6,6,60,60,76,72,18,16,4,3,0.2,0.3
2026-09-25T2100,1639A,117.5854,34.7744,枣庄市,峄城区政府,,26,14,16,7,6,81,81,92,90,6,8,5,6,0.1,0.2
2026-09-25T2100,1641A,117.4516,35.0992,枣庄市,山亭区环保局,,25,19,12,10,5,78,78,87,84,8,9,8,3,0.2,0.2
2026-09-25T2100,3364A,117.316,34.8106,枣庄市,市环保局,,17,15,15,8,6,52,52,68,66,11,10,4,3,0.4,0.5
2026-09-25T2100,4266A,117.7325,34.5683,枣庄市,文化路178号,,20,19,16,11,9,63,63,80,76,12,11,5,5,0.2,0.3
2026-09-25T2100,1680A,110.3648,21.2697,湛江市,湛江影剧院,,20,20,26,8,11,59,59,77,69,6,6,6,6,0.5,0.5
2026-09-25T2100,1681A,110.3907,21.2279,湛江市,市环境监测站,,19,NA,24,12,13,60,60,72,66,3,5,4,5,0.5,0.4
2026-09-25T2100,1682A,110.3936,21.1943,湛江市,环保局宿舍,,28,28,22,13,12,54,54,75,70,12,7,9,8,/,/
2026-09-25T2100,1683A,110.4138,21.2033,湛江市,霞山游泳场,,23,22,16,16,19,61,61,68,64,4,8,7,8,/,/
2026-09-25T2100,1685A,110.4512,21.239,湛江市,坡头区环保局,,20,11,20,9,12,61,61,76,70,2,4,7,8,0.5,0.5
2026-09-25T2100,1858A,110.532,29.1219,张家界市,永定新区,细颗粒物(PM2.5),60,43,37,40,27,42,42,63,60,21,9,/,/,/,/
2026-09-25T2100,1859A,110.4696,29.1244,张家界市,电业局,,40,39,36,28,25,45,45,80,71,18,10,43,4,0.8,0.7
2026-09-25T2100,1860A,110.5573,29.3486,张家界市,未央路,,35,NA,20,24,21,8,8,79,60,11,7,8,8,0.4,0.4
2026-09-25T2100,1057A,114.8884,40.8336,张家口市,人民公园,,31,18,27,18,23,97,97,121,118,4,8,7,7,0,0.1
2026-09-25T2100,1059A,114.868581,40.804273,张家口市,五金库,,31,22,32,13,18,98,98,114,112,9,11,/,/,/,/
2026-09-25T2100,1060A,114.8901,40.762,张家口市,世纪豪园,,30,12,26,9,15,96,96,116,113,9,9,6,6,0.6,0.8
2026-09-25T2100,3131A,114.878,40.7992,张家口市,烟厂,,31,27,30,11,20,99,99,117,115,6,9,/,/,/,/
2026-09-25T2100,3323A,115.2772,40.9723,张家口市,青少年活动中心,,20,7,14,6,12,62,62,112,106,5,5,1,2,0.1,0.2
2026-09-25T2100,2654A,100.4699,38.9525,张掖市,润泉湖,颗粒物(PM10),55,56,47,29,18,51,51,109,102,41,13,3,6,0.6,0.3
2026-09-25T2100,2655A,100.4155,38.9422,张掖市,区工会,,46,46,45,26,18,61,61,121,115,43,12,3,7,0.3,0.3
2026-09-25T2100,2920A,117.71,24.5048,漳州市,蓝田镇,,36,36,49,17,25,94,94,146,133,7,12,7,8,0.4,0.4
2026-09-25T2100,3216A,117.662,24.5187,漳州市,漳州党校,,35,35,44,17,25,102,102,144,136,6,9,/,/,/,/
2026-09-25T2100,3530A,117.6288,24.5309,漳州市,西洋坪路,,37,37,40,15,24,104,104,134,128,7,11,5,6,0.3,0.4
2026-09-25T2100,2596A,103.7668,27.3736,昭通市,监测站,,37,37,41,14,19,54,54,91,80,10,11,5,6,0.5,0.4
2026-09-25T2100,4261A,103.7247,27.3415,昭通市,环东路146号,,35,35,29,12,17,56,56,90,82,13,14,9,9,0.4,0.4
2026-09-25T2100,1397A,112.426,23.062,肇庆市,睦岗子站,,31,31,33,14,19,95,95,122,111,7,11,8,8,/,/
2026-09-25T2100,1398A,112.4645,23.0476,肇庆市,城中子站,,31,31,29,14,17,87,87,118,110,16,12,11,12,0.7,0.7
2026-09-25T2100,1399A,112.5545,23.1525,肇庆市,坑口子站,,30,30,29,19,20,89,89,126,116,7,8,5,8,0.2,0.2
2026-09-25T2100,3313A,112.4572,23.0163,肇庆市,高要湖西,,34,34,34,22,20,86,86,118,108,6,5,7,8,0.6,0.5
2026-09-25T2100,3451A,112.5617,23.2082,肇庆市,鼎湖凤凰,,24,24,26,16,18,62,62,119,103,9,8,7,7,/,/
2026-09-25T2100,1203A,119.6708,32.187,镇江市,新区办事处,,48,35,36,33,24,65,65,130,109,33,20,4,5,0.9,0.6
2026-09-25T2100,1204A,119.497455,32.196732,镇江市,职教中心,,50,46,38,35,25,74,74,109,97,13,15,6,8,0.7,0.6
2026-09-25T2100,1205A,119.43,32.1328,镇江市,丹徒区监测站,NA,NA,53,36,NA,24,NA,NA,126,118,10,18,3,6,0.9,0.7
2026-09-25T2100,2870A,119.4369,32.1891,镇江市,市疾控中心,细颗粒物(PM2.5),56,39,33,38,23,61,61,114,100,20,13,4,9,0.9,0.8
2026-09-25T2100,3287A,119.3842,32.198,镇江市,富润路1号,细颗粒物(PM2.5),74,NA,35,47,28,63,63,126,103,31,17,8,10,0.6,0.4
2026-09-25T2100,1316A,113.6843,34.7622,郑州市,烟厂,,45,43,24,31,24,64,64,96,92,19,8,6,5,0.5,0.4
2026-09-25T2100,1318A,113.669,34.8034,郑州市,银行学校,,46,42,28,32,27,69,69,88,87,17,12,4,4,0.5,0.5
2026-09-25T2100,1319A,113.5612,34.8143,郑州市,供水公司,,44,44,22,29,20,62,62,98,91,19,12,3,2,0.7,0.5
2026-09-25T2100,1320A,113.7269,34.7187,郑州市,经开区管委,,49,49,23,34,23,42,42,92,81,20,6,8,7,0.7,0.5
2026-09-25T2100,1321A,113.7332,34.7727,郑州市,四十七中,,49,45,29,34,24,63,63,92,88,22,11,4,4,0.5,0.4
2026-09-25T2100,1323A,113.6361,34.7537,郑州市,河医大,,48,48,24,32,22,46,46,81,74,18,10,6,6,0.6,0.5
2026-09-25T2100,3471A,113.6104,34.8688,郑州市,惠济区政府,细颗粒物(PM2.5),56,48,24,38,21,46,46,91,82,24,9,5,4,0.7,0.6
2026-09-25T2100,3590A,113.8362,34.566,郑州市,北区建设指挥部,,46,44,23,32,21,20,20,90,63,37,16,4,4,0.6,0.4
2026-09-25T2100,3591A,113.3029,34.8041,郑州市,上街区政府,,50,50,25,32,22,46,46,92,81,25,11,5,3,0.7,0.5
2026-09-25T2100,4293A,113.605125,34.755221,郑州市,计划路2号,NA,NA,50,25,38,23,NA,NA,93,87,19,11,6,4,0.5,0.3
2026-09-25T2100,4294A,113.6525645,34.77362682,郑州市,同乐路9号,细颗粒物(PM2.5),58,NA,27,39,27,58,58,92,86,24,13,4,4,0.5,0.3
2026-09-25T2100,1379A,113.377,22.5211,中山市,华柏园,,31,21,29,14,17,97,97,139,132,11,7,/,/,/,/
2026-09-25T2100,1380A,113.3879,22.5499,中山市,张溪,,34,12,30,10,17,107,107,155,148,12,9,/,/,/,/
2026-09-25T2100,1381A,113.4071,22.5111,中山市,紫马岭,,31,14,27,12,17,99,99,152,146,12,8,9,9,0.6,0.6
2026-09-25T2100,3454A,113.3527,22.4781,中山市,中山南区,,31,19,22,9,18,97,97,136,131,11,7,7,7,0.6,0.5
2026-09-25T2100,2682A,105.1965,37.4996,中卫市,环保局站,颗粒物(PM10),63,67,57,20,21,85,85,108,107,21,31,4,4,0.4,0.5
2026-09-25T2100,3650A,105.1696,37.5164,中卫市,沙坡头区政府站,颗粒物(PM10),63,67,55,9,20,86,86,111,109,20,26,3,4,0.4,0.5
2026-09-25T2100,1416A,106.4216,29.8256,重庆市,天生,,32,32,26,18,14,60,60,80,79,10,8,9,9,0.9,0.8
2026-09-25T2100,1417A,106.6264,29.7226,重庆市,两路,,46,46,36,19,16,67,67,91,90,10,10,6,6,0.7,0.8
2026-09-25T2100,1419A,106.5778,29.5103,重庆市,南坪,,48,48,43,20,19,68,68,114,111,25,20,5,6,0.8,0.8
2026-09-25T2100,1420A,106.6556,29.6277,重庆市,唐家沱,NA,NA,NA,22,NA,18,56,56,104,101,18,15,8,8,0.7,0.7
2026-09-25T2100,3014A,106.4958,29.5347,重庆市,歇台子,,35,35,32,16,15,71,71,97,96,12,13,8,8,0.6,0.6
2026-09-25T2100,3015A,106.4067,29.5729,重庆市,龙井湾,,24,20,27,16,16,74,74,95,94,12,15,8,9,0.8,0.8
2026-09-25T2100,3016A,106.5506,29.415,重庆市,龙洲湾,,34,34,36,19,19,63,63,117,112,19,20,8,10,0.7,0.7
2026-09-25T2100,3133A,106.5469,29.5655,重庆市,上清寺,,39,39,27,25,19,70,70,100,98,14,16,3,3,0.6,0.6
2026-09-25T2100,3346A,108.3871,31.1627,重庆市,安康,,28,21,17,19,14,7,7,43,36,13,11,8,8,0.8,0.8
2026-09-25T2100,3347A,105.8983,29.36,重庆市,北山路,,29,28,25,20,22,74,74,84,84,4,10,8,11,0.6,0.6
2026-09-25T2100,3350A,106.648859,29.023807,重庆市,滩子口,细颗粒物(PM2.5),68,51,48,44,33,96,96,102,102,11,11,22,22,0.5,0.5
2026-09-25T2100,3351A,105.7164,29.7077,重庆市,棠香,,21,21,22,11,11,45,45,63,60,9,7,8,7,0.6,0.5
2026-09-25T2100,3352A,107.0733,29.8618,重庆市,桃源西路,细颗粒物(PM2.5),58,44,34,39,22,64,64,88,85,11,12,7,10,0.8,0.8
2026-09-25T2100,3353A,107.3536,29.7283,重庆市,迎宾大道,细颗粒物(PM2.5),68,48,36,44,25,68,68,92,92,12,19,4,4,0.7,0.7
2026-09-25T2100,3354A,108.8152,29.5079,重庆市,舟白,,41,41,28,28,17,43,43,74,74,13,9,6,5,0.5,0.5
2026-09-25T2100,3355A,108.3679,30.8429,重庆市,周家坝,颗粒物(PM10),52,52,39,34,22,31,31,62,62,29,20,4,4,1.0,0.8
2026-09-25T2100,3356A,108.4323,30.7554,重庆市,百安坝,颗粒物(PM10),66,72,39,37,21,35,35,63,63,19,16,9,8,0.8,0.6
2026-09-25T2100,3482A,107.754,29.3275,重庆市,芙蓉中路,,43,36,22,30,18,20,20,56,53,14,15,10,10,0.7,0.7
2026-09-25T2100,3484A,106.2629,29.3202,重庆市,行政中心,,47,47,38,18,16,75,75,94,93,8,10,12,12,0.6,0.6
2026-09-25T2100,3599A,106.2648,29.9853,重庆市,书院路,,50,37,20,35,21,32,32,56,54,22,12,7,8,1.2,1
2026-09-25T2100,3600A,106.2334,29.5583,重庆市,虎峰,,46,46,40,31,18,59,59,88,86,12,11,44,23,0.9,0.8
2026-09-25T2100,3601A,106.0497,29.8345,重庆市,龙门街,,45,45,28,28,18,46,46,76,73,20,10,5,6,1.0,0.8
2026-09-25T2100,3610A,105.5931,29.4105,重庆市,昌元,细颗粒物(PM2.5),52,NA,20,36,15,52,52,73,69,14,10,8,8,0.7,0.5
2026-09-25T2100,4136A,108.6971,30.9377,重庆市,云师幼儿园,,21,21,14,14,14,43,43,54,54,6,13,5,5,0.8,0.8
2026-09-25T2100,4137A,107.3276,30.3284,重庆市,公安局,,35,35,30,21,16,51,51,65,65,6,9,8,9,0.4,0.5
2026-09-25T2100,4138A,108.0575,30.3254,重庆市,忠县中学,颗粒物(PM10),56,58,41,36,23,36,36,68,68,22,20,6,6,0.9,0.7
2026-09-25T2100,4139A,109.4542,31.0182,重庆市,竹枝路2号,,39,37,27,27,16,4,4,34,32,47,21,6,6,0.9,0.6
2026-09-25T2100,4140A,107.7422,29.871,重庆市,龙河路,细颗粒物(PM2.5),58,52,45,39,27,77,77,102,100,12,13,9,9,1.1,1
2026-09-25T2100,4141A,108.7636,28.84,重庆市,桃花源中路,,47,47,35,25,19,36,36,77,65,8,6,6,8,0.6,0.6
2026-09-25T2100,4142A,108.9758,28.4416,重庆市,秀山县高级中学,细颗粒物(PM2.5),54,43,15,37,18,30,30,75,65,9,6,8,8,0.7,0.7
2026-09-25T2100,4143A,108.1558,29.2859,重庆市,河堡街,,45,NA,25,31,17,18,18,53,48,16,9,7,7,1.1,1
2026-09-25T2100,4223A,106.4686218,29.48920871,重庆市,双山路147号,,36,32,28,25,18,67,67,91,90,17,18,5,6,0.8,0.8
2026-09-25T2100,4246A,105.833962,30.18863087,重庆市,桃园路24号,,36,36,22,23,16,45,45,72,69,11,7,2,3,0.8,0.6
2026-09-25T2100,4247A,107.091033,29.153966,重庆市,钟楼街32号,细颗粒物(PM2.5),76,65,45,48,35,76,76,92,86,8,7,8,9,0.7,0.7
2026-09-25T2100,4248A,107.8042979,30.67350233,重庆市,人民南路309号,,45,45,39,18,13,45,45,70,69,6,9,7,8,0.8,0.8
2026-09-25T2100,1258A,122.1223,30.0203,舟山市,定海檀枫,,31,31,28,13,13,66,66,91,78,9,10,7,7,0.5,0.6
2026-09-25T2100,1260A,122.1898,29.9945,舟山市,临城新区,,21,19,20,8,10,67,67,86,80,9,10,7,7,0.5,0.5
2026-09-25T2100,4033A,122.3124,29.9619,舟山市,普陀东港中学,,24,21,24,8,10,74,74,80,78,4,9,8,8,0.6,0.6
2026-09-25T2100,2068A,114.6755,33.6347,周口市,周口师范,,17,12,23,11,14,52,52,67,64,9,7,2,2,0.5,0.6
2026-09-25T2100,4121A,114.8466,33.7333,周口市,羲皇大道,,23,21,15,16,13,64,64,71,71,8,7,4,4,0.6,0.7
2026-09-25T2100,4269A,114.6701,33.6167,周口市,七一路,,28,28,21,14,18,65,65,73,72,10,9,3,3,0.6,0.7
2026-09-25T2100,4296A,114.6421,33.6417,周口市,健康路46号,,20,20,19,14,16,49,49,67,64,12,10,2,1,0.3,0.4
2026-09-25T2100,4297A,114.649,33.596,周口市,太昊路,,23,22,29,13,18,72,72,76,75,9,9,3,3,0.9,1
2026-09-25T2100,1515A,113.1265,27.8306,株洲市,天台山庄,细颗粒物(PM2.5),58,50,55,39,43,84,84,106,103,10,11,3,5,0.9,1
2026-09-25T2100,1518A,113.0937,27.8919,株洲市,株冶医院,颗粒物(PM10),51,51,54,35,41,64,64,111,103,23,22,5,6,1.2,1.2
2026-09-25T2100,1519A,113.1709,27.8661,株洲市,市四中,细颗粒物(PM2.5),58,53,54,39,43,87,87,111,106,13,17,6,7,0.7,0.8
2026-09-25T2100,1520A,113.1515,27.8265,株洲市,火车站,细颗粒物(PM2.5),58,54,58,39,45,78,78,110,103,15,17,10,13,0.9,1
2026-09-25T2100,1524A,113.1329,27.8491,株洲市,市监测站,细颗粒物(PM2.5),64,48,55,42,44,95,95,115,113,18,20,9,11,0.6,0.8
2026-09-25T2100,2031A,113.1836,27.9959,株洲市,云田中学,细颗粒物(PM2.5),52,47,44,36,37,85,85,120,109,7,7,10,10,0.5,0.6
2026-09-25T2100,1367A,113.5811,22.2618,珠海市,吉大,,28,14,26,11,16,87,87,115,109,9,10,8,8,0.8,0.8
2026-09-25T2100,1368A,113.4893,22.2323,珠海市,前山,,33,22,30,12,17,104,104,128,124,9,11,/,/,/,/
2026-09-25T2100,1369A,113.6284,22.4252,珠海市,唐家,,29,18,26,11,17,91,91,138,126,10,3,/,/,/,/
2026-09-25T2100,1370A,113.2986,22.2284,珠海市,斗门,,35,17,27,14,17,110,110,150,142,6,6,8,8,0.5,0.6
2026-09-25T2100,3308A,113.3493,22.0572,珠海市,金湾,,24,24,27,13,15,75,75,129,114,7,5,/,/,0.3,0.3
2026-09-25T2100,3448A,113.5436,22.1163,珠海市,横琴,,32,32,31,16,17,100,100,123,116,4,6,/,/,/,/
2026-09-25T2100,2420A,114.0194,32.9648,驻马店市,市一纸厂,NA,NA,29,26,13,18,NA,NA,62,62,10,11,6,4,0.3,0.5
2026-09-25T2100,2421A,114.0112,33.0149,驻马店市,市彩印厂,,25,25,27,16,16,51,51,55,55,9,9,2,2,0.4,0.5
2026-09-25T2100,3339A,114.0002,33.0404,驻马店市,小管楼,,25,20,23,17,18,45,45,56,55,16,13,5,6,0.3,0.3
2026-09-25T2100,4202A,113.9856,32.9802,驻马店市,交通路1233号,,26,NA,27,18,18,48,48,57,56,13,12,4,3,0.7,0.8
2026-09-25T2100,2562A,104.6357,30.1508,资阳市,资阳中学,,47,47,31,19,20,46,46,78,77,12,9,3,3,0.4,0.4
2026-09-25T2100,2565A,104.6297,30.1259,资阳市,区法院,,30,NA,15,21,22,56,56,79,78,16,10,2,2,0.8,0.7
2026-09-25T2100,4150A,104.6646,30.1116,资阳市,正兴街66号,,33,30,25,23,20,56,56,74,73,13,9,2,2,0.4,0.4
2026-09-25T2100,1631A,118.0413,36.8101,淄博市,人民公园,,24,24,46,9,38,54,54,83,79,16,17,5,7,0.5,0.5
2026-09-25T2100,1633A,117.8524,36.4848,淄博市,双山,,23,23,38,7,28,32,32,84,74,24,17,6,6,0.9,0.9
2026-09-25T2100,1634A,117.9595,36.6332,淄博市,气象站,,24,24,45,8,34,50,50,90,82,22,17,6,6,0.5,0.7
2026-09-25T2100,3363A,117.9883,36.8372,淄博市,新区,,24,24,43,6,41,54,54,87,82,21,25,4,5,0.8,0.8
2026-09-25T2100,3644A,117.8662,36.8049,淄博市,三金集团,,34,34,59,11,42,50,50,94,87,22,24,4,6,0.5,0.7
2026-09-25T2100,3645A,118.0259,36.8409,淄博市,东风化工厂,,43,43,58,11,42,69,69,100,95,18,21,5,8,0.4,0.5
2026-09-25T2100,4212A,118.3039243,36.82708161,淄博市,广场路1号,,22,NA,35,15,38,38,38,88,78,18,17,3,4,0.3,0.7
2026-09-25T2100,3028A,104.7765,29.3623,自贡市,檀木林体育馆,细颗粒物(PM2.5),56,43,27,38,22,69,69,78,78,10,9,8,8,0.8,0.8
2026-09-25T2100,3360A,104.7894,29.3197,自贡市,南湖救助站,细颗粒物(PM2.5),54,50,36,37,24,64,64,84,83,15,8,8,8,1.2,1.1
2026-09-25T2100,3638A,104.7637,29.3373,自贡市,轻化工大学,细颗粒物(PM2.5),66,48,31,43,29,56,56,74,74,16,9,13,12,1.0,0.8
2026-09-25T2100,4225A,104.714266,29.338571,自贡市,贡兴路74号,NA,NA,NA,27,49,26,NA,NA,81,81,5,4,9,8,0.8,0.6
2026-09-25T2100,1911A,106.9218,27.6872,遵义市,丁字口,NA,NA,37,26,28,25,42,42,101,90,24,17,7,7,NA,1
2026-09-25T2100,1912A,106.9241,27.7044,遵义市,凤凰山,,35,32,29,24,20,86,86,112,109,6,5,10,8,0.7,0.7
2026-09-25T2100,1913A,106.8895,27.648,遵义市,忠庄,,40,40,33,26,24,77,77,106,102,10,9,7,7,0.7,0.7
2026-09-25T2100,1915A,106.9225,27.7253,遵义市,干田坝,,35,35,33,22,22,80,80,113,108,9,11,7,8,0.7,0.7
2026-09-25T2100,4152A,107.0425,27.7087,遵义市,乌江大道东段1号,,39,27,26,27,22,79,79,108,102,12,10,10,10,0.7,0.6
2026-09-25T2100,4245A,106.8609,27.5969,遵义市,遵南大道1161号,细颗粒物(PM2.5),52,49,40,36,25,78,78,110,104,11,9,9,14,0.8,0.7
