timepoint,stationcode,longitude,latitude,area,positionname,primarypollutant,aqi,pm10,pm10_24h,pm2_5,pm2_5_24h,o3,o3_24h,o3_8h,o3_8h_24h,no2,no2_24h,so2,so2_24h,co,co_24h
2024-06-24T1700,2566A,102.1879,31.914,阿坝藏族羌族自治州,州农科所,颗粒物(PM10),51,52,26,14,9,64,,56,56,14,11,4,4,0.0,0
2024-06-24T1700,2568A,102.2502,31.8896,阿坝藏族羌族自治州,马师校,,23,,15,16,14,61,,62,62,17,13,4,5,0.4,0.4
2024-06-24T1700,3994A,102.2165,31.9024,阿坝藏族羌族自治州,马尔康中学西区,,22,13,20,9,11,69,,61,61,6,5,5,5,0.3,0.3
2024-06-24T1700,2695A,80.292,41.1694,阿克苏地区,电视台,颗粒物(PM10),56,61,64,8,23,134,,80,80,5,16,5,6,0.2,0.4
2024-06-24T1700,2696A,80.2613,41.1551,阿克苏地区,艺术中心,颗粒物(PM10),61,71,64,14,24,138,,102,102,6,28,3,4,0.3,0.5
2024-06-24T1700,2204A,105.6467,38.8363,阿拉善盟,西城区西花园,颗粒物(PM10),154,258,248,58,60,118,,101,101,7,10,9,9,0.7,0.6
2024-06-24T1700,2205A,105.6985,38.8411,阿拉善盟,蒙二幼,颗粒物(PM10),178,305,251,106,83,112,,97,97,6,7,8,8,0.5,0.6
2024-06-24T1700,2206A,105.724,38.8516,阿拉善盟,环保局新楼,颗粒物(PM10),166,282,231,102,81,114,,99,99,5,8,10,11,0.5,0.5
2024-06-24T1700,2708A,88.1264,47.8517,阿勒泰地区,市站,,36,30,31,13,8,113,,105,105,10,12,6,6,0.4,0.4
2024-06-24T1700,2630A,80.1161,32.5,阿里地区,阿里监测站,,42,,8,6,5,132,,126,126,2,6,7,7,0.4,0.4
2024-06-24T1700,3192A,80.0903,32.5028,阿里地区,阿里藏医院,,42,7,10,3,5,134,,128,128,3,4,7,7,0.4,0.5
2024-06-24T1700,2642A,109.0318,32.6537,安康市,香溪洞,,32,32,30,16,15,79,,68,68,4,5,6,7,0.6,0.6
2024-06-24T1700,2643A,109.0281,32.6939,安康市,安康市监测站,,32,32,34,9,11,78,,74,74,4,9,6,8,0.5,0.6
2024-06-24T1700,2644A,109.0072,32.6975,安康市,汉滨区检察院,,27,27,32,10,14,81,,79,79,4,8,7,7,0.5,0.5
2024-06-24T1700,2291A,117.0809,30.5177,安庆市,环科院,,18,13,18,3,11,55,,66,63,7,8,4,5,0.5,0.6
2024-06-24T1700,2292A,117.0331,30.5119,安庆市,马山宾馆,,17,16,16,6,12,52,,64,64,15,17,6,8,0.5,0.6
2024-06-24T1700,2294A,116.9896,30.6145,安庆市,安庆大学,,28,23,22,19,14,80,,82,79,12,11,10,8,0.4,0.3
2024-06-24T1700,3173A,117.0598,30.5351,安庆市,市人大,,18,18,17,9,13,53,,66,66,12,13,5,6,0.4,0.5
2024-06-24T1700,3122A,105.9606,26.2611,安顺市,伍家关,,,,,,,,,,,,,,,,
2024-06-24T1700,3123A,105.9408,26.2431,安顺市,凤凰山,,33,12,14,3,8,105,,99,99,4,5,5,7,0.4,0.2
2024-06-24T1700,3124A,105.9439,26.2564,安顺市,金钟山,,32,10,13,3,10,100,,97,97,4,5,4,6,0.4,0.4
2024-06-24T1700,3125A,105.8983,26.2481,安顺市,娄家坡,,33,13,17,7,8,103,,98,98,6,6,6,5,0.5,0.5
2024-06-24T1700,1818A,114.4839,36.0621,安阳市,棉研所,,,,,,,,,,,,,,,,
2024-06-24T1700,1819A,114.3551,36.1017,安阳市,红庙街,颗粒物(PM10),59,67,155,16,35,146,,124,124,1,6,2,3,0.4,0.5
2024-06-24T1700,1820A,114.361,36.0681,安阳市,银杏小区,颗粒物(PM10),64,77,165,24,33,145,,122,122,9,15,6,7,0.2,0.3
2024-06-24T1700,3141A,114.3922,36.0878,安阳市,信访局,颗粒物(PM10),62,74,166,21,30,144,,123,123,2,7,5,6,0.4,0.5
2024-06-24T1700,3669A,114.4705,36.0637,安阳市,左辅环卫站,颗粒物(PM10),65,79,171,24,42,147,,125,125,2,9,2,2,0.2,0.2
2024-06-24T1700,3703A,114.2917,36.0949,安阳市,安钢职工学校,颗粒物(PM10),66,82,181,23,43,143,,120,120,4,12,4,6,0.2,0.6
2024-06-24T1700,1748A,123.044,41.1196,鞍山市,深沟寺,,35,11,38,3,13,109,,100,100,8,15,8,10,0.3,0.5
2024-06-24T1700,1749A,123.011,41.0931,鞍山市,太阳城,,35,14,45,3,16,112,,97,97,8,25,8,13,0.6,1.6
2024-06-24T1700,1750A,123.0485,41.1442,鞍山市,太平,,33,14,40,3,17,104,,96,96,9,14,4,7,0.4,0.7
2024-06-24T1700,1751A,122.9642,41.0971,鞍山市,铁西三道街,,35,16,37,3,12,109,,101,101,13,14,16,8,0.7,0.7
2024-06-24T1700,1752A,122.9341,41.0833,鞍山市,铁西工业园区,,36,10,34,3,11,113,,103,103,14,17,5,5,0.5,0.6
2024-06-24T1700,1753A,123.022,41.0821,鞍山市,明达新区,,32,23,52,6,15,102,,89,89,8,17,6,11,0.5,1
2024-06-24T1700,1754A,123.1289,41.0228,鞍山市,千山,,,,,,,,,,,,,,,,
2024-06-24T1700,2195A,107.4212,40.761,巴彦淖尔市,附二中,颗粒物(PM10),116,182,383,53,99,123,,106,106,4,12,4,6,0.4,0.4
2024-06-24T1700,2196A,107.37,40.7372,巴彦淖尔市,市环保大楼,颗粒物(PM10),117,184,348,34,84,123,,108,108,4,9,4,4,0.3,0.3
2024-06-24T1700,1956A,86.1472,41.7538,巴音郭楞蒙古自治州,孔雀公园,,47,38,66,11,16,148,,127,127,8,28,3,5,0.3,0.5
2024-06-24T1700,1957A,86.1972,41.7166,巴音郭楞蒙古自治州,棉纺厂,,46,36,59,19,14,145,,125,125,7,27,5,5,0.2,0.3
2024-06-24T1700,1958A,86.2357,41.7173,巴音郭楞蒙古自治州,经济开发区,,46,19,67,16,19,147,,133,133,4,11,3,3,0.2,0.2
2024-06-24T1700,2914A,106.7677,31.8794,巴中市,苏山坪,,47,47,53,29,31,128,,82,82,10,17,4,5,0.5,0.5
2024-06-24T1700,3182A,106.7656,31.8545,巴中市,丽阳花园,,45,43,53,31,33,139,,77,77,11,26,6,6,0.6,0.7
2024-06-24T1700,3183A,106.7418,31.8654,巴中市,圣泉水务公司,,48,48,50,32,31,139,,76,76,10,27,4,4,0.6,0.6
2024-06-24T1700,3616A,106.7616,31.8344,巴中市,市中心医院,,44,43,54,27,31,139,,72,72,8,23,6,6,0.6,0.6
2024-06-24T1700,2235A,122.7911,45.6077,白城市,洮北区环保局,,21,11,13,11,6,66,,68,68,7,9,6,5,0.2,0.2
2024-06-24T1700,2236A,122.8738,45.5725,白城市,市环保局,,23,9,6,7,7,72,,74,74,5,7,3,3,0.1,0.2
2024-06-24T1700,2231A,126.4219,41.9171,白山市,喜丰,,19,14,36,3,13,58,,71,71,8,12,11,11,0.9,1
2024-06-24T1700,2232A,126.4077,41.9419,白山市,环保局,,17,10,42,3,13,53,,68,68,7,12,9,10,0.8,1
2024-06-24T1700,2647A,104.1724,36.5446,白银市,第三小学,颗粒物(PM10),51,52,65,18,20,147,,125,125,10,19,14,75,0.4,0.7
2024-06-24T1700,2648A,104.1465,36.5482,白银市,动力公司,,45,41,52,10,15,142,,128,128,11,13,14,29,0.2,0.4
2024-06-24T1700,2512A,106.6103,23.9011,百色市,市监测站,,18,13,26,9,15,56,,62,62,6,10,4,12,0.6,0.7
2024-06-24T1700,2513A,106.6538,23.8859,百色市,市中心血站,,29,29,27,9,13,65,,65,65,9,10,2,10,0.6,0.7
2024-06-24T1700,3406A,106.6085,23.8798,百色市,祈福高中,,29,29,30,9,21,61,,65,65,9,10,6,15,0.7,0.9
2024-06-24T1700,2270A,117.396,32.939,蚌埠市,工人疗养院,颗粒物(PM10),58,66,48,25,17,148,,124,124,5,11,8,8,0.5,0.5
2024-06-24T1700,2271A,117.3605,32.9427,蚌埠市,百货大楼,颗粒物(PM10),60,70,46,23,20,153,,130,130,8,12,6,6,0.4,0.4
2024-06-24T1700,2273A,117.4185,32.8911,蚌埠市,蚌埠学院,颗粒物(PM10),54,58,40,21,17,143,,124,124,15,13,8,8,0.5,0.5
2024-06-24T1700,2274A,117.3533,32.9673,蚌埠市,淮上区政府,颗粒物(PM10),52,53,40,25,21,147,,128,128,5,9,6,7,0.4,0.4
2024-06-24T1700,2275A,117.3145,32.8977,蚌埠市,高新区,颗粒物(PM10),62,73,44,25,20,157,,127,127,10,18,7,9,0.5,0.5
2024-06-24T1700,3715A,117.3092,32.9314,蚌埠市,蚌埠田家炳中学,颗粒物(PM10),60,69,47,27,19,156,,128,128,4,11,7,8,0.3,0.3
2024-06-24T1700,1585A,109.8756,40.6532,包头市,市环境监测站,颗粒物(PM10),67,83,124,25,35,140,,119,119,10,21,11,11,0.5,0.5
2024-06-24T1700,1587A,109.9991,40.5842,包头市,包头八中,,45,42,133,15,46,143,,112,112,7,23,8,12,0.3,0.7
2024-06-24T1700,1588A,109.8538,40.6821,包头市,青山宾馆,颗粒物(PM10),55,59,102,24,40,141,,114,114,12,16,17,9,0.7,0.5
2024-06-24T1700,1589A,109.8642,40.6288,包头市,惠龙物流,,,64,123,,37,146,,122,122,10,16,16,14,0.5,0.4
2024-06-24T1700,1590A,110.0377,40.5546,包头市,东河鸿龙湾,,44,32,121,3,24,138,,113,113,6,16,10,10,0.4,0.6
2024-06-24T1700,3283A,109.9154,40.5685,包头市,滨河大厦,,46,46,108,15,33,142,,114,114,6,22,10,11,0.5,0.5
2024-06-24T1700,3419A,109.9447,40.6261,包头市,包头市委党校,,45,43,119,14,52,144,,114,114,8,26,12,11,0.3,0.3
2024-06-24T1700,3683A,109.8331,40.6576,包头市,昆区政府,颗粒物(PM10),62,73,124,29,40,142,,114,114,14,14,17,10,0.7,0.5
2024-06-24T1700,1930A,107.185,34.3063,宝鸡市,庙沟村,,47,46,35,18,9,149,,135,135,6,8,10,10,0.3,0.2
2024-06-24T1700,1931A,107.0708,34.3017,宝鸡市,竹园沟,臭氧1小时,83,51,34,19,13,186,,161,161,10,15,9,8,0.6,0.5
2024-06-24T1700,1932A,107.1906,34.3672,宝鸡市,三陆医院,,50,44,44,25,16,160,,143,143,10,26,7,10,0.3,0.4
2024-06-24T1700,1933A,107.1431,34.3547,宝鸡市,监测站,臭氧1小时,54,50,38,16,15,163,,152,152,11,18,9,9,0.3,0.4
2024-06-24T1700,1934A,107.1186,34.3739,宝鸡市,技工学校,臭氧1小时,62,37,36,10,15,169,,150,150,10,14,7,7,0.3,0.4
2024-06-24T1700,1935A,107.3906,34.3528,宝鸡市,陈仓区环保局家属楼,臭氧1小时,52,41,40,9,17,161,,141,141,8,19,6,13,0.2,0.4
2024-06-24T1700,1936A,107.2058,34.3497,宝鸡市,文理学院,臭氧1小时,55,40,40,10,10,164,,147,147,10,18,8,8,0.3,0.3
2024-06-24T1700,1937A,107.2386,34.3622,宝鸡市,三迪小学,臭氧1小时,52,41,44,33,14,161,,142,142,19,26,8,9,0.2,0.3
2024-06-24T1700,1051A,115.493,38.8632,保定市,游泳馆,,44,28,68,3,18,138,,114,114,2,3,3,4,0,0
2024-06-24T1700,1052A,115.5213,38.8959,保定市,华电二区,,43,10,57,3,23,136,,114,114,2,8,2,2,0.0,0
2024-06-24T1700,1053A,115.4713,38.9108,保定市,接待中心,,41,23,56,3,19,130,,109,109,2,6,1,2,0.2,0.2
2024-06-24T1700,1054A,115.4612,38.8416,保定市,地表水厂,,43,29,78,14,24,137,,114,114,3,7,3,3,0.1,0.2
2024-06-24T1700,3581A,115.31981,38.95208,保定市,满城区生态环境分局,,42,19,69,3,15,132,,115,115,2,6,3,2,0.1,0.1
2024-06-24T1700,3582A,115.47694,38.76408,保定市,清苑区第二中学,,45,18,74,3,15,143,,119,119,8,15,4,4,0.2,0.2
2024-06-24T1700,3583A,115.62909,39.02311,保定市,徐水物探局,,42,9,63,3,11,133,,115,115,1,8,3,3,0.2,0.2
2024-06-24T1700,4004A,115.4202,38.8656,保定市,双鹰农机,,44,21,60,6,31,138,,119,119,1,4,3,3,0.2,0.1
2024-06-24T1700,4034A,115.5150,38.8590,保定市,植保所站,,46,24,63,12,24,146,,120,120,2,5,2,3,0.1,0.1
2024-06-24T1700,2594A,99.1678,25.1081,保山市,市环境监测站,,33,,20,23,17,61,,61,61,5,6,5,5,0.6,0.6
2024-06-24T1700,2595A,99.1711,25.1328,保山市,市环保局,,25,25,24,7,7,67,,65,65,3,4,3,5,0.4,0.4
2024-06-24T1700,1866A,109.2262,21.588,北海市,牛尾岭水库,,,,,,,,,,,,,,,,
2024-06-24T1700,1867A,109.1436,21.4086,北海市,海滩公园,,17,17,15,3,3,51,,62,62,3,4,3,3,0.6,0.5
2024-06-24T1700,1868A,109.0981,21.4661,北海市,新市环保局,,16,16,12,3,5,50,,61,61,4,5,5,5,0.6,0.6
2024-06-24T1700,1869A,109.1778,21.5233,北海市,北海工业园,,20,20,18,7,10,51,,61,61,4,6,4,5,0.5,0.6
2024-06-24T1700,3400A,109.1911,21.4415,北海市,龙潭自来水厂,,16,11,12,3,8,50,,62,62,3,3,5,5,0.4,0.5
2024-06-24T1700,1001A,116.3621,39.8784,北京市,万寿西宫,,38,9,38,3,13,119,,112,112,12,16,3,3,0.1,0.2
2024-06-24T1700,1002A,116.2202,40.2915,北京市,定陵,,30,6,29,3,11,96,,88,88,7,9,3,3,0.2,0.1
2024-06-24T1700,1003A,116.4174,39.9289,北京市,东四,,35,11,38,3,13,110,,105,105,7,11,3,3,0.3,0.3
2024-06-24T1700,1004A,116.4072,39.8863,北京市,天坛,,35,9,37,3,13,112,,107,107,10,12,3,3,0.1,0.2
2024-06-24T1700,1005A,116.462,39.9365,北京市,农展馆,,34,10,38,3,13,106,,102,102,6,11,5,4,0.1,0.2
2024-06-24T1700,1006A,116.3392,39.9295,北京市,官园,,38,12,42,3,16,119,,109,109,11,14,3,4,0.1,0.2
2024-06-24T1700,1007A,116.2878,39.9611,北京市,海淀万柳,,36,10,37,3,12,114,,103,103,8,15,4,4,0.1,0.1
2024-06-24T1700,1008A,116.6636,40.135,北京市,顺义新城,,35,9,26,3,10,109,,102,102,10,10,3,3,0.1,0.2
2024-06-24T1700,1009A,116.6275,40.3275,北京市,怀柔镇,,33,7,27,3,10,105,,99,99,6,5,2,2,0.1,0.2
2024-06-24T1700,1010A,116.2296,40.217,北京市,昌平镇,,30,10,34,3,11,94,,88,88,6,7,1,1,0.2,0.2
2024-06-24T1700,1011A,116.3966,39.9821,北京市,奥体中心,,28,10,38,3,14,87,,83,83,6,13,3,2,0.1,0.2
2024-06-24T1700,1012A,116.184,39.9136,北京市,古城,,36,9,36,3,12,115,,103,103,8,10,1,1,0.1,0.1
2024-06-24T1700,3281A,115.9718,40.4529,北京市,延庆夏都,,40,,34,28,15,101,,95,95,3,10,3,3,0.1,0.1
2024-06-24T1700,3417A,117.0709,40.1465,北京市,平谷新城,,28,7,54,3,20,88,,83,83,9,10,3,3,0.1,0.3
2024-06-24T1700,3418A,116.8336,40.4095,北京市,密云新城,,33,6,30,3,10,104,,97,97,3,5,3,3,0.1,0.1
2024-06-24T1700,3671A,116.088,39.9726,北京市,门头沟三家店,,,,,,,,,,,,,,,,
2024-06-24T1700,3672A,116.1541,39.8204,北京市,丰台云岗,,33,12,37,3,12,103,,96,96,7,7,3,3,0.1,0.2
2024-06-24T1700,3673A,116.6804,39.9081,北京市,通州东关,,32,14,42,3,14,101,,101,101,10,13,3,3,0.1,0.2
2024-06-24T1700,3674A,115.9577,39.7603,北京市,房山燕山,,34,16,28,3,11,107,,84,84,9,3,3,3,0.2,0.3
2024-06-24T1700,3675A,116.4672,39.7733,北京市,大兴旧宫,,34,11,37,3,11,107,,97,97,12,16,1,2,0.1,0.2
2024-06-24T1700,3694A,115.986,40.4563,北京市,延庆石河营,,31,6,30,3,11,98,,92,92,5,10,3,2,0.1,0.1
2024-06-24T1700,3695A,116.6151,40.3053,北京市,怀柔新城,,31,7,26,3,9,97,,93,93,6,4,3,3,0.2,0.2
2024-06-24T1700,3696A,116.2545,39.8768,北京市,丰台小屯,,33,9,36,3,12,103,,95,95,2,6,3,3,0.1,0.2
2024-06-24T1700,3697A,116.84,40.3844,北京市,密云镇,,31,6,25,3,9,97,,93,93,4,8,3,2,0.1,0.2
2024-06-24T1700,1761A,123.8275,41.3064,本溪市,大峪,,25,7,39,3,14,80,,78,78,8,14,10,10,0.3,0.4
2024-06-24T1700,1762A,123.7567,41.3325,本溪市,溪湖,,31,8,41,3,12,99,,77,77,7,20,10,10,0.4,0.5
2024-06-24T1700,1763A,123.7169,41.3094,本溪市,彩屯,,28,12,36,3,15,87,,76,76,20,17,8,8,0.5,0.4
2024-06-24T1700,1764A,123.7669,41.2864,本溪市,东明,,29,15,43,3,14,92,,81,81,14,18,7,7,0.4,0.4
2024-06-24T1700,1765A,123.7992,41.2664,本溪市,新立屯,,28,11,37,3,10,89,,81,81,8,12,6,6,0.5,0.6
2024-06-24T1700,1766A,123.8142,41.3472,本溪市,威宁,,23,14,46,3,17,72,,75,75,10,17,8,8,0.5,0.5
2024-06-24T1700,2587A,105.2864,27.3125,毕节市,八中,,31,12,17,6,10,98,,90,90,5,8,5,5,0.4,0.4
2024-06-24T1700,2588A,105.31,27.2944,毕节市,师专,,29,11,18,9,14,91,,90,88,8,10,3,4,0.4,0.4
2024-06-24T1700,3537A,105.3631,27.3533,毕节市,长征村,,31,10,26,6,17,99,,104,104,7,9,6,6,0.5,0.5
2024-06-24T1700,1629A,118.0018,37.3617,滨州市,第二水厂,,37,9,128,3,39,118,,116,116,3,7,3,6,0.1,0.3
2024-06-24T1700,1630A,117.9776,37.393,滨州市,北中新校,,36,14,128,3,40,113,,113,113,4,9,1,6,0.1,0.3
2024-06-24T1700,3514A,117.9378,37.3956,滨州市,中海酒店,,39,,119,7,41,123,,124,124,5,12,3,7,0.1,0.3
2024-06-24T1700,3515A,117.9378,37.3553,滨州市,开发区一中,,38,14,128,3,30,119,,120,120,2,7,4,8,0.4,0.5
2024-06-24T1700,3516A,118.0917,37.694,滨州市,金海六路,,43,17,119,3,34,135,,113,113,5,14,6,6,0.4,0.3
2024-06-24T1700,4028A,117.9956,37.3753,滨州市,滨州市西街道办事处,,39,6,123,3,43,123,,121,121,6,8,2,6,0.3,0.5
2024-06-24T1700,2311A,115.8072,33.8399,亳州市,污水处理厂,颗粒物(PM10),89,128,111,38,34,171,,145,145,13,13,5,5,0.4,0.5
2024-06-24T1700,2312A,115.7789,33.8518,亳州市,三国揽胜宫,颗粒物(PM10),87,124,103,40,33,161,,141,141,9,12,5,4,0.5,0.5
2024-06-24T1700,3332A,115.7633,33.8034,亳州市,亳州学院,颗粒物(PM10),93,135,116,28,25,174,,151,151,8,11,6,6,0.3,0.4
2024-06-24T1700,2693A,82.0485,44.8556,博尔塔拉蒙古自治州,市党校,,39,20,25,15,8,124,,113,113,8,9,10,10,0.4,0.4
2024-06-24T1700,2694A,82.0806,44.8969,博尔塔拉蒙古自治州,市环保局,颗粒物(PM10),71,92,34,19,14,125,,112,112,10,13,9,9,0.7,0.5
2024-06-24T1700,1071A,116.8842,38.2991,沧州市,沧县城建局,,48,31,103,11,37,151,,132,132,8,16,3,4,0.3,0.5
2024-06-24T1700,1072A,116.8584,38.3254,沧州市,电视转播站,,48,29,97,3,38,152,,131,131,4,13,3,3,0.2,0.3
2024-06-24T1700,1073A,116.8709,38.3228,沧州市,市环保局,,48,26,100,15,40,152,,132,132,11,15,1,3,0.2,0.4
2024-06-24T1700,3324A,116.8136,38.3004,沧州市,河北水利电力学院,,49,17,91,9,38,155,,136,136,7,11,2,3,0.1,0.3
2024-06-24T1700,2622A,97.1806,31.1273,昌都市,昌都监测站,,32,9,9,3,6,100,,93,93,8,8,6,6,0.4,0.4
2024-06-24T1700,3719A,97.1714,31.1406,昌都市,昌都会议中心,,,,10,3,5,108,,97,97,3,4,6,6,0.3,0.3
2024-06-24T1700,2690A,88.1236,43.8886,昌吉回族自治州,天山天池,臭氧1小时,57,25,20,3,6,165,,142,142,8,7,9,7,0.7,0.6
2024-06-24T1700,2692A,87.2717,44.0297,昌吉回族自治州,新区政务中心,,40,14,35,8,10,127,,124,124,4,15,9,12,0.2,0.4
2024-06-24T1700,3613A,87.3095,44.0142,昌吉回族自治州,亚心广场,,42,34,46,14,13,133,,127,127,10,25,9,10,0.2,0.4
2024-06-24T1700,1119A,125.3325,43.9166,长春市,食品厂,,14,11,8,7,7,43,,42,42,16,14,5,5,0.4,0.3
2024-06-24T1700,1120A,125.2863,43.9027,长春市,客车厂,,14,6,7,3,6,43,,42,42,13,13,3,3,0.2,0.2
2024-06-24T1700,1121A,125.2841,43.8463,长春市,邮电学院,,15,6,6,3,4,45,,44,44,9,11,7,6,0.2,0.3
2024-06-24T1700,1122A,125.3716,43.8772,长春市,劳动公园,,16,6,6,3,2,51,,49,49,9,11,4,4,0.3,0.3
2024-06-24T1700,1123A,125.3297,43.8805,长春市,园林处,,15,6,6,3,6,45,,42,42,9,13,6,4,0.3,0.3
2024-06-24T1700,1124A,125.4605,43.79,长春市,净月潭,,15,6,7,3,2,46,,45,45,8,9,4,4,0.3,0.3
2024-06-24T1700,1125A,125.7194,43.515,长春市,甩湾子,,,,,,,,,,,,,,,,
2024-06-24T1700,1126A,125.3863,43.8447,长春市,经开区环卫处,,16,6,7,3,3,50,,48,48,10,11,4,4,0.2,0.2
2024-06-24T1700,1127A,125.245,43.7783,长春市,高新区管委会,,15,6,8,3,3,47,,47,47,10,9,7,5,0.2,0.2
2024-06-24T1700,1128A,125.1761,43.8325,长春市,岱山公园,,15,10,5,3,2,47,,48,48,11,9,4,4,0.3,0.3
2024-06-24T1700,1335A,113.0833,28.2325,长沙市,经开区环保局,,39,15,16,3,9,122,,98,98,4,12,3,4,0.3,0.5
2024-06-24T1700,1336A,112.8872,28.2189,长沙市,高开区环保局,,36,17,19,7,12,113,,81,81,6,15,4,4,0.4,0.6
2024-06-24T1700,1337A,113.0792,28.2053,长沙市,马坡岭,,37,17,17,8,8,116,,94,94,4,12,6,6,0.3,0.4
2024-06-24T1700,1338A,112.9394,28.19,长沙市,湖南师范大学,,34,21,20,9,11,108,,84,84,6,12,5,4,0.5,0.7
2024-06-24T1700,1339A,113.0178,28.1322,长沙市,雨花区环保局,,37,17,16,10,11,116,,85,85,2,9,3,2,0.4,0.5
2024-06-24T1700,1340A,112.9792,28.2597,长沙市,伍家岭,,34,19,21,3,8,106,,84,84,4,14,4,4,0.4,0.4
2024-06-24T1700,1341A,113.0014,28.1944,长沙市,火车新站,,,25,18,22,8,,,56,,,16,3,2,0.0,0.5
2024-06-24T1700,1342A,112.9844,28.1178,长沙市,天心区环保局,,,,14,10,10,109,,76,76,2,11,3,3,0.6,0.8
2024-06-24T1700,1343A,112.8908,28.1308,长沙市,湖南中医药大学,,,13,17,3,8,111,,82,82,,14,7,7,0.5,0.8
2024-06-24T1700,1344A,112.9581,28.3611,长沙市,沙坪,,,,17,11,10,121,,52,,,7,6,5,0.3,0.4
2024-06-24T1700,1727A,113.1147,36.1547,长治市,清华站,颗粒物(PM10),109,168,123,51,36,155,,127,127,10,11,12,11,0.3,0.3
2024-06-24T1700,1728A,113.1031,36.1989,长治市,监测站,颗粒物(PM10),103,156,126,58,40,148,,126,126,14,15,6,7,0.4,0.5
2024-06-24T1700,1730A,113.0886,36.2125,长治市,审计局,颗粒物(PM10),101,152,121,51,36,144,,121,121,18,19,5,6,0.2,0.3
2024-06-24T1700,1731A,113.0844,36.1856,长治市,长治八中,颗粒物(PM10),124,197,154,52,36,147,,125,125,11,13,6,5,0.3,0.4
2024-06-24T1700,2845A,113.1569,36.1911,长治市,德盛苑,颗粒物(PM10),104,157,116,48,37,153,,130,130,7,9,9,9,0.4,0.5
2024-06-24T1700,3568A,113.06,36.0464,长治市,向阳小学,颗粒物(PM10),112,174,153,67,54,172,,142,142,10,14,4,7,0.4,0.7
2024-06-24T1700,3569A,112.8792,36.3144,长治市,屯留一中,颗粒物(PM10),93,135,124,54,51,161,,134,134,6,15,9,18,0.7,0.9
2024-06-24T1700,3570A,113.235,36.3489,长治市,潞城四中,颗粒物(PM10),103,156,158,54,53,156,,135,135,10,14,7,7,0.4,0.6
2024-06-24T1700,1854A,111.6975,28.9703,常德市,市二中,,21,11,14,3,4,66,,79,79,5,6,5,5,0.5,0.5
2024-06-24T1700,1857A,111.7158,29.1456,常德市,白鹤山,,,,,,,,,,,,,,,,
2024-06-24T1700,3138A,111.7153,29.0289,常德市,武陵区永安,,22,13,11,6,6,69,,77,77,4,6,6,6,0.3,0.3
2024-06-24T1700,3139A,111.6892,28.9881,常德市,鼎城区玉霞,,20,15,15,6,8,64,,80,80,6,8,2,3,0.4,0.4
2024-06-24T1700,3140A,111.6625,29.0531,常德市,武陵区长庚,,20,19,13,7,8,62,,76,76,9,8,8,7,0.5,0.5
2024-06-24T1700,1196A,119.9633,31.762,常州市,市监测站,臭氧1小时,78,70,27,41,14,182,,148,148,22,16,8,8,1.2,0.9
2024-06-24T1700,1200A,119.9468,31.7069,常州市,武进监测站,,44,36,23,23,13,138,,129,129,13,9,3,3,0.9,0.8
2024-06-24T1700,1201A,119.9255,31.9087,常州市,安家,臭氧1小时,69,60,35,41,19,175,,149,149,17,19,10,19,0.8,0.7
2024-06-24T1700,3002A,119.9805,31.8174,常州市,行政中心,臭氧1小时,82,75,29,42,15,185,,140,140,22,14,13,12,1.0,0.7
2024-06-24T1700,3003A,120.0522,31.7748,常州市,经开区,臭氧1小时,78,73,28,40,16,182,,150,150,23,15,7,6,0.7,0.4
2024-06-24T1700,3010A,119.9025,31.7964,常州市,钟楼,臭氧1小时,68,76,27,47,16,174,,134,134,28,13,7,7,1.4,1
2024-06-24T1700,3429A,119.8598,31.7066,常州市,武进经发区,,46,46,24,18,11,139,,119,119,13,10,9,10,0.6,0.5
2024-06-24T1700,3430A,119.5826,31.7245,常州市,金坛城区,细颗粒物(PM2.5),59,,24,42,16,159,,127,127,7,6,8,8,0.9,0.7
2024-06-24T1700,2220A,120.4318,41.5881,朝阳市,西梁,,32,15,15,7,12,100,,93,93,9,10,5,6,0.3,0.4
2024-06-24T1700,2221A,120.4521,41.5646,朝阳市,河畔小区,,31,12,15,3,2,99,,90,90,7,9,8,9,0.4,0.4
2024-06-24T1700,2222A,120.4176,41.5648,朝阳市,八里堡,,33,8,19,3,10,104,,95,95,6,10,6,7,0.5,0.6
2024-06-24T1700,2223A,120.3806,41.5969,朝阳市,农业园区,,32,6,9,3,5,100,,92,92,3,9,3,3,0.3,0.3
2024-06-24T1700,1705A,116.6367,23.6719,潮州市,西园路,,15,12,18,10,10,37,,38,38,7,10,3,4,0.3,0.4
2024-06-24T1700,3026A,116.6183,23.6608,潮州市,市政府,,15,8,18,3,6,47,,48,48,5,6,4,6,0.8,0.7
2024-06-24T1700,4036A,116.6461,23.6761,潮州市,金山,,19,19,20,7,9,33,,44,44,11,11,5,6,0.6,0.6
2024-06-24T1700,2472A,113.0073,25.9061,郴州市,马头岭,,17,15,24,3,8,53,,70,70,8,6,6,7,0.5,0.5
2024-06-24T1700,2473A,113.0116,25.8226,郴州市,市职中,,20,7,14,6,10,61,,73,73,6,5,9,9,0.4,0.4
2024-06-24T1700,2474A,113.0161,25.8001,郴州市,兴隆步行街,,,,19,8,7,63,,72,72,5,5,8,9,0.5,0.5
2024-06-24T1700,2475A,113.0383,25.8071,郴州市,市审计局,,19,,13,8,10,58,,70,70,7,8,4,4,0.3,0.3
2024-06-24T1700,2476A,113.0348,25.7759,郴州市,市环保局,,20,9,18,3,8,63,,72,72,8,9,6,6,0.4,0.4
2024-06-24T1700,1431A,103.9728,30.7236,成都市,金泉两河,,40,26,56,14,34,125,,105,105,10,37,3,3,0.3,0.6
2024-06-24T1700,1432A,104.176,30.6872,成都市,十里店,,43,25,66,6,33,136,,114,114,13,40,4,5,0.5,0.7
2024-06-24T1700,1433A,104.079,30.5706,成都市,三瓦窑,,35,21,48,14,29,111,,85,85,20,37,2,5,0.4,0.6
2024-06-24T1700,1434A,104.1114,30.63,成都市,沙河铺,,41,38,42,25,20,130,,106,106,8,22,2,4,0.3,0.5
2024-06-24T1700,1437A,104.0786,30.6531,成都市,君平街,,40,35,62,10,32,128,,111,111,15,33,3,5,0.3,0.6
2024-06-24T1700,1438A,103.613,31.0283,成都市,灵岩寺,,,,,,,,,,,,,,,,
2024-06-24T1700,2880A,104.0239,30.65639,成都市,大石西路,,41,35,57,18,26,129,,106,106,12,32,5,6,0.5,0.7
2024-06-24T1700,3136A,104.2725,30.5589,成都市,龙泉驿区区政府,,40,7,22,7,13,126,,113,113,6,12,2,3,0.3,0.5
2024-06-24T1700,3357A,104.0106,30.6931,成都市,金博路,,,,56,,29,117,,103,103,8,34,4,3,,0.7
2024-06-24T1700,3359A,104.0578,30.5225,成都市,华阳,,38,24,33,14,24,120,,94,94,8,16,2,3,0.3,0.5
2024-06-24T1700,3487A,104.2394,30.5319,成都市,车城东七路,,42,17,36,10,21,132,,117,117,4,14,2,3,0.3,0.5
2024-06-24T1700,3488A,104.3853,30.7453,成都市,青白江技师分院,,42,18,41,3,21,134,,135,135,7,26,5,6,0.3,0.6
2024-06-24T1700,3489A,104.0789,30.4072,成都市,科学城,,36,36,41,22,27,108,,94,94,16,18,4,4,0.5,0.6
2024-06-24T1700,4011A,103.8506,30.6947,成都市,光华大道三段,,39,28,63,6,33,123,,100,100,6,26,4,5,0.5,0.8
2024-06-24T1700,1062A,117.9531,40.9081,承德市,铁路,,31,10,21,3,8,98,,90,90,5,8,5,4,0.1,0.2
2024-06-24T1700,1063A,117.9392,40.9763,承德市,中国银行,,31,10,22,3,7,98,,90,90,5,10,5,5,0.2,0.2
2024-06-24T1700,1064A,117.9503,40.928,承德市,开发区,,32,19,33,10,12,100,,92,92,7,10,4,4,0.2,0.2
2024-06-24T1700,1065A,117.8051,40.9655,承德市,文化中心,,31,10,32,3,8,98,,89,89,5,16,8,8,0.4,0.2
2024-06-24T1700,1066A,117.9268,41.0026,承德市,离宫,,29,10,19,3,14,91,,83,83,1,6,3,2,0.1,0.2
2024-06-24T1700,2314A,117.47,30.6618,池州市,池州学院,,22,16,22,11,12,68,,66,66,10,9,6,6,0.7,0.5
2024-06-24T1700,3237A,117.4918,30.6617,池州市,展览馆,,,13,19,6,9,65,,64,64,10,7,4,3,,0.5
2024-06-24T1700,3333A,117.5627,30.695,池州市,第八中学,,24,24,21,14,10,66,,64,64,13,9,4,4,0.6,0.5
2024-06-24T1700,3334A,117.5038,30.6243,池州市,第十二中学,,22,22,17,14,10,60,,63,63,13,12,5,4,0.3,0.2
2024-06-24T1700,1744A,118.9233,42.2816,赤峰市,松山一中,,27,9,18,3,5,85,,90,90,20,18,9,10,0.5,0.5
2024-06-24T1700,1745A,118.9576,42.2728,赤峰市,哈达街,,32,32,14,21,18,85,,87,87,13,11,10,10,0.4,0.5
2024-06-24T1700,1746A,118.8788,42.2554,赤峰市,天义路,,,,8,,5,88,,95,95,22,18,5,6,,0.2
2024-06-24T1700,3058A,119.2658,42.0353,赤峰市,银河街,,31,15,14,14,9,98,,95,95,12,15,10,13,0.3,0.3
2024-06-24T1700,3286A,118.9359,42.3147,赤峰市,桥北物流园区,,26,,11,12,6,82,,84,84,17,15,6,6,0.6,0.6
2024-06-24T1700,2521A,107.3476,22.4136,崇左市,市环保局江州分局,,19,11,20,7,10,59,,54,54,4,6,5,5,0.8,0.8
2024-06-24T1700,2522A,107.3702,22.3707,崇左市,城南新区,,18,6,18,3,8,57,,50,50,2,5,2,2,0.6,0.7
2024-06-24T1700,2298A,118.3093,32.3153,滁州市,老年大学,,40,39,29,26,14,128,,114,114,14,10,13,13,0.6,0.5
2024-06-24T1700,2299A,118.3244,32.2786,滁州市,人大宾馆,,45,34,21,31,13,127,,117,117,13,14,6,7,0.6,0.5
2024-06-24T1700,3207A,118.3118,32.3038,滁州市,市政府原办公楼,,41,37,25,27,19,129,,114,114,14,12,7,8,0.6,0.6
2024-06-24T1700,3331A,118.3267,32.2634,滁州市,图书馆,,48,43,26,33,12,128,,116,116,10,9,8,8,0.4,0.3
2024-06-24T1700,2605A,101.5482,25.0441,楚雄彝族自治州,州环境监测站,,21,8,8,3,5,66,,65,65,6,7,2,5,0.5,0.5
2024-06-24T1700,2606A,101.538,25.0492,楚雄彝族自治州,市经济开发区,,21,6,14,3,6,65,,62,61,6,9,4,8,0.5,0.5
2024-06-24T1700,2548A,107.5277,31.2827,达州市,达州职业技术学院,颗粒物(PM10),63,76,58,33,22,87,,60,60,30,33,9,6,1.4,0.6
2024-06-24T1700,2549A,107.5086,31.2186,达州市,市环境监测站,颗粒物(PM10),55,59,61,34,27,93,,66,66,22,36,7,8,0.7,0.8
2024-06-24T1700,2550A,107.4988,31.2132,达州市,凤凰小区,颗粒物(PM10),54,58,58,31,32,95,,78,78,17,29,7,10,0.6,0.8
2024-06-24T1700,2551A,107.5082,31.1986,达州市,达县机关宾馆,颗粒物(PM10),60,70,69,39,33,84,,73,73,32,43,5,7,0.4,0.5
2024-06-24T1700,2552A,107.4644,31.2124,达州市,市政中心,颗粒物(PM10),55,59,61,36,31,76,,73,73,34,29,21,13,0.9,0.9
2024-06-24T1700,2614A,100.1542,25.7054,大理白族自治州,大理市环境监测站,,24,18,18,10,11,75,,62,62,8,8,5,5,0.6,0.5
2024-06-24T1700,2615A,100.2171,25.5811,大理白族自治州,大理古城,,20,12,23,10,12,61,,60,60,9,9,5,5,0.6,0.6
2024-06-24T1700,1109A,121.612,38.9741,大连市,甘井子,,34,19,50,3,18,108,,104,104,10,12,3,4,0.4,0.4
2024-06-24T1700,1110A,121.565,38.9511,大连市,周水子,,31,19,49,3,18,99,,96,96,13,15,7,11,0.6,0.6
2024-06-24T1700,1111A,121.5637,38.8845,大连市,星海三站,,37,20,50,3,16,118,,110,110,6,8,6,6,0.3,0.4
2024-06-24T1700,1112A,121.6302,38.9117,大连市,青泥洼桥,,34,13,45,3,18,106,,102,102,14,13,9,9,0.5,0.6
2024-06-24T1700,1113A,121.6251,38.8638,大连市,傅家庄,,37,16,49,3,16,118,,111,111,11,12,8,8,0.4,0.5
2024-06-24T1700,1114A,121.5213,38.8661,大连市,七贤岭,,35,20,59,3,19,111,,103,103,6,9,4,5,0.4,0.4
2024-06-24T1700,1115A,121.2529,38.8061,大连市,旅顺,,35,12,55,3,19,109,,110,110,9,7,7,8,0.3,0.3
2024-06-24T1700,1116A,121.7485,39.1311,大连市,金州,,35,28,49,6,20,112,,106,106,7,10,8,8,0.5,0.5
2024-06-24T1700,1117A,121.7811,39.0496,大连市,开发区,,35,31,54,6,17,110,,105,105,14,13,10,6,0.4,0.4
2024-06-24T1700,1118A,121.9762,39.0631,大连市,双D港,,40,25,49,3,17,128,,115,115,11,12,8,7,0.5,0.6
2024-06-24T1700,1789A,124.81117,46.03138,大庆市,大同区,,20,,12,14,14,59,,57,57,7,7,5,5,0.2,0.2
2024-06-24T1700,1790A,125.129,46.533,大庆市,龙凤区,,20,18,17,7,11,63,,59,59,24,10,7,6,0.3,0.3
2024-06-24T1700,1791A,124.902,46.408,大庆市,红岗区,,25,17,17,17,13,80,,70,70,8,9,5,5,0.3,0.3
2024-06-24T1700,1792A,125.153,46.586,大庆市,萨尔图区,,26,26,12,9,8,60,,58,58,15,6,7,6,0.3,0.2
2024-06-24T1700,1793A,124.9042,46.6215,大庆市,让胡路区,,25,25,21,14,11,79,,67,67,11,10,5,4,0.3,0.3
2024-06-24T1700,3481A,125.141,46.634,大庆市,萨区政府监测点,,21,20,19,3,5,67,,60,60,13,7,5,5,0.2,0.2
2024-06-24T1700,1721A,113.3819,40.1097,大同市,果树场,,,,,,,,,,,,,,,,
2024-06-24T1700,1723A,113.2994,40.0758,大同市,云冈宾馆,,38,9,59,3,17,121,,109,109,8,13,5,7,0.3,0.8
2024-06-24T1700,1724A,113.3444,40.0917,大同市,大同大学,,36,25,66,3,28,115,,102,102,5,11,8,11,0.2,0.4
2024-06-24T1700,1725A,113.2661,40.1269,大同市,安家小村,,37,6,61,3,13,116,,107,107,4,10,9,11,0.3,0.7
2024-06-24T1700,1726A,113.2711,40.0844,大同市,教育学院,,38,8,61,7,24,121,,109,109,8,13,7,9,0.3,0.7
2024-06-24T1700,3282A,113.3397,40.0597,大同市,大同市卫生学校,,37,27,61,3,16,118,,104,104,7,13,8,10,0.2,0.6
2024-06-24T1700,3565A,113.1367,40.1122,大同市,云冈站,,36,26,83,3,27,114,,108,108,8,14,7,10,0.3,0.4
2024-06-24T1700,3566A,113.1186,40.2556,大同市,图书馆,,40,6,59,3,19,125,,116,116,7,11,7,7,0.3,0.4
2024-06-24T1700,3567A,113.5931,40.0461,大同市,区一中,,38,11,55,3,8,121,,108,108,8,9,7,7,0.3,0.3
2024-06-24T1700,3676A,113.2802,40.0995,大同市,第二人民医院,,37,12,42,3,25,117,,108,108,8,11,7,9,0.3,0.7
2024-06-24T1700,2269A,124.1069,50.4097,大兴安岭地区,科技局,,22,19,17,14,12,70,,64,64,4,4,8,8,0.3,0.3
2024-06-24T1700,3663A,124.1164,50.4278,大兴安岭地区,红旗社区,,23,,7,14,9,72,,66,66,4,4,7,7,0.4,0.4
2024-06-24T1700,1600A,124.3303,40.0625,丹东市,江湾东路,,31,9,20,3,9,98,,100,100,12,12,5,5,0.2,0.6
2024-06-24T1700,1601A,124.4256,40.1503,丹东市,临江后街,,32,9,14,3,6,100,,98,98,11,9,9,8,0.4,0.6
2024-06-24T1700,1602A,124.3933,40.1461,丹东市,元宝山,,29,12,24,3,11,91,,88,88,9,12,7,7,0.7,1
2024-06-24T1700,1603A,124.3633,40.1092,丹东市,民主桥,,28,20,30,3,11,88,,92,92,20,14,5,5,0.3,0.5
2024-06-24T1700,3541A,109.5726,19.5167,儋州市,第一中学子站,,12,11,11,3,3,37,,42,42,4,3,4,4,0.6,0.6
2024-06-24T1700,3542A,109.5567,19.5187,儋州市,东坡学校子站,,12,7,12,3,4,36,,42,42,6,4,7,6,0.6,0.5
2024-06-24T1700,2616A,98.5842,24.428,德宏傣族景颇族自治州,德宏州监测站,,18,18,23,6,10,46,,49,49,11,12,13,17,0.7,0.7
2024-06-24T1700,3677A,98.5881,24.4368,德宏傣族景颇族自治州,芒市人民政府综合楼,,17,17,26,3,10,48,,48,48,5,11,4,13,0.7,0.8
2024-06-24T1700,1901A,104.4239,31.1208,德阳市,东山公园,臭氧1小时,68,68,74,19,35,174,,146,146,13,22,3,5,0.4,0.7
2024-06-24T1700,1902A,104.3826,31.1317,德阳市,西小区,臭氧1小时,90,66,76,33,49,192,,153,153,21,40,3,5,0.5,0.9
2024-06-24T1700,1904A,104.3553,31.1091,德阳市,耐火材料厂,臭氧1小时,92,53,88,25,56,193,,159,159,14,43,4,6,0.5,0.8
2024-06-24T1700,3639A,104.4019,31.1244,德阳市,市教育局,臭氧1小时,80,66,74,20,43,184,,154,154,17,34,3,5,0.5,0.8
2024-06-24T1700,1622A,116.3032,37.4674,德州市,儿童乐园,颗粒物(PM10),56,61,155,22,42,150,,138,138,7,13,7,9,0.4,0.5
2024-06-24T1700,1624A,116.2991,37.4451,德州市,监理站,颗粒物(PM10),58,66,159,24,46,159,,144,144,10,15,10,12,0.5,0.6
2024-06-24T1700,3066A,116.2721,37.4379,德州市,九衢泉纯净水厂,颗粒物(PM10),60,70,154,22,47,157,,142,142,11,17,4,6,0.5,0.6
2024-06-24T1700,3371A,116.3728,37.4403,德州市,开发区人民医院,颗粒物(PM10),54,58,164,19,44,157,,140,140,6,14,8,10,0.3,0.5
2024-06-24T1700,3372A,116.3572,37.4094,德州市,太阳城中学,颗粒物(PM10),57,63,169,24,47,158,,142,142,10,12,6,9,0.5,0.6
2024-06-24T1700,3511A,116.5652,37.3319,德州市,陵城艺术中心,颗粒物(PM10),62,73,182,22,46,157,,140,140,6,10,4,5,0.3,0.4
2024-06-24T1700,2621A,99.7056,27.8317,迪庆藏族自治州,迪庆州站,,29,29,19,8,8,56,,64,64,13,8,9,8,0.4,0.2
2024-06-24T1700,3180A,99.7136,27.8094,迪庆藏族自治州,质量技术监督局,,25,,16,17,9,57,,61,61,13,8,8,8,0.4,0.3
2024-06-24T1700,2663A,104.6241,35.5734,定西市,东关小学,,45,45,55,11,16,138,,122,122,4,10,4,6,0.1,0.2
2024-06-24T1700,2664A,104.6194,35.5934,定西市,供电公司,,42,37,45,12,21,134,,119,119,4,15,3,3,0.2,0.2
2024-06-24T1700,1389A,113.7547,23.0494,东莞市,莞城梨川,,19,15,15,3,5,60,,55,55,6,13,8,8,0.6,0.7
2024-06-24T1700,1390A,113.7944,23.0128,东莞市,东城石井,,24,14,14,3,4,74,,62,62,6,15,2,3,0.4,0.5
2024-06-24T1700,1391A,113.7383,22.9658,东莞市,南城西平,,21,16,17,6,5,66,,60,60,5,15,3,3,0.6,0.6
2024-06-24T1700,3319A,113.7338,23.0381,东莞市,万江金泰,,20,15,15,6,5,61,,57,57,4,9,5,5,0.6,0.6
2024-06-24T1700,3626A,113.7533,23.0202,东莞市,南城元岭,,20,18,17,3,6,63,,55,55,3,11,6,6,0.5,0.5
2024-06-24T1700,3627A,113.7875,23.0457,东莞市,东城主山,,21,18,14,6,6,66,,57,57,3,10,8,8,0.6,0.6
2024-06-24T1700,1666A,118.6614,37.4309,东营市,市环保局,,40,27,118,12,43,126,,122,122,7,9,9,13,0,0
2024-06-24T1700,3036A,118.6904,37.4338,东营市,开发区管委会,,39,32,132,7,44,124,,121,121,6,9,6,11,0.5,0.1
2024-06-24T1700,3365A,118.5719,37.565,东营市,垦利区民丰路,,41,31,117,9,42,131,,125,125,10,9,11,11,0.4,0.4
2024-06-24T1700,3498A,118.5055,37.8612,东营市,河口城区,,33,14,107,3,39,105,,103,103,4,7,6,8,0.3,0.5
2024-06-24T1700,3646A,118.4978,37.4623,东营市,胜利站,,41,28,124,12,39,129,,123,123,8,9,8,8,0.4,0.5
2024-06-24T1700,3734A,118.35,37.26,东营市,理想之城,,41,41,118,9,43,122,,117,117,8,9,8,8,0.3,0.3
2024-06-24T1700,1591A,110.0023,39.8129,鄂尔多斯市,综合楼,,42,34,110,17,40,132,,118,118,9,22,9,24,0.4,0.4
2024-06-24T1700,1592A,109.9486,39.8261,鄂尔多斯市,巴音孟克林场办事处,细颗粒物(PM2.5),67,,97,48,36,125,,110,110,6,24,8,8,0.4,0.4
2024-06-24T1700,1593A,109.7736,39.5986,鄂尔多斯市,康泽苑,颗粒物(PM10),53,56,95,22,34,140,,118,118,5,11,8,8,0.3,0.3
2024-06-24T1700,1594A,109.8119,39.5989,鄂尔多斯市,华泰汽车城,颗粒物(PM10),52,53,91,24,34,130,,110,110,5,15,9,9,0.4,0.4
2024-06-24T1700,1595A,109.9734,39.7884,鄂尔多斯市,奥林花园,,44,44,98,7,29,121,,110,110,9,24,6,7,0.3,0.4
2024-06-24T1700,2436A,114.8938,30.3994,鄂州市,市政府,,41,41,38,18,11,68,,60,60,25,16,4,8,1.0,0.5
2024-06-24T1700,2437A,114.8989,30.3714,鄂州市,赵家坝,,45,45,32,18,13,73,,60,60,18,18,8,11,0.8,0.5
2024-06-24T1700,3654A,114.8094,30.4089,鄂州市,精准医疗中心,,29,26,30,12,11,90,,68,68,13,17,6,13,0.5,0.7
2024-06-24T1700,2454A,109.4978,30.2981,恩施土家族苗族自治州,湖北民院,,34,34,30,21,15,87,,80,80,9,13,6,6,0.7,0.7
2024-06-24T1700,2455A,109.4707,30.2798,恩施土家族苗族自治州,州电力总公司,,29,28,32,19,15,90,,77,77,18,23,7,7,0.6,0.7
2024-06-24T1700,3549A,109.5061,30.3772,恩施土家族苗族自治州,龙凤新区,,25,25,23,7,12,55,,66,66,14,13,7,6,0.8,0.7
2024-06-24T1700,2499A,108.3411,21.6158,防城港市,沙万,,14,6,14,3,7,42,,41,34,10,14,6,7,0.4,0.7
2024-06-24T1700,2500A,108.3514,21.7731,防城港市,防城档案局,,20,20,13,9,5,34,,36,30,16,14,8,5,1.0,0.8
2024-06-24T1700,2501A,108.3506,21.6414,防城港市,大海花园,,19,19,12,8,5,26,,40,29,19,11,10,7,1.0,0.8
2024-06-24T1700,1371A,113.1294,23.0067,佛山市,湾梁,,22,22,14,9,9,68,,69,69,11,13,8,7,0.7,0.6
2024-06-24T1700,1372A,113.1083,23.0478,佛山市,华材职中,,22,14,8,6,6,68,,69,69,11,11,8,7,0.4,0.3
2024-06-24T1700,1373A,113.144,23.0453,佛山市,南海气象局,,23,15,20,6,6,73,,76,76,7,11,6,6,0.3,0.3
2024-06-24T1700,1374A,113.2881,22.8094,佛山市,顺德苏岗,,18,15,7,3,6,56,,63,62,6,7,5,5,0.4,1.7
2024-06-24T1700,1376A,112.8383,22.8678,佛山市,高明孔堂,,,,15,7,7,57,,62,62,4,8,6,6,0.5,0.5
2024-06-24T1700,1377A,112.8836,23.1588,佛山市,三水监测站,,13,12,9,9,8,39,,66,66,17,20,3,4,0.7,0.7
2024-06-24T1700,1378A,112.867,23.185,佛山市,三水云东海,,20,19,11,14,7,49,,76,76,22,18,6,5,0.6,0.6
2024-06-24T1700,3625A,113.2544,22.7642,佛山市,容桂街道办,,19,12,7,12,7,58,,61,61,10,13,6,6,0.4,0.4
2024-06-24T1700,1280A,119.3903,26.0543,福州市,鼓山,,,,,,,,,,,,,,,,
2024-06-24T1700,1282A,119.2681,26.0504,福州市,师大,,30,30,24,3,5,85,,75,75,6,7,4,4,0.2,0.3
2024-06-24T1700,1283A,119.2984,26.1028,福州市,五四北路,,29,29,23,3,7,92,,80,80,4,8,3,4,0.3,0.3
2024-06-24T1700,1284A,119.2648,26.0768,福州市,杨桥西路,,30,30,24,11,5,88,,77,77,5,6,3,3,0.3,0.3
2024-06-24T1700,1285A,119.317,26.0746,福州市,紫阳,,29,29,25,3,6,81,,71,71,3,6,2,2,0.3,0.4
2024-06-24T1700,3048A,119.5799,26.0936,福州市,九龙,,32,29,21,3,7,102,,88,88,2,6,4,5,0.2,0.2
2024-06-24T1700,3526A,119.5189,25.9664,福州市,吴航,,31,20,17,8,8,97,,88,88,2,5,4,4,0.4,0.4
2024-06-24T1700,1755A,123.7977,41.8491,抚顺市,望花区,,30,13,18,3,9,93,,77,77,9,10,4,4,0.1,0.2
2024-06-24T1700,1756A,123.9161,41.8822,抚顺市,顺城区,,27,27,21,3,4,84,,72,72,12,16,5,4,0.2,0.2
2024-06-24T1700,1757A,124.0436,41.8611,抚顺市,东洲区,,23,10,33,3,10,73,,65,65,10,13,4,9,0.3,0.2
2024-06-24T1700,1758A,123.9247,41.8642,抚顺市,新抚区,,26,6,18,3,9,83,,69,69,8,11,4,3,0.2,0.3
2024-06-24T1700,1759A,124.0972,41.8961,抚顺市,大伙房水库,,23,22,20,3,11,71,,60,60,8,16,7,8,0.2,0.2
2024-06-24T1700,1760A,123.7086,41.8391,抚顺市,沈抚新城,,29,13,17,3,6,92,,76,76,5,10,6,6,0.3,0.4
2024-06-24T1700,2376A,116.2127,28.0814,抚州市,桐源党溪,,33,20,27,6,11,103,,79,79,2,3,6,5,0.3,0.3
2024-06-24T1700,2377A,116.3544,27.9831,抚州市,市站,,30,16,21,6,9,93,,65,65,4,6,2,4,0.6,0.8
2024-06-24T1700,2378A,116.3565,27.963,抚州市,血防站,,28,19,23,7,10,89,,61,61,5,6,2,3,0.3,0.5
2024-06-24T1700,2379A,116.3564,28.0007,抚州市,采茶剧团,,30,17,19,6,9,94,,64,64,2,6,3,4,0.5,0.6
2024-06-24T1700,2380A,116.385,27.9647,抚州市,医学分院,,30,18,23,3,10,94,,67,67,4,6,4,6,0.4,0.4
2024-06-24T1700,2207A,121.6094,41.998,阜新市,工业园区,,32,10,10,3,4,102,,99,99,12,14,6,6,0.6,0.5
2024-06-24T1700,2208A,121.6697,42.0279,阜新市,长青街,,28,17,11,3,6,89,,91,91,12,10,4,4,0.4,0.3
2024-06-24T1700,2209A,121.6673,42.0705,阜新市,农业园区,,35,35,8,3,2,84,,87,87,11,10,5,4,0.7,0.5
2024-06-24T1700,2210A,121.6717,42.0224,阜新市,东苑,,29,12,12,3,2,91,,91,91,11,11,6,5,0.5,0.3
2024-06-24T1700,2211A,121.6506,42.0498,阜新市,玉龙新城,,31,15,10,3,2,97,,96,96,10,14,5,4,0.5,0.6
2024-06-24T1700,2301A,115.8277,32.8929,阜阳市,市监测站,臭氧1小时,70,63,35,41,21,176,,136,136,15,10,8,7,0.5,0.6
2024-06-24T1700,2303A,115.8554,32.8605,阜阳市,开发区,颗粒物(PM10),69,87,39,34,14,169,,133,133,18,12,6,6,0.4,0.5
2024-06-24T1700,2875A,115.784,32.8892,阜阳市,阜阳职业技术学院,臭氧1小时,73,74,35,36,16,178,,141,141,14,10,7,6,0.4,0.4
2024-06-24T1700,3468A,115.7901,32.8613,阜阳市,市规划展馆,颗粒物(PM10),67,83,40,41,28,169,,131,131,16,11,3,2,0.4,0.5
2024-06-24T1700,3469A,115.836,32.9183,阜阳市,枣园社区,臭氧1小时,72,85,40,38,25,177,,134,134,18,11,2,1,0.5,0.6
2024-06-24T1700,2669A,102.9099,34.9841,甘南藏族自治州,州政府,,45,,17,10,15,142,,125,125,2,8,5,4,0.8,0.8
2024-06-24T1700,3380A,102.8914,34.9617,甘南藏族自治州,甘肃民族师范学院,,45,12,16,11,12,144,,126,126,5,12,3,3,0.6,0.6
2024-06-24T1700,2570A,101.9603,30.0475,甘孜藏族自治州,水桥子,,29,6,10,3,6,91,,76,66,16,20,4,3,0.3,0.3
2024-06-24T1700,3065A,101.9533,29.9972,甘孜藏族自治州,州环保局,,31,8,14,7,6,99,,79,79,17,22,2,2,0.3,0.2
2024-06-24T1700,3414A,115.8347,28.932,赣江新区,桑海产业园,,29,6,8,3,4,91,,83,83,14,17,7,8,0.4,0.4
2024-06-24T1700,2362A,114.9017,25.9149,赣州市,通天岩,,,,,,,,,,,,,,,,
2024-06-24T1700,2363A,114.9367,25.8664,赣州市,地委,,19,13,12,3,7,58,,57,57,2,4,11,10,0.9,0.9
2024-06-24T1700,2364A,114.9461,25.8481,赣州市,气象台,,17,14,13,6,9,54,,55,55,9,7,5,4,0.5,0.6
2024-06-24T1700,2365A,114.9322,25.8333,赣州市,市图书馆,,17,10,12,3,6,54,,57,57,6,5,12,6,0.7,0.7
2024-06-24T1700,2366A,114.8905,25.8471,赣州市,华坚鞋城,,17,17,18,3,8,49,,55,55,5,6,5,14,0.5,0.5
2024-06-24T1700,3109A,115.0093,25.8613,赣州市,赣县区卫计委,,,24,12,3,8,48,,52,52,13,21,6,6,,0.5
2024-06-24T1700,2683A,106.2319,36.1417,固原市,马园,,44,30,42,6,10,140,,126,126,14,37,5,7,0.4,0.4
2024-06-24T1700,2684A,106.2792,36.0022,固原市,监测站,,,25,40,10,11,135,,119,119,,20,6,6,0.3,0.3
2024-06-24T1700,2685A,106.2375,36.0211,固原市,新区,,44,30,37,3,12,139,,127,127,4,23,6,6,0.2,0.2
2024-06-24T1700,3522A,106.2177,35.9959,固原市,原州区十五小,,45,33,36,10,10,143,,128,128,5,12,4,5,0.3,0.3
2024-06-24T1700,2543A,106.6308,30.5278,广安市,小平旧居,,,,,,,,,,,,,,,,
2024-06-24T1700,2544A,106.6303,30.4576,广安市,市委,,33,33,48,18,28,86,,72,72,12,20,11,11,0.4,0.5
2024-06-24T1700,2545A,106.6271,30.4663,广安市,友谊中学,,32,32,36,18,23,88,,79,79,14,21,10,10,0.5,0.6
2024-06-24T1700,2547A,106.6388,30.4551,广安市,广电花园,,29,29,42,20,26,82,,65,65,11,22,12,12,0.4,0.5
2024-06-24T1700,2902A,106.6351,30.4865,广安市,北辰小学,,31,31,43,15,24,90,,78,78,14,19,14,15,0.4,0.5
2024-06-24T1700,2523A,105.8945,32.4535,广元市,黑石坡,,40,20,26,13,12,126,,69,69,11,14,14,16,0.4,0.4
2024-06-24T1700,2524A,105.821,32.4444,广元市,老城,,39,26,46,11,19,122,,80,80,13,34,18,17,0.5,0.6
2024-06-24T1700,2526A,105.8628,32.4287,广元市,监测站,,41,27,40,3,20,129,,75,75,7,18,8,8,0.5,0.6
2024-06-24T1700,3617A,105.8047,32.4166,广元市,经开区,,39,39,53,18,25,122,,70,70,9,22,7,10,0.4,0.5
2024-06-24T1700,1345A,113.2347,23.1423,广州市,广雅中学,,25,20,14,11,6,79,,69,69,15,20,4,4,0.7,0.7
2024-06-24T1700,1346A,113.2612,23.105,广州市,市五中,,24,19,15,8,8,76,,73,73,11,14,4,4,0.5,0.5
2024-06-24T1700,1348A,113.3478,23.0916,广州市,广东商学院,,24,23,14,8,6,76,,71,71,12,21,3,3,0.4,0.4
2024-06-24T1700,1349A,113.4332,23.1047,广州市,市八十六中,,19,16,14,7,5,58,,54,54,25,28,3,4,0.6,0.6
2024-06-24T1700,1350A,113.3505,22.9483,广州市,番禺中学,,24,20,14,11,6,76,,69,69,10,16,6,6,0.5,0.5
2024-06-24T1700,1351A,113.2146,23.3916,广州市,花都师范,,28,20,20,9,8,88,,65,65,17,22,5,6,0.6,0.6
2024-06-24T1700,1352A,113.2597,23.1331,广州市,市监测站,,24,20,15,8,6,75,,66,66,12,16,4,4,0.5,0.5
2024-06-24T1700,1353A,113.5618,23.312,广州市,九龙镇镇龙,,29,29,21,12,7,82,,67,67,12,20,7,7,0.4,0.5
2024-06-24T1700,1354A,113.2765,23.1544,广州市,麓湖,,24,18,13,11,6,74,,65,65,12,15,3,3,0.5,0.5
2024-06-24T1700,1355A,113.443,23.3035,广州市,帽峰山森林公园,,26,9,10,8,7,83,,70,70,10,17,4,4,0.6,0.6
2024-06-24T1700,2846A,113.3221,23.1322,广州市,体育西,,24,24,17,13,8,75,,64,64,8,12,4,4,0.4,0.4
2024-06-24T1700,3298A,113.5717,23.5491,广州市,从化街口,,30,15,12,8,7,96,,80,80,8,10,7,7,0.5,0.5
2024-06-24T1700,3299A,113.3472,23.3692,广州市,白云竹料,,27,20,15,6,7,86,,68,68,15,21,4,4,0.6,0.6
2024-06-24T1700,3300A,113.2981,23.237,广州市,白云嘉禾,,23,23,17,10,6,72,,63,63,23,26,5,5,0.6,0.6
2024-06-24T1700,3301A,113.4256,23.1716,广州市,黄埔科学城,,25,25,17,12,6,70,,57,57,15,24,6,6,0.6,0.6
2024-06-24T1700,3302A,113.3942,23.0483,广州市,番禺大学城,,20,19,13,8,5,61,,50,50,10,20,4,4,0.7,0.6
2024-06-24T1700,3303A,113.4922,22.8168,广州市,南沙黄阁,,26,26,14,11,5,72,,62,62,5,13,5,5,0.5,0.5
2024-06-24T1700,3304A,113.5342,22.7896,广州市,南沙街,,19,17,15,8,5,60,,52,52,6,16,7,7,0.5,0.5
2024-06-24T1700,3443A,113.2902,23.5544,广州市,花都梯面,,28,15,17,7,6,88,,65,65,16,17,4,4,0.6,0.5
2024-06-24T1700,3445A,113.7858,23.7478,广州市,从化良口,,24,10,9,6,5,74,,60,60,4,6,5,5,0.5,0.5
2024-06-24T1700,3446A,113.8051,23.2614,广州市,增城荔城,,25,12,15,6,6,77,,72,72,5,10,5,5,0.4,0.4
2024-06-24T1700,2505A,109.568,23.1478,贵港市,德智高中,,,,,,,,,,,,,,,,
2024-06-24T1700,2506A,109.6047,23.0666,贵港市,江南子站,,16,,25,9,12,51,,58,58,5,10,7,8,0.4,0.5
2024-06-24T1700,2507A,109.6014,23.0948,贵港市,贵城子站,,39,39,22,9,10,51,,55,55,7,12,8,9,0.7,0.8
2024-06-24T1700,2508A,109.5669,23.1065,贵港市,荷城子站,,17,7,16,3,3,52,,61,61,5,8,10,12,0.4,0.5
2024-06-24T1700,3405A,109.5886,23.1172,贵港市,新世纪学校,,17,7,14,6,8,52,,58,58,5,8,12,13,0.6,0.7
2024-06-24T1700,1439A,106.6899,26.5998,贵阳市,马鞍山,,18,9,23,3,10,57,,49,49,17,10,5,5,0.4,0.5
2024-06-24T1700,1440A,106.6971,26.5694,贵阳市,市环保站,,22,22,26,12,25,58,,66,66,22,20,4,5,0.2,0.3
2024-06-24T1700,1441A,106.6243,26.6266,贵阳市,鉴湖路,,18,7,19,3,9,57,,61,61,8,8,3,3,0.4,0.4
2024-06-24T1700,1442A,106.7487,26.6343,贵阳市,燕子冲,,22,7,23,3,17,69,,56,56,10,10,5,6,0.6,0.7
2024-06-24T1700,1443A,106.6555,26.4365,贵阳市,碧云窝,,24,19,28,7,10,74,,65,65,10,15,4,4,0.2,0.5
2024-06-24T1700,1444A,106.694,26.5161,贵阳市,中院村,,23,19,31,7,16,72,,64,64,12,18,4,5,0.4,0.6
2024-06-24T1700,1445A,106.7109,26.6027,贵阳市,红边门,,21,17,30,12,25,66,,67,67,14,15,4,6,0.5,0.6
2024-06-24T1700,1446A,106.7164,26.5699,贵阳市,新华路,,20,,25,14,21,60,,64,64,21,14,3,5,0.4,0.5
2024-06-24T1700,1447A,106.674,26.5424,贵阳市,太慈桥,,21,9,21,3,15,66,,62,62,9,14,4,5,0.3,0.4
2024-06-24T1700,1552A,106.805,26.3003,贵阳市,桐木岭,,,,,,,,,,,,,,,,
2024-06-24T1700,1862A,110.4144,25.3167,桂林市,电子科大尧山校区,,,,29,8,14,37,,42,42,4,5,4,8,0.2,0.3
2024-06-24T1700,1863A,110.2819,25.2697,桂林市,监测站,,14,,29,6,17,42,,52,52,9,11,6,11,0.2,0.3
2024-06-24T1700,1864A,110.3089,25.2708,桂林市,龙隐路小学,,15,,21,10,12,41,,49,49,8,9,5,5,0.4,0.4
2024-06-24T1700,1865A,110.2869,25.2178,桂林市,八中,,14,,18,7,8,42,,50,50,10,10,5,7,0.6,0.5
2024-06-24T1700,3403A,110.1764,25.2381,桂林市,创业大厦,,15,9,18,3,13,47,,50,50,5,8,6,30,0.4,0.5
2024-06-24T1700,3531A,110.296,25.1253,桂林市,旅游学院,,14,,9,3,6,42,,48,48,4,7,4,7,0.3,0.3
2024-06-24T1700,2674A,100.2561,34.4714,果洛藏族自治州,玛沁县大武镇,,49,6,13,6,10,155,,138,138,12,12,6,6,0.4,0.4
2024-06-24T1700,1129A,126.5422,45.755,哈尔滨市,岭北,,15,7,5,3,3,47,,49,49,8,7,10,10,0.4,0.5
2024-06-24T1700,1130A,126.561,45.8167,哈尔滨市,松北商大,,11,8,7,3,3,34,,44,42,12,10,5,5,0.4,0.4
2024-06-24T1700,1131A,126.979,45.5419,哈尔滨市,阿城会宁,,15,6,4,3,2,48,,46,46,9,9,10,4,0.4,0.4
2024-06-24T1700,1132A,126.599,45.7222,哈尔滨市,南岗学府路,,14,12,15,6,3,44,,47,46,9,6,7,7,0.6,0.5
2024-06-24T1700,1133A,126.689,45.7733,哈尔滨市,太平宏伟公园,,14,6,7,3,3,43,,44,44,15,16,6,6,0.3,0.3
2024-06-24T1700,1134A,126.635,45.7667,哈尔滨市,道外承德广场,,19,,10,13,8,37,,45,39,20,16,4,7,0.5,0.5
2024-06-24T1700,1135A,126.685,45.7319,哈尔滨市,香坊红旗大街,,14,9,7,7,4,44,,48,46,14,10,6,5,0.4,0.4
2024-06-24T1700,1136A,126.6411,45.7258,哈尔滨市,动力和平路,,14,6,6,3,4,44,,47,45,14,11,6,6,0.4,0.4
2024-06-24T1700,1137A,126.593,45.7478,哈尔滨市,道里建国路,,23,23,10,3,5,45,,48,46,18,11,6,6,0.5,0.3
2024-06-24T1700,1138A,126.615,45.61,哈尔滨市,平房东轻厂,,17,,7,3,5,52,,47,46,15,15,8,8,0.3,0.2
2024-06-24T1700,1139A,126.595,45.9855,哈尔滨市,呼兰师专,,15,10,13,7,5,46,,45,45,12,11,8,8,0.3,0.3
2024-06-24T1700,1140A,126.6206,45.6842,哈尔滨市,省农科院,,13,,5,6,2,41,,45,43,18,12,7,6,0.3,0.3
2024-06-24T1700,2688A,93.5128,42.8172,哈密市,地区监测站,,41,18,30,13,13,130,,112,112,3,10,3,4,0.2,0.2
2024-06-24T1700,2689A,93.4961,42.8328,哈密市,哈密师范学校,,43,21,38,7,13,137,,118,118,4,14,4,5,0.2,0.4
2024-06-24T1700,2671A,100.9048,36.9639,海北藏族自治州,海晏县西海镇,,47,17,23,13,15,149,,133,133,6,10,13,13,0.3,0.4
2024-06-24T1700,3867A,102.0738,36.5056,海东市,平安区公安北苑,臭氧1小时,54,23,40,13,17,163,,128,128,5,13,7,10,0.3,0.5
2024-06-24T1700,1409A,110.576,19.9507,海口市,东寨港,,,,,,,,,,,,,,,,
2024-06-24T1700,1410A,110.3232,20.0574,海口市,海南大学,,18,12,13,7,5,57,,58,58,6,7,4,4,0.3,0.4
2024-06-24T1700,1411A,110.283,20.0053,海口市,秀英海南医院,,16,12,13,6,6,50,,58,58,9,8,6,6,0.2,0.2
2024-06-24T1700,1412A,110.338,19.9969,海口市,海南师范大学,,17,9,11,3,6,53,,57,57,6,5,6,6,0.4,0.4
2024-06-24T1700,1413A,110.33,20.0356,海口市,龙华路环保局宿舍,,17,14,13,6,5,54,,56,56,6,6,7,7,0.2,0.2
2024-06-24T1700,3539A,110.5111,19.9736,海口市,桂林洋子站,,16,9,13,7,5,50,,50,50,4,4,6,6,0.3,0.3
2024-06-24T1700,2673A,100.6188,36.2866,海南藏族自治州,共和县恰卜恰镇,,44,8,22,8,11,140,,135,135,4,11,13,15,0.5,0.5
2024-06-24T1700,2676A,97.3731,37.3753,海西蒙古族藏族自治州,德令哈市,臭氧1小时,58,24,20,3,9,166,,142,142,5,6,13,13,0.5,0.5
2024-06-24T1700,1048A,114.5302,36.6116,邯郸市,东污水处理厂,颗粒物(PM10),56,62,157,27,39,141,,111,111,7,15,2,2,0.4,0.3
2024-06-24T1700,1049A,114.4918,36.5713,邯郸市,矿院,颗粒物(PM10),58,65,111,22,30,138,,108,108,6,9,4,4,0.5,0.5
2024-06-24T1700,1050A,114.484,36.6133,邯郸市,丛台公园,颗粒物(PM10),60,70,121,25,34,134,,106,106,2,7,2,2,0.2,0.2
2024-06-24T1700,3458A,114.7895,36.5593,邯郸市,香泉濮院小区,颗粒物(PM10),59,67,162,22,37,154,,126,126,2,9,2,3,0.3,0.2
2024-06-24T1700,3579A,114.50634,36.77178,邯郸市,永年区实验高中,颗粒物(PM10),61,72,144,28,42,136,,111,111,3,7,2,2,0.5,0.6
2024-06-24T1700,3580A,114.20016,36.44293,邯郸市,峰峰矿区临水派出所,,49,49,126,14,29,140,,118,118,4,7,3,4,0.2,0.2
2024-06-24T1700,2634A,106.9893,33.1842,汉中市,汉川机床厂子校,臭氧1小时,64,37,30,17,17,171,,119,119,6,11,8,5,0.7,0.5
2024-06-24T1700,2635A,107.0154,33.0706,汉中市,市监测站,,48,45,48,21,20,151,,121,121,5,20,9,11,0.6,0.8
2024-06-24T1700,2636A,107.0089,33.1138,汉中市,鑫源开发区,,,46,41,21,21,173,,121,121,,20,11,12,0.6,0.7
2024-06-24T1700,2637A,107.007,33.0323,汉中市,南郑大河坎水厂,,44,31,41,15,25,138,,114,114,4,11,7,9,0.6,0.7
2024-06-24T1700,1223A,120.2072,30.2111,杭州市,滨江,,29,15,21,8,11,91,,79,79,13,18,3,3,0.6,0.6
2024-06-24T1700,1224A,120.0633,30.2747,杭州市,西溪,,20,14,13,9,7,63,,43,43,8,20,6,6,0.5,0.6
2024-06-24T1700,1226A,120.3461,30.3153,杭州市,下沙,,28,20,20,11,9,89,,75,75,8,11,4,4,0.5,0.5
2024-06-24T1700,1227A,120.1269,30.2456,杭州市,卧龙桥,,20,14,13,8,10,61,,49,49,10,13,4,4,0.6,0.6
2024-06-24T1700,1228A,120.1903,30.2692,杭州市,浙江农大,,25,12,13,10,12,77,,64,64,16,23,6,6,0.4,0.5
2024-06-24T1700,1230A,120.1197,30.3119,杭州市,和睦小学,,23,14,13,9,8,72,,47,47,12,17,3,4,0.6,0.6
2024-06-24T1700,1231A,120.3019,30.4183,杭州市,临平镇,,23,18,23,10,15,72,,50,50,20,23,4,4,0.5,0.6
2024-06-24T1700,1232A,120.2697,30.1819,杭州市,城厢镇,,21,18,18,12,9,65,,68,68,22,21,4,4,0.7,0.6
2024-06-24T1700,1233A,120.0883,30.1808,杭州市,云栖,,21,16,16,6,6,67,,63,63,11,11,6,6,0.4,0.5
2024-06-24T1700,3557A,119.9464,30.0494,杭州市,镇二中,,,16,15,,11,90,,85,85,14,17,5,6,0.7,0.7
2024-06-24T1700,3558A,119.7183,30.2367,杭州市,市府大楼,,22,10,9,9,7,68,,53,53,12,13,6,6,0.5,0.5
2024-06-24T1700,3656A,120.1556,30.2864,杭州市,消防大队,,26,14,16,8,11,81,,62,62,11,18,6,6,0.8,0.9
2024-06-24T1700,1270A,117.1959,31.7848,合肥市,明珠广场,,39,39,34,19,16,113,,84,84,18,22,8,7,0.3,0.3
2024-06-24T1700,1271A,117.3072,31.8764,合肥市,三里街,,44,44,27,19,11,121,,95,95,30,25,6,5,0.4,0.3
2024-06-24T1700,1272A,117.2588,31.8707,合肥市,琥珀山庄,颗粒物(PM10),52,53,33,17,10,155,,118,118,19,17,5,5,0.5,0.6
2024-06-24T1700,1273A,117.1604,31.9052,合肥市,董铺水库,,42,36,26,22,10,133,,93,93,6,12,1,1,0.2,0.2
2024-06-24T1700,1274A,117.25,31.8571,合肥市,长江中路,颗粒物(PM10),56,61,38,24,15,154,,106,106,17,18,6,5,0.6,0.6
2024-06-24T1700,1275A,117.266,31.9436,合肥市,庐阳区,,,48,33,14,13,156,,115,115,,19,,8,0.4,0.3
2024-06-24T1700,1276A,117.336,31.8586,合肥市,瑶海区,颗粒物(PM10),57,63,33,21,12,110,,75,75,31,21,8,8,0.4,0.3
2024-06-24T1700,1277A,117.3027,31.7964,合肥市,包河区,,39,39,24,14,8,111,,84,84,22,16,6,5,0.4,0.4
2024-06-24T1700,1278A,117.2776,31.7385,合肥市,滨湖新区,,32,31,24,9,10,102,,70,70,16,12,7,7,0.4,0.4
2024-06-24T1700,1279A,117.1318,31.8403,合肥市,高新区,,44,39,29,20,13,138,,92,92,13,16,7,7,0.5,0.5
2024-06-24T1700,3464A,117.3803,31.9147,合肥市,高教基地,,44,44,28,19,10,115,,85,85,19,12,6,6,0.4,0.3
2024-06-24T1700,3614A,79.924,37.0877,和田地区,地区环保局,颗粒物(PM10),470,570,227,129,50,112,,105,105,1,2,7,7,0.4,0.4
2024-06-24T1700,3615A,79.9131,37.113,和田地区,市环保局,颗粒物(PM10),373,478,282,74,69,110,,98,96,2,7,6,6,0.6,0.6
2024-06-24T1700,2516A,108.2011,24.715,河池市,东仁乐园,,26,26,23,8,10,58,,61,61,2,6,3,6,0.6,0.7
2024-06-24T1700,2517A,108.0497,24.6947,河池市,市环保站,,16,,16,11,14,46,,57,57,9,8,10,15,0.4,0.4
2024-06-24T1700,2518A,108.0983,24.6989,河池市,市疾控中心,,15,14,22,9,11,46,,57,57,14,14,8,9,0.5,0.5
2024-06-24T1700,1696A,114.6778,23.7569,河源市,源西,,18,12,17,10,12,55,,52,52,5,11,4,4,0.4,0.4
2024-06-24T1700,1697A,114.6944,23.7586,河源市,东埔,,,,,1,0,56,,52,52,8,7,6,6,1.0,1.1
2024-06-24T1700,1698A,114.6892,23.7233,河源市,老城,,,13,16,3,3,54,,54,54,,6,5,5,0.3,0.4
2024-06-24T1700,1718A,115.4208,35.2464,菏泽市,气象局,颗粒物(PM10),94,138,194,27,35,173,,151,151,11,18,5,5,0.1,0.2
2024-06-24T1700,1719A,115.4747,35.2375,菏泽市,市政协,颗粒物(PM10),95,139,194,34,44,172,,152,152,8,15,3,5,0.1,0.1
2024-06-24T1700,3374A,115.5564,35.0891,菏泽市,定陶老年大学,颗粒物(PM10),91,132,182,39,39,183,,151,151,16,24,5,5,0,0
2024-06-24T1700,3647A,115.4702,35.2706,菏泽市,菏泽医专,颗粒物(PM10),90,130,188,29,43,175,,153,153,9,18,4,4,0.0,0.1
2024-06-24T1700,2514A,111.5264,24.4172,贺州市,环保小区,,20,14,19,10,10,64,,60,60,5,8,7,8,0.6,0.6
2024-06-24T1700,2515A,111.5608,24.4078,贺州市,政协大楼,,20,13,21,7,11,63,,59,59,8,12,7,8,0.6,0.5
2024-06-24T1700,3534A,111.4744,24.4553,贺州市,西湾,,20,11,20,3,9,62,,62,62,10,13,9,9,0.5,0.5
2024-06-24T1700,2385A,114.17,35.9019,鹤壁市,市监测站,颗粒物(PM10),71,92,144,30,41,154,,126,126,12,17,5,7,0.4,0.5
2024-06-24T1700,2386A,114.2956,35.7511,鹤壁市,市交警支队,颗粒物(PM10),73,95,143,45,38,153,,124,124,8,13,5,7,0.3,0.4
2024-06-24T1700,2387A,114.2878,35.7306,鹤壁市,迎宾馆,颗粒物(PM10),70,90,145,32,45,155,,125,125,16,20,5,6,0.3,0.4
2024-06-24T1700,3474A,114.2617,35.6822,鹤壁市,大新区,颗粒物(PM10),85,120,154,32,36,146,,120,120,12,18,6,7,0.2,0.3
2024-06-24T1700,3596A,114.1572,35.9603,鹤壁市,南山宾馆,颗粒物(PM10),71,91,151,36,42,164,,135,135,6,12,8,9,0.7,0.8
2024-06-24T1700,2244A,130.2537,47.3416,鹤岗市,哈啤分公司,,22,16,16,15,8,64,,60,60,4,4,14,14,0.2,0.2
2024-06-24T1700,2245A,130.2684,47.3086,鹤岗市,斯达机电,,19,15,15,13,6,58,,58,58,6,7,12,12,0.2,0.3
2024-06-24T1700,2246A,130.3114,47.3388,鹤岗市,东山纸板厂,,30,30,16,9,7,59,,57,57,5,8,15,15,0.3,0.4
2024-06-24T1700,2247A,130.1097,47.3382,鹤岗市,五号水库,,23,15,14,3,7,72,,65,65,4,5,9,9,0.5,0.5
2024-06-24T1700,2263A,127.4833,50.2524,黑河市,交通局,颗粒物(PM10),51,51,27,12,15,63,,72,72,9,11,6,7,0.3,0.2
2024-06-24T1700,2264A,127.5144,50.2341,黑河市,环保局,,41,41,22,11,12,71,,78,78,6,10,4,6,0.3,0.2
2024-06-24T1700,2265A,127.5291,50.2472,黑河市,大黑河岛,,,44,23,11,16,,,112,112,8,13,5,8,,0.5
2024-06-24T1700,1074A,115.6838,37.7541,衡水市,电机北厂,颗粒物(PM10),52,53,121,15,36,150,,138,138,6,17,4,5,0.3,0.3
2024-06-24T1700,1075A,115.6303,37.7316,衡水市,市监测站,颗粒物(PM10),54,58,107,17,32,152,,140,140,7,15,3,4,0.4,0.4
2024-06-24T1700,3188A,115.6683,37.7217,衡水市,市城管局,颗粒物(PM10),52,54,113,14,34,150,,138,138,8,16,3,4,0.3,0.3
2024-06-24T1700,3459A,115.5989,37.5491,衡水市,地表水厂,颗粒物(PM10),67,84,119,26,30,164,,146,146,5,12,5,6,0.4,0.3
2024-06-24T1700,2456A,112.5003,26.9167,衡阳市,原169医院,,15,,25,10,12,40,,60,60,7,8,3,3,0.7,0.7
2024-06-24T1700,2457A,112.6194,26.9258,衡阳市,衡阳化工总厂,,,23,28,,,44,,64,64,7,8,12,10,0.5,0.6
2024-06-24T1700,2458A,112.6211,26.8956,衡阳市,珠晖区环保局,,,19,29,,,45,,74,74,13,13,6,8,0.5,0.6
2024-06-24T1700,2459A,112.6197,26.8733,衡阳市,市委党校,,17,9,23,8,13,52,,74,74,8,10,6,9,0.4,0.6
2024-06-24T1700,2460A,112.6006,26.8919,衡阳市,市监测站,,20,20,27,3,16,46,,71,71,11,10,10,9,0.5,0.6
2024-06-24T1700,2461A,112.5664,26.9056,衡阳市,真空机电公司,,18,17,42,12,13,44,,64,64,7,7,6,6,0.6,0.7
2024-06-24T1700,3399A,112.6703,26.882,衡阳市,师范学院,,16,6,24,3,13,51,,74,74,6,9,7,11,0.6,0.7
2024-06-24T1700,2608A,103.3772,23.3993,红河哈尼族彝族自治州,污水处理厂,,27,27,19,14,16,68,,75,75,7,8,7,10,0.4,0.4
2024-06-24T1700,2609A,103.3861,23.35,红河哈尼族彝族自治州,监测站,,26,26,20,17,13,64,,73,73,9,8,8,8,0.5,0.5
2024-06-24T1700,3038A,103.3758,23.368,红河哈尼族彝族自治州,州图书馆,,22,17,19,15,11,69,,73,73,7,7,12,6,0.4,0.4
2024-06-24T1700,1090A,111.6507,40.7517,呼和浩特市,呼市一监,,34,9,128,3,39,108,,105,105,6,12,5,5,0.2,0.3
2024-06-24T1700,1091A,111.6572,40.8033,呼和浩特市,小召,,35,9,107,3,39,112,,102,102,6,15,4,4,0.1,0.2
2024-06-24T1700,1094A,111.7516,40.8369,呼和浩特市,如意水处理厂,,34,9,107,3,28,107,,101,101,5,17,4,4,0.2,0.2
2024-06-24T1700,1095A,111.7276,40.8062,呼和浩特市,二十九中,,35,8,108,3,36,111,,105,105,9,17,2,2,0.2,0.3
2024-06-24T1700,1096A,111.5512,40.7866,呼和浩特市,工大金川校区,,34,7,115,3,40,107,,98,98,7,17,5,5,0.3,0.4
2024-06-24T1700,1097A,111.717,40.7612,呼和浩特市,化肥厂生活区,,36,22,131,15,35,113,,108,108,9,14,6,6,0.2,0.2
2024-06-24T1700,3698A,111.5968,40.8178,呼和浩特市,红旗小学,,35,7,106,3,40,112,,102,102,8,15,3,3,0.2,0.2
2024-06-24T1700,3699A,111.6518,40.8389,呼和浩特市,海东办,,34,9,121,3,46,107,,100,100,7,14,6,6,0.2,0.4
2024-06-24T1700,2192A,119.7594,49.2261,呼伦贝尔市,区环保局,,30,21,32,17,21,96,,86,86,15,22,4,4,0.4,0.4
2024-06-24T1700,3061A,119.7512,49.1577,呼伦贝尔市,国华电力东,,35,14,20,8,10,109,,98,98,5,9,4,4,0.3,0.3
2024-06-24T1700,1250A,120.0751,30.8669,湖州市,城西水厂,,25,25,20,13,11,39,,46,46,20,31,4,3,0.6,0.5
2024-06-24T1700,2873A,120.0875,30.8955,湖州市,仁皇山新区,,26,26,20,16,12,38,,44,44,25,35,5,5,0.8,0.7
2024-06-24T1700,2907A,120.1844,30.8596,湖州市,吴兴区站,,18,18,14,12,12,40,,36,36,23,21,6,6,0.6,0.5
2024-06-24T1700,3562A,120.4148,30.8538,湖州市,南浔区站,,18,18,22,10,16,53,,42,42,18,17,3,3,0.5,0.6
2024-06-24T1700,1607A,120.9092,40.7136,葫芦岛市,龙港区,,37,12,26,8,10,116,,106,106,10,18,6,8,0.2,0.2
2024-06-24T1700,1608A,120.8392,40.7514,葫芦岛市,化工街,,37,12,26,3,4,116,,100,100,12,16,10,12,0.4,0.4
2024-06-24T1700,1609A,120.8341,40.7073,葫芦岛市,新区,,37,16,32,3,8,118,,107,107,11,15,6,10,0.4,0.4
2024-06-24T1700,1610A,120.8695,40.7677,葫芦岛市,东城区,,40,26,30,8,6,127,,112,112,10,11,7,11,0.5,0.4
2024-06-24T1700,2482A,109.5981,27.5721,怀化市,林科所,,33,6,14,3,8,104,,93,93,2,3,6,7,0.5,0.7
2024-06-24T1700,2483A,109.9453,27.5444,怀化市,河西地税局,,25,6,15,3,9,77,,65,65,4,10,2,2,0.5,0.6
2024-06-24T1700,2484A,109.9781,27.5342,怀化市,市四医院,,24,,13,9,10,76,,68,68,4,8,4,4,0.5,0.6
2024-06-24T1700,2485A,109.9972,27.5578,怀化市,监测楼,,23,,16,16,12,70,,61,61,4,6,5,5,0.6,0.7
2024-06-24T1700,2486A,110.0394,27.583,怀化市,市委党校,,22,6,12,3,12,70,,63,63,4,7,5,5,0.4,0.6
2024-06-24T1700,1210A,119.036,33.5981,淮安市,钵池山,颗粒物(PM10),96,141,75,40,22,151,,148,148,15,17,7,8,0.6,0.8
2024-06-24T1700,1211A,119.007,33.575,淮安市,北京南路,颗粒物(PM10),106,161,79,45,23,149,,150,150,13,18,7,9,0.7,0.8
2024-06-24T1700,1212A,118.989,33.6067,淮安市,市监测站,颗粒物(PM10),107,163,83,51,28,151,,150,150,13,16,7,7,0.7,0.7
2024-06-24T1700,1213A,119.135,33.5039,淮安市,楚州区监测站,颗粒物(PM10),108,166,83,40,22,150,,151,151,15,19,6,6,0.5,0.5
2024-06-24T1700,1214A,119.0186,33.6297,淮安市,淮阴区监测站,颗粒物(PM10),111,171,85,48,28,148,,151,150,19,19,7,8,0.5,0.5
2024-06-24T1700,3426A,118.8755,33.2894,淮安市,新华书店,颗粒物(PM10),109,167,63,45,21,130,,154,154,34,18,7,7,0.7,0.7
2024-06-24T1700,2282A,116.8004,33.975,淮北市,监测站,颗粒物(PM10),115,180,123,52,36,171,,150,150,7,11,7,7,0.5,0.5
2024-06-24T1700,2283A,116.8091,33.9007,淮北市,烈山区政府,颗粒物(PM10),100,149,132,42,32,161,,153,153,7,14,5,6,0.4,0.6
2024-06-24T1700,3330A,116.8873,33.9836,淮北市,杜集区检察院,颗粒物(PM10),108,166,135,55,41,173,,155,155,12,12,7,7,0.2,0.4
2024-06-24T1700,4017A,116.7923,33.9535,淮北市,市博物馆,颗粒物(PM10),118,186,135,51,36,170,,153,153,7,11,5,5,0.4,0.6
2024-06-24T1700,2277A,116.8305,32.7727,淮南市,潘集区政府,颗粒物(PM10),58,65,36,29,18,165,,130,130,11,9,7,7,0.3,0.3
2024-06-24T1700,2278A,117.0067,32.6524,淮南市,师范学院,颗粒物(PM10),59,67,39,40,26,128,,118,118,17,11,11,12,0.3,0.2
2024-06-24T1700,2279A,116.8569,32.5951,淮南市,谢家集区政府,,43,27,31,3,9,136,,125,125,7,12,5,5,0.2,0.1
2024-06-24T1700,2280A,116.8281,32.633,淮南市,八公山区政府,,40,,37,24,19,127,,126,126,9,9,5,4,0.4,0.3
2024-06-24T1700,2281A,116.6325,32.6201,淮南市,焦岗湖风景区管理处,,45,45,23,14,6,78,,72,72,10,9,9,8,0.4,0.3
2024-06-24T1700,2894A,117.0566,32.6531,淮南市,经济技术开发区消防队,,41,37,31,22,11,130,,119,119,16,15,5,6,0.5,0.3
2024-06-24T1700,3329A,117.0108,32.5893,淮南市,山南新区,,,54,41,19,11,137,,120,120,10,16,,5,0.5,0.4
2024-06-24T1700,2446A,114.9028,30.4742,黄冈市,职工中心,颗粒物(PM10),52,53,28,34,16,90,,78,78,20,16,9,9,1.2,0.1
2024-06-24T1700,2929A,114.8858,30.4519,黄冈市,红卫路,,43,38,28,30,18,94,,79,79,18,18,8,11,0.5,0.2
2024-06-24T1700,3398A,114.9136,30.4445,黄冈市,市林业局,,43,42,29,30,19,87,,75,75,12,13,6,8,0.7,0.4
2024-06-24T1700,2672A,102.0199,35.5102,黄南藏族自治州,同仁县隆务镇,,46,24,28,3,8,145,,130,130,1,2,3,7,0.5,0.4
2024-06-24T1700,2295A,118.2903,29.6963,黄山市,延安路89号,,29,26,21,14,5,91,,67,67,4,6,4,4,0.3,0.4
2024-06-24T1700,2296A,118.327,29.7178,黄山市,黄山东路89号,,29,6,10,3,5,90,,61,61,6,7,4,5,0.4,0.4
2024-06-24T1700,2297A,118.1371,30.2756,黄山市,黄山区政府5号楼,,15,15,13,9,5,36,,36,36,4,5,6,6,0.4,0.4
2024-06-24T1700,2423A,115.0601,30.2313,黄石市,沈家营,颗粒物(PM10),64,78,46,23,16,58,,64,64,40,29,9,13,0.7,0.6
2024-06-24T1700,2424A,115.0817,30.2006,黄石市,陈家湾,颗粒物(PM10),79,108,58,28,19,72,,68,68,29,26,7,8,0.8,0.7
2024-06-24T1700,2426A,114.8988,30.2019,黄石市,铁山,,44,44,36,18,19,74,,70,70,15,18,9,12,0.8,1
2024-06-24T1700,2427A,115.0307,30.2092,黄石市,团城山,颗粒物(PM10),67,84,48,24,16,71,,67,67,19,22,7,13,0.9,0.8
2024-06-24T1700,3149A,115.0235,30.1578,黄石市,笔架山北路,颗粒物(PM10),58,66,59,3,20,62,,72,72,3,14,6,8,0.7,0.9
2024-06-24T1700,1392A,114.4183,23.0528,惠州市,河南岸金山湖子站,,20,14,11,8,5,63,,58,58,2,5,4,4,0.3,0.3
2024-06-24T1700,1393A,114.4053,23.0822,惠州市,下埔横江三路子站,,21,14,11,3,5,67,,62,62,4,6,6,6,0.4,0.4
2024-06-24T1700,1394A,114.4103,23.1142,惠州市,江北云山西路子站,,23,12,10,8,4,71,,66,66,1,3,8,8,0.4,0.5
2024-06-24T1700,1395A,114.4645,22.7833,惠州市,惠阳区承修路船湖子站,,16,12,10,3,4,51,,49,49,7,7,1,1,0.4,0.4
2024-06-24T1700,1396A,114.5317,22.7422,惠州市,大亚湾管委会子站,,20,15,13,7,5,63,,62,62,6,7,5,5,0.5,0.5
2024-06-24T1700,3314A,114.4338,22.8134,惠州市,惠阳秋长,,,,38,6,5,61,,61,61,,4,,4,0.4,0.6
2024-06-24T1700,3452A,114.6517,22.775,惠州市,大亚湾霞涌,,20,10,9,9,6,64,,54,54,3,4,4,3,0.4,0.4
2024-06-24T1700,2240A,130.9762,45.3001,鸡西市,环保局,,11,6,3,3,2,35,,32,32,5,4,6,6,0.5,0.4
2024-06-24T1700,2243A,130.9429,45.3039,鸡西市,第一中学,,10,6,4,3,3,32,,33,33,4,3,7,7,0.2,0.2
2024-06-24T1700,3707A,131.0207,45.3073,鸡西市,欧美日汽修厂,,,,8,0,2,37,,35,35,4,4,4,5,0.4,0.2
2024-06-24T1700,3709A,130.9967,45.3106,鸡西市,市政设施管理处,,9,6,3,3,2,28,,29,29,10,8,7,7,0.4,0.3
2024-06-24T1700,2367A,114.9754,27.0803,吉安市,红声器材厂,,25,23,26,9,12,78,,67,67,13,12,13,12,0.5,0.4
2024-06-24T1700,2368A,114.9658,27.0999,吉安市,市森林工业局,,24,20,23,10,13,74,,66,66,9,10,9,10,0.4,0.5
2024-06-24T1700,2369A,114.99,27.1312,吉安市,市环境监测站,,26,20,23,8,12,83,,71,71,9,8,13,12,0.5,0.6
2024-06-24T1700,2370A,115.0093,27.0968,吉安市,青原区法院,,24,18,23,12,12,74,,63,63,14,14,13,12,0.3,0.4
2024-06-24T1700,1772A,126.54,43.8622,吉林市,哈达湾,,17,7,11,3,5,52,,44,44,7,9,6,6,0.4,0.4
2024-06-24T1700,1773A,126.5844,43.8358,吉林市,东局子,,15,14,19,8,8,47,,41,41,14,12,9,5,0.5,0.5
2024-06-24T1700,1774A,126.5052,43.8245,吉林市,电力学院,,17,10,15,3,6,52,,44,44,7,10,11,12,0.4,0.4
2024-06-24T1700,1775A,126.6133,43.8972,吉林市,江北,,15,9,13,3,7,47,,40,40,11,13,7,7,0.5,0.5
2024-06-24T1700,1776A,126.555,43.8306,吉林市,江南公园,,15,10,12,6,7,48,,42,42,13,14,4,5,0.5,0.5
2024-06-24T1700,1778A,126.7061,43.7133,吉林市,丰满,,,,,,,,,,,,,,,,
2024-06-24T1700,2868A,126.4739,43.953,吉林市,九站,,15,10,10,6,5,45,,41,41,15,14,8,8,0.5,0.5
2024-06-24T1700,1299A,116.9862,36.6114,济南市,科干所,颗粒物(PM10),87,124,188,42,51,149,,140,140,17,25,7,9,0.5,0.5
2024-06-24T1700,1300A,116.9376,36.665,济南市,农科所,颗粒物(PM10),91,132,197,42,52,154,,144,144,15,28,8,11,0.4,0.5
2024-06-24T1700,1301A,117.1265,36.6734,济南市,开发区,颗粒物(PM10),85,120,199,39,53,151,,141,141,15,30,7,10,0.3,0.5
2024-06-24T1700,1303A,117.0624,36.6868,济南市,省种子仓库,颗粒物(PM10),89,127,209,51,65,145,,137,137,17,27,6,9,0.5,0.6
2024-06-24T1700,1304A,116.9489,36.6447,济南市,机床二厂,颗粒物(PM10),83,115,175,42,55,160,,149,149,12,25,9,11,0.3,0.3
2024-06-24T1700,1305A,117.0495,36.663,济南市,市监测站,,,125,203,,58,153,,143,143,18,29,10,13,0.3,0.4
2024-06-24T1700,1306A,116.7675,36.5484,济南市,长清党校,颗粒物(PM10),96,142,216,49,50,161,,152,152,7,21,7,10,0.4,0.6
2024-06-24T1700,1616A,117.6795,36.229,济南市,技术学院,颗粒物(PM10),90,129,190,48,54,157,,139,139,11,17,9,11,0.5,0.5
2024-06-24T1700,1961A,117.532,36.6868,济南市,东山小学,颗粒物(PM10),72,93,200,29,51,156,,142,142,12,24,6,9,0.3,0.5
2024-06-24T1700,3059A,117.7161,36.2049,济南市,泰兴公司,颗粒物(PM10),86,122,177,44,48,155,,134,134,8,16,8,10,0.3,0.4
2024-06-24T1700,3064A,117.6867,36.2171,济南市,莱芜战役纪念馆,颗粒物(PM10),91,132,188,41,49,154,,134,134,9,14,8,10,0.4,0.5
2024-06-24T1700,3494A,117.1673,36.9782,济南市,济阳区政府,颗粒物(PM10),63,76,173,24,53,158,,140,140,5,10,5,7,0.2,0.3
2024-06-24T1700,3495A,117.1171,36.63,济南市,锦屏中学,颗粒物(PM10),88,125,188,37,49,160,,152,152,14,21,9,11,0.5,0.6
2024-06-24T1700,3682A,116.9814,36.6819,济南市,济南四建,颗粒物(PM10),81,112,182,49,58,148,,138,138,10,24,7,10,0.4,0.5
2024-06-24T1700,1653A,116.6251,35.4302,济宁市,火炬城,颗粒物(PM10),77,104,160,39,49,165,,138,138,9,16,8,11,0.4,0.5
2024-06-24T1700,1655A,116.5491,35.4042,济宁市,电化厂,颗粒物(PM10),80,110,176,44,49,170,,142,142,15,19,6,8,0.3,0.3
2024-06-24T1700,3500A,116.5814,35.3707,济宁市,北湖一中,颗粒物(PM10),67,84,131,36,42,165,,139,139,12,16,7,8,0.4,0.4
2024-06-24T1700,3501A,116.8249,35.5593,济宁市,服务中心,颗粒物(PM10),82,113,165,43,49,154,,132,132,8,13,4,6,0.3,0.3
2024-06-24T1700,3678A,116.5907,35.4054,济宁市,市第七中学,颗粒物(PM10),79,108,165,39,42,173,,146,146,11,16,5,7,0.4,0.4
2024-06-24T1700,2255A,130.2751,46.8028,佳木斯市,佳纺,,12,11,8,7,5,37,,47,46,20,8,5,5,0.4,0.4
2024-06-24T1700,2256A,130.3995,46.8307,佳木斯市,发电厂,,15,11,12,8,5,46,,50,50,9,5,5,5,0.4,0.4
2024-06-24T1700,2257A,130.3258,46.7975,佳木斯市,环保局,,19,19,12,9,5,35,,42,41,19,13,6,6,0.6,0.5
2024-06-24T1700,2258A,130.3648,46.8032,佳木斯市,十一中,,14,14,9,7,5,34,,50,46,27,10,7,6,0.5,0.4
2024-06-24T1700,2259A,130.3794,46.7588,佳木斯市,四丰,,15,,3,3,5,48,,45,45,4,8,1,1,0.6,0.6
2024-06-24T1700,1252A,120.7436,30.778,嘉兴市,清河小学,,21,21,25,10,10,50,,33,33,27,26,5,5,0.9,0.9
2024-06-24T1700,1253A,120.726,30.7478,嘉兴市,嘉兴学院,,38,38,38,11,17,48,,28,28,31,31,2,2,0.4,0.4
2024-06-24T1700,2872A,120.7846,30.7525,嘉兴市,南湖区残联,,20,20,24,13,19,56,,39,39,25,24,5,5,0.6,0.6
2024-06-24T1700,3407A,120.6916,30.7739,嘉兴市,秀洲住建,,19,19,22,13,15,50,,30,30,21,22,3,4,0.6,0.6
2024-06-24T1700,1945A,98.2908,39.7711,嘉峪关市,气象局,颗粒物(PM10),53,56,60,29,20,142,,118,118,4,10,6,5,0.2,0.3
2024-06-24T1700,2884A,98.2672,39.7978,嘉峪关市,酒钢宾馆,颗粒物(PM10),56,61,66,24,21,142,,122,122,6,10,8,12,0.3,0.4
2024-06-24T1700,3248A,98.2643,39.7724,嘉峪关市,雄关区,,47,47,52,17,16,141,,116,116,4,12,6,7,0.4,0.4
2024-06-24T1700,1383A,113.1064,22.6058,江门市,北街,,18,15,15,9,6,55,,54,54,4,8,2,2,0.5,0.4
2024-06-24T1700,1384A,113.0731,22.5835,江门市,西区,,20,11,13,9,7,63,,61,61,6,7,6,6,0.4,0.3
2024-06-24T1700,1385A,113.0219,22.5311,江门市,圭峰西,,18,16,14,3,3,56,,59,59,1,3,3,2,0.5,0.5
2024-06-24T1700,1386A,113.0828,22.5947,江门市,东湖,细颗粒物(PM2.5),53,,13,37,14,63,,60,60,6,9,6,6,0.4,0.4
2024-06-24T1700,3311A,113.1075,22.5647,江门市,江海富民,,25,25,24,10,12,65,,63,63,5,10,5,5,0.5,0.4
2024-06-24T1700,3449A,113.05,22.4667,江门市,新会银湖,,19,9,13,7,5,60,,60,60,2,5,5,4,0.5,0.5
2024-06-24T1700,1828A,113.227,35.2125,焦作市,市环保局,颗粒物(PM10),87,123,130,44,37,180,,141,141,6,6,4,4,0.1,0.1
2024-06-24T1700,1830A,113.1992,35.2590,焦作市,影视城,,,,,,,,,,,,,,,,
2024-06-24T1700,3169A,113.2725,35.2067,焦作市,太极体育中心,颗粒物(PM10),92,134,155,33,35,173,,137,137,7,8,5,8,0.2,0.3
2024-06-24T1700,3335A,113.3137,35.2641,焦作市,马村街道办,颗粒物(PM10),88,125,142,42,32,171,,139,139,8,7,6,4,0.3,0.2
2024-06-24T1700,3336A,113.2465,35.2373,焦作市,焦作技师学院,颗粒物(PM10),89,127,144,36,34,177,,142,142,5,7,4,3,0.4,0.4
2024-06-24T1700,3477A,113.1656,35.2539,焦作市,中站许衡医院,颗粒物(PM10),87,124,134,38,35,184,,148,148,6,13,7,7,0.3,0.3
2024-06-24T1700,3981A,113.2449,35.1803,焦作市,原李万街道办,颗粒物(PM10),83,116,124,34,35,170,,134,134,9,8,6,6,0.4,0.4
2024-06-24T1700,1708A,116.3701,23.5345,揭阳市,新兴,,23,23,22,7,8,59,,50,50,6,9,4,5,0.5,0.5
2024-06-24T1700,1709A,116.3264,23.5443,揭阳市,西马,,20,10,20,8,6,61,,52,52,4,9,2,3,0.5,0.6
2024-06-24T1700,1710A,116.3611,23.5626,揭阳市,东兴,,20,12,23,7,8,63,,55,55,2,6,1,2,0.7,0.7
2024-06-24T1700,1711A,116.4151,23.5294,揭阳市,渔湖,,,,30,8,6,54,,43,43,8,12,3,3,0.4,0.4
2024-06-24T1700,3320A,116.403,23.5699,揭阳市,曲溪,,24,10,17,8,8,76,,68,68,7,12,2,3,0.6,0.5
2024-06-24T1700,1944A,102.1692,38.5167,金昌市,天庆家园,颗粒物(PM10),62,73,112,30,46,125,,107,107,3,8,6,13,0.6,0.6
2024-06-24T1700,3170A,102.1864,38.5253,金昌市,市委党校,颗粒物(PM10),73,96,140,12,39,124,,105,105,5,9,7,12,0.5,0.6
2024-06-24T1700,4022A,102.1647,38.5371,金昌市,金川区人防中心,颗粒物(PM10),76,102,129,32,43,129,,113,113,8,9,10,11,0.5,0.6
2024-06-24T1700,1262A,119.647,29.077,金华市,十五中,,31,21,36,11,15,99,,85,85,12,22,2,2,0.4,0.5
2024-06-24T1700,1263A,119.686,29.1029,金华市,监测站,,30,17,42,10,19,95,,84,84,13,23,1,2,0.4,0.5
2024-06-24T1700,3659A,119.656,29.1131,金华市,气象局,,31,16,36,3,14,97,,78,78,13,29,4,5,0.5,0.7
2024-06-24T1700,1767A,121.1115,41.0879,锦州市,南山,,35,17,20,10,13,110,,105,105,10,9,5,13,0.4,0.4
2024-06-24T1700,1768A,121.0533,40.8434,锦州市,开发区,颗粒物(PM10),59,67,38,8,13,106,,100,100,22,19,10,13,0.5,0.7
2024-06-24T1700,1769A,121.1836,41.1119,锦州市,百股街道,,,,24,2,3,115,,107,107,11,10,9,11,0.4,0.6
2024-06-24T1700,1770A,121.1178,41.1222,锦州市,天安街道,,30,17,19,3,11,96,,90,90,12,11,4,8,0.4,0.5
2024-06-24T1700,1771A,121.1303,41.1386,锦州市,北湖公园,,40,40,18,3,7,105,,98,98,8,8,6,9,0.3,0.4
2024-06-24T1700,2160A,112.85,35.5051,晋城市,自来水公司,臭氧1小时,94,135,133,36,31,195,,156,156,12,15,10,9,0.5,0.6
2024-06-24T1700,2161A,112.8318,35.4936,晋城市,白云商贸,颗粒物(PM10),96,141,137,31,32,191,,153,153,12,16,9,9,0.5,0.6
2024-06-24T1700,2162A,112.8508,35.4887,晋城市,市环保局,颗粒物(PM10),96,142,138,34,32,185,,150,150,16,16,8,7,0.4,0.5
2024-06-24T1700,2163A,112.8676,35.4897,晋城市,技术学院,颗粒物(PM10),94,138,139,36,35,189,,150,150,15,19,9,8,0.6,0.7
2024-06-24T1700,2165A,112.8453,35.546,晋城市,白马寺,,,,,,,,,,,,,,,,
2024-06-24T1700,3620A,112.8271,35.4828,晋城市,泽州一中,颗粒物(PM10),95,140,135,36,36,177,,147,147,14,16,10,9,0.6,0.7
2024-06-24T1700,2171A,112.7532,37.6945,晋中市,锦纶小区,,,39,157,7,37,148,,119,119,,18,7,7,0.2,0.2
2024-06-24T1700,2173A,112.7249,37.7067,晋中市,南都小区,,46,38,159,12,38,146,,118,118,8,17,8,8,0.2,0.2
2024-06-24T1700,2174A,112.6991,37.6982,晋中市,榆次区政府,,45,19,154,10,38,143,,116,116,11,21,6,7,0.1,0.2
2024-06-24T1700,2865A,112.7195,37.6828,晋中市,榆次三中,,45,34,163,3,37,144,,118,118,8,16,8,8,0.3,0.3
2024-06-24T1700,2439A,112.2014,31.0481,荆门市,竹园小学,,45,45,36,23,24,98,,76,76,16,14,10,9,0.5,0.5
2024-06-24T1700,2440A,112.1969,30.9891,荆门市,掇刀,,39,35,42,27,23,89,,75,75,14,14,6,6,0.7,0.7
2024-06-24T1700,2441A,112.2213,31.0386,荆门市,石化一小,,40,40,37,27,20,95,,78,78,16,14,11,13,0.5,0.5
2024-06-24T1700,3012A,112.1849,31.0362,荆门市,西山林语,,,,31,,25,105,,92,92,9,10,8,8,0.5,0.5
2024-06-24T1700,3547A,112.1632,31.0138,荆门市,龙泉中学南校,,36,36,30,19,17,92,,82,82,17,14,8,8,0.6,0.6
2024-06-24T1700,1844A,112.2494,30.3197,荆州市,市图书馆,,24,24,16,10,9,76,,77,77,8,10,5,5,0.6,0.6
2024-06-24T1700,1845A,112.2008,30.3544,荆州市,市委党校,,25,16,15,10,14,80,,78,78,8,11,5,5,0.7,0.6
2024-06-24T1700,3194A,112.2747,30.3122,荆州市,管委会,,25,,15,15,12,80,,78,78,10,10,3,4,0.5,0.5
2024-06-24T1700,3548A,112.1655,30.3364,荆州市,学苑路,,24,,19,13,12,76,,78,78,11,14,7,6,0.5,0.5
2024-06-24T1700,2342A,117.3102,29.3867,景德镇市,王港中学,,,,,,,,,,,,,,,,
2024-06-24T1700,2343A,117.2117,29.2933,景德镇市,老干部活动中心,,25,6,12,3,7,79,,67,67,7,11,6,7,0.4,0.5
2024-06-24T1700,2344A,117.1894,29.2789,景德镇市,兽医站,,28,8,15,8,7,88,,73,73,4,12,6,7,0.3,0.4
2024-06-24T1700,2345A,117.1547,29.2617,景德镇市,台达陶瓷,,,56,16,,7,66,,62,62,24,16,16,16,0.5,0.3
2024-06-24T1700,2346A,117.2461,29.2956,景德镇市,陶研所,,26,6,12,3,3,83,,81,81,4,6,4,6,0.2,0.3
2024-06-24T1700,1803A,115.9872,29.6815,九江市,十里,,21,9,14,3,7,66,,50,50,18,21,10,10,0.7,0.6
2024-06-24T1700,1804A,115.9584,29.7046,九江市,茅山头,,25,14,12,6,7,78,,56,56,12,14,9,9,0.4,0.5
2024-06-24T1700,1805A,115.9877,29.7295,九江市,西园,,,10,16,,11,82,,60,60,12,24,8,13,0.6,0.7
2024-06-24T1700,1806A,116.0172,29.6547,九江市,五七二七厂,,18,,11,9,5,56,,42,42,9,15,9,8,0.6,0.6
2024-06-24T1700,1808A,115.9114,29.6038,九江市,综合工业园,,25,9,9,9,6,79,,56,52,20,29,9,9,0.3,0.4
2024-06-24T1700,1809A,116.0721,29.7535,九江市,石化总厂,,22,16,19,7,11,68,,53,53,12,18,8,9,0.6,0.6
2024-06-24T1700,1810A,115.9773,29.5698,九江市,庐山气象台,,25,8,5,6,5,77,,79,77,2,2,6,14,0.5,0.8
2024-06-24T1700,3190A,116.0254,29.6994,九江市,外国语学校,,17,14,14,11,10,53,,46,46,22,26,4,10,0.7,0.8
2024-06-24T1700,2658A,98.5061,39.7443,酒泉市,仓门街子站,颗粒物(PM10),58,66,68,9,11,134,,111,111,4,9,7,8,0.2,0.2
2024-06-24T1700,2659A,98.4989,39.7256,酒泉市,油田生活基地,颗粒物(PM10),59,68,69,19,19,143,,118,118,5,10,8,15,0.3,0.2
2024-06-24T1700,2698A,76.0072,39.4467,喀什地区,巡警大队,颗粒物(PM10),74,98,74,15,10,83,,110,89,22,13,3,3,0.2,0.2
2024-06-24T1700,2699A,75.9755,39.4694,喀什地区,吾办,,,,77,32,22,83,,104,88,12,12,7,6,0.3,0.4
2024-06-24T1700,4027A,75.9483,39.4689,喀什地区,老干局,颗粒物(PM10),64,78,83,13,8,89,,110,88,9,14,4,4,0.2,0.2
2024-06-24T1700,1824A,114.3389,34.7781,开封市,肿瘤医院,颗粒物(PM10),87,124,140,30,30,181,,155,155,3,10,4,5,0.3,0.3
2024-06-24T1700,1826A,114.2885,34.7965,开封市,世纪星幼儿园,颗粒物(PM10),84,118,139,39,36,164,,143,143,7,13,2,2,0.3,0.3
2024-06-24T1700,3147A,114.3438,34.8106,开封市,龙亭公园,,,,,,,,,,,,,,,,
2024-06-24T1700,3210A,114.3644,34.7964,开封市,汴京公园,颗粒物(PM10),87,124,137,42,38,171,,147,147,8,14,2,2,0.2,0.2
2024-06-24T1700,3473A,114.2485,34.8306,开封市,技师学院,颗粒物(PM10),79,108,129,39,35,163,,143,143,7,15,4,5,0.5,0.6
2024-06-24T1700,3592A,114.4644,34.7556,开封市,祥符区生态环境局,,,130,148,44,36,171,,143,143,,21,,6,0.4,0.4
2024-06-24T1700,1951A,84.895,45.6094,克拉玛依市,长征新村,,43,19,32,7,9,135,,107,107,5,19,10,10,0.2,0.3
2024-06-24T1700,1952A,84.8988,45.5893,克拉玛依市,南林小区,,40,20,34,6,20,128,,98,98,9,36,3,4,0.3,0.7
2024-06-24T1700,1954A,84.905,44.3396,克拉玛依市,独山子区,,46,33,33,9,13,145,,118,118,8,11,12,10,0.5,0.4
2024-06-24T1700,1955A,85.6979,46.098,克拉玛依市,乌尔禾区商贸楼,,45,45,25,8,8,108,,84,84,9,14,5,5,0.2,0.4
2024-06-24T1700,3612A,85.1045,45.6899,克拉玛依市,白碱滩区新站,,43,27,48,18,22,137,,106,106,4,14,10,10,0.3,0.3
2024-06-24T1700,2697A,76.1454,39.7142,克孜勒苏柯尔克孜自治州,市人民政府,颗粒物(PM10),59,67,64,34,26,105,,116,105,7,5,14,8,0.1,0.1
2024-06-24T1700,3665A,76.1658,39.7157,克孜勒苏柯尔克孜自治州,克州文化中心,颗粒物(PM10),58,66,68,24,28,114,,119,112,1,2,9,10,0.2,0.2
2024-06-24T1700,1450A,102.8204,24.8886,昆明市,呈贡新区,,31,20,21,7,10,98,,86,86,8,10,8,8,0.6,0.6
2024-06-24T1700,1451A,102.6251,24.9608,昆明市,西山森林公园,,,,,,,,,,,,,,,,
2024-06-24T1700,1452A,102.7252,25.0902,昆明市,龙泉镇,,33,,17,11,9,105,,88,88,7,12,8,7,0.5,0.5
2024-06-24T1700,1453A,102.7266,25.0375,昆明市,东风东路,,33,19,22,11,11,103,,88,88,7,13,3,2,0.5,0.6
2024-06-24T1700,1454A,102.6742,25.0669,昆明市,金鼎山,,35,26,20,3,7,109,,88,88,8,13,11,10,0.2,0.3
2024-06-24T1700,1455A,102.6644,25.0401,昆明市,碧鸡广场,,35,19,21,9,13,111,,90,90,8,12,4,3,0.3,0.4
2024-06-24T1700,3179A,102.7494,25.0119,昆明市,官渡区博物馆,,34,19,21,3,6,106,,93,93,11,17,8,9,0.3,0.4
2024-06-24T1700,3375A,102.8017,24.8336,昆明市,青年创业园,,33,7,16,3,10,103,,90,90,5,9,9,8,0.3,0.4
2024-06-24T1700,3550A,102.7997,24.9786,昆明市,昆明学院,,34,22,23,6,12,106,,98,98,16,15,9,10,0.2,0.3
2024-06-24T1700,3551A,102.5967,24.6736,昆明市,晋宁区生态环境分局,,36,11,17,7,9,115,,94,94,6,10,3,2,0.5,0.6
2024-06-24T1700,3552A,102.6678,24.9856,昆明市,云天化总部,,35,18,18,8,11,109,,89,89,8,10,2,2,0.5,0.5
2024-06-24T1700,1456A,91.1319,29.6514,拉萨市,八廓街,,45,7,12,6,7,144,,138,138,10,10,6,5,0.2,0.2
2024-06-24T1700,1457A,91.1221,29.6747,拉萨市,市环保局,,46,10,9,6,6,146,,137,137,10,11,7,8,0.3,0.4
2024-06-24T1700,1458A,91.0874,29.6475,拉萨市,区监测站,,45,6,9,3,7,141,,133,133,7,9,6,6,0.2,0.2
2024-06-24T1700,1459A,91.1774,29.6541,拉萨市,西藏大学,,47,7,10,3,6,148,,137,137,6,7,7,7,0.3,0.4
2024-06-24T1700,1460A,90.9798,29.6588,拉萨市,区辐射站,,42,8,13,6,7,132,,130,130,13,11,8,7,0.3,0.3
2024-06-24T1700,1461A,91.0834,29.6292,拉萨市,拉萨火车站,,43,11,16,3,8,136,,130,130,8,9,8,7,0.2,0.2
2024-06-24T1700,2520A,109.2203,23.7256,来宾市,来宾技工学校,,19,13,19,8,9,60,,60,60,6,10,7,7,0.7,0.7
2024-06-24T1700,3535A,109.1781,23.7297,来宾市,兴宾区政府,,17,,15,7,9,53,,60,60,5,8,4,4,0.7,0.7
2024-06-24T1700,4002A,109.2416,23.7461,来宾市,中南小学,,20,19,19,11,7,63,,58,58,6,11,7,6,0.7,0.7
2024-06-24T1700,1476A,103.631,36.1031,兰州市,兰炼宾馆,臭氧1小时,82,44,60,14,26,185,,146,146,9,24,10,27,0.4,0.4
2024-06-24T1700,1477A,104.1373,35.9454,兰州市,榆中兰大校区,,,,,,,,,,,,,,,,
2024-06-24T1700,1478A,103.8412,36.0726,兰州市,生物制品所,臭氧1小时,55,38,58,14,27,164,,123,123,8,31,10,14,0.1,0.3
2024-06-24T1700,1479A,103.831,36.0464,兰州市,铁路设计院,臭氧1小时,55,39,66,14,22,164,,119,119,22,47,9,13,0.3,0.4
2024-06-24T1700,3186A,103.7158,36.1058,兰州市,教育港,臭氧1小时,68,39,66,17,23,174,,144,144,9,26,10,18,0.3,0.3
2024-06-24T1700,3241A,103.7439,36.0842,兰州市,百合公园,,50,34,53,7,21,157,,132,132,7,33,5,12,0.3,0.3
2024-06-24T1700,3242A,103.9611,35.998,兰州市,和平,臭氧1小时,53,45,56,24,18,162,,132,132,6,16,9,9,0.2,0.1
2024-06-24T1700,3245A,103.6633,36.533,兰州新区,新区管委会,臭氧1小时,53,31,44,15,22,162,,136,136,4,10,9,15,0.3,0.3
2024-06-24T1700,3246A,103.6975,36.4789,兰州新区,舟曲中学,,50,36,58,13,17,160,,134,134,7,13,11,16,0.3,0.3
2024-06-24T1700,1067A,116.6708,39.5111,廊坊市,药材公司,,41,10,68,3,27,130,,111,111,7,13,3,3,0.2,0.3
2024-06-24T1700,1068A,116.7214,39.5589,廊坊市,开发区,,,,68,,29,131,,109,109,8,16,1,1,0.2,0.3
2024-06-24T1700,1070A,116.7244,39.5269,廊坊市,北华航天学院,,40,25,77,6,26,125,,105,105,9,17,3,3,0.2,0.3
2024-06-24T1700,2919A,116.7022,39.5453,廊坊市,河北工业大学,颗粒物(PM10),58,66,83,13,31,126,,105,105,1,13,3,3,0.3,0.3
2024-06-24T1700,2535A,103.7723,29.5462,乐山市,花湖湾,,,,31,,18,,,116,,,12,,4,,0
2024-06-24T1700,2536A,103.7627,29.5844,乐山市,牛耳桥,,24,24,29,12,20,67,,54,44,24,20,7,5,0.4,0.5
2024-06-24T1700,2537A,103.7508,29.6006,乐山市,市第三水厂,,32,24,27,22,22,78,,58,52,16,18,6,5,0.4,0.4
2024-06-24T1700,2538A,103.7571,29.5664,乐山市,市监测站,,24,20,29,13,17,75,,55,49,16,16,4,4,0.5,0.6
2024-06-24T1700,3361A,103.7311,29.5628,乐山市,理工大学,,24,20,33,11,21,75,,49,49,12,19,3,5,0.4,0.5
2024-06-24T1700,2598A,100.2143,26.8576,丽江市,西南郊,,,,,,,,,,,,,,,,
2024-06-24T1700,2599A,100.2497,26.8802,丽江市,丽江古城,,19,17,16,8,10,60,,54,54,11,12,6,6,0.6,0.6
2024-06-24T1700,2600A,100.2203,26.8906,丽江市,市中心,,23,11,10,10,10,71,,62,62,10,12,8,8,0.5,0.5
2024-06-24T1700,1267A,119.914,28.4514,丽水市,监测站大楼,,25,,32,9,19,78,,70,70,10,15,2,3,0.6,0.6
2024-06-24T1700,1268A,119.93,28.4586,丽水市,莲都小学,,28,7,31,3,16,87,,72,72,6,12,3,4,0.4,0.5
2024-06-24T1700,1269A,119.879,28.4231,丽水市,余庄前,,14,8,30,3,20,43,,54,54,8,12,2,2,0.5,0.5
2024-06-24T1700,1173A,119.176,34.5885,连云港市,市环境监测站,颗粒物(PM10),115,180,161,48,45,126,,124,124,15,16,7,8,0.5,0.6
2024-06-24T1700,3000A,119.3581,34.6972,连云港市,德源药业,颗粒物(PM10),103,156,138,41,41,129,,128,128,10,13,5,6,0.4,0.5
2024-06-24T1700,3007A,119.178,34.844,连云港市,新城一中,颗粒物(PM10),103,156,124,48,46,134,,132,132,17,20,4,9,0.5,0.6
2024-06-24T1700,3008A,119.3608,34.7519,连云港市,胡沟管理处,颗粒物(PM10),131,212,140,46,37,71,,121,109,54,18,17,10,0.6,0.7
2024-06-24T1700,3009A,119.1478,34.5911,连云港市,矿山设计院,颗粒物(PM10),117,183,165,44,39,124,,123,123,16,16,2,4,0.4,0.4
2024-06-24T1700,3434A,119.2413,34.6539,连云港市,工贸学校,颗粒物(PM10),111,171,143,47,42,136,,133,133,7,13,7,9,0.6,0.7
2024-06-24T1700,3664A,119.4172,34.7341,连云港市,连云街道,颗粒物(PM10),110,169,135,46,39,132,,132,132,7,13,3,5,0.4,0.7
2024-06-24T1700,2571A,102.3431,27.8099,凉山彝族自治州,青龙寺,,20,7,16,3,8,64,,76,76,3,2,3,2,0.5,0.5
2024-06-24T1700,2572A,102.2721,27.8415,凉山彝族自治州,邛海宾馆,,30,8,11,3,6,95,,95,95,4,7,8,7,0.5,0.6
2024-06-24T1700,2573A,102.2625,27.898,凉山彝族自治州,西昌市政府,,30,6,14,3,6,93,,90,90,5,7,10,10,0.5,0.5
2024-06-24T1700,2574A,102.2685,27.8851,凉山彝族自治州,凉山州政府,,30,8,14,6,7,93,,90,90,5,9,6,6,0.5,0.6
2024-06-24T1700,2575A,102.237,27.8914,凉山彝族自治州,长安,,30,11,16,7,10,93,,94,94,7,9,9,9,0.6,0.7
2024-06-24T1700,2212A,123.2,41.1953,辽阳市,宏伟区,,29,12,38,3,7,92,,93,93,8,10,9,9,0.3,0.4
2024-06-24T1700,2213A,123.1683,41.2495,辽阳市,新华园,,,15,33,10,13,95,,100,95,,9,9,7,,0.4
2024-06-24T1700,2214A,123.2354,41.2639,辽阳市,滨河路,,28,12,32,3,10,88,,88,88,7,10,8,8,0.4,0.5
2024-06-24T1700,2215A,123.149,41.2991,辽阳市,铁西工业园,,29,,29,7,12,91,,91,91,5,10,9,9,0.4,0.4
2024-06-24T1700,2227A,125.1358,42.8845,辽源市,环保局,,20,9,7,3,3,64,,58,58,14,10,29,16,0.5,0.5
2024-06-24T1700,3239A,125.0764,42.9078,辽源市,银鹰制药,,24,6,6,3,3,74,,64,64,6,11,2,2,0.5,0.7
2024-06-24T1700,1625A,115.9848,36.4372,聊城市,区政府,颗粒物(PM10),81,111,194,30,46,145,,135,135,14,18,7,9,0.5,0.7
2024-06-24T1700,2878A,116.0072,36.4343,聊城市,聊大东校,颗粒物(PM10),79,108,189,44,55,150,,141,141,16,18,6,7,0.5,0.5
2024-06-24T1700,3200A,115.9819,36.4978,聊城市,监控中心,颗粒物(PM10),82,114,199,41,51,145,,132,132,9,17,8,9,0.5,0.5
2024-06-24T1700,3513A,116.0445,36.4361,聊城市,九州社区,颗粒物(PM10),91,132,208,30,45,146,,137,137,9,15,9,10,0.6,0.7
2024-06-24T1700,4018A,116.0567,36.4608,聊城市,星美广场,颗粒物(PM10),87,124,194,44,50,142,,135,135,14,21,10,11,0.6,0.6
2024-06-24T1700,2632A,94.3681,29.6376,林芝市,林芝监测站,,26,6,6,3,5,81,,59,59,2,3,7,7,0.2,0.3
2024-06-24T1700,2633A,94.3616,29.6616,林芝市,林芝人民医院,,27,6,6,3,3,84,,62,62,4,5,9,8,0.3,0.4
2024-06-24T1700,2603A,100.0781,23.8982,临沧市,市环保局,,,,24,11,13,49,,51,51,7,10,4,6,0.3,0.6
2024-06-24T1700,2604A,100.0894,23.8822,临沧市,市气象局,,20,17,23,14,16,46,,47,47,8,11,4,6,0.6,0.6
2024-06-24T1700,1733A,111.5531,36.0783,临汾市,临钢医院,颗粒物(PM10),175,299,151,77,35,157,,129,129,5,9,5,6,0.4,0.4
2024-06-24T1700,1734A,111.5028,36.0714,临汾市,技工学校,颗粒物(PM10),183,316,152,69,36,163,,137,137,11,15,6,6,0.4,0.4
2024-06-24T1700,1736A,111.5018,36.0855,临汾市,市委,颗粒物(PM10),187,324,157,73,33,170,,142,142,9,13,5,7,0.4,0.5
2024-06-24T1700,3018A,111.505,36.1014,临汾市,唐尧大酒店,颗粒物(PM10),152,254,123,69,34,162,,136,136,8,12,4,6,0.6,0.6
2024-06-24T1700,3668A,111.5036,36.0414,临汾市,城南,颗粒物(PM10),190,329,141,81,40,167,,140,140,7,14,6,6,0.3,0.4
2024-06-24T1700,2667A,103.2069,35.5993,临夏回族自治州,环保局,,46,27,27,19,21,145,,124,124,1,8,6,6,0.2,0.3
2024-06-24T1700,2668A,103.2417,35.6057,临夏回族自治州,建设大厦,,47,15,28,7,20,150,,125,125,3,8,8,9,0.2,0.3
2024-06-24T1700,1618A,118.3429,35.0532,临沂市,沂河小区,颗粒物(PM10),117,183,172,59,47,169,,146,146,19,17,9,9,0.3,0.3
2024-06-24T1700,1619A,118.295,35.0583,临沂市,鲁南制药厂,颗粒物(PM10),109,168,189,40,31,164,,142,142,7,10,9,9,0.4,0.4
2024-06-24T1700,1620A,118.2794,34.9976,临沂市,新光毛纺厂,颗粒物(PM10),111,171,179,42,33,156,,135,135,13,15,6,5,0.6,0.6
2024-06-24T1700,1621A,118.3956,35.0888,临沂市,河东保险公司,颗粒物(PM10),106,161,159,44,41,155,,130,130,12,13,7,6,0.4,0.4
2024-06-24T1700,3370A,118.3564,35.0215,临沂市,十里堡居委,颗粒物(PM10),111,171,174,46,45,161,,136,136,13,14,10,10,0.6,0.5
2024-06-24T1700,3496A,118.3604,35.1084,临沂市,南坊新区,颗粒物(PM10),109,168,182,39,40,157,,132,132,14,15,8,8,0.6,0.5
2024-06-24T1700,3860A,118.3920,35.0300,临沂市,皇山花园小区,颗粒物(PM10),129,207,196,50,44,153,,129,129,18,16,10,10,0.5,0.4
2024-06-24T1700,1870A,109.4856,24.3895,柳州市,柳东小学,,18,8,14,3,8,55,,58,58,3,9,6,8,0.4,0.5
2024-06-24T1700,1871A,109.4157,24.3277,柳州市,环保监测站,,,,18,0,9,61,,58,58,20,9,6,7,0.5,0.5
2024-06-24T1700,1872A,109.389,24.341,柳州市,河西水厂,,20,6,17,3,9,61,,59,59,4,8,6,6,0.1,0.2
2024-06-24T1700,1873A,109.4311,24.2921,柳州市,市四中,,21,21,17,7,10,67,,61,61,5,8,5,6,0.1,0.2
2024-06-24T1700,1874A,109.4006,24.3631,柳州市,市九中,,19,6,18,3,9,60,,61,61,6,10,4,5,0.5,0.5
2024-06-24T1700,1875A,109.4958,24.3134,柳州市,古亭山,,,,17,5,9,56,,52,52,6,11,5,7,0.3,0.3
2024-06-24T1700,3402A,109.5422,24.3996,柳州市,市二中,,21,9,17,6,8,65,,58,58,6,10,6,8,0.3,0.3
2024-06-24T1700,2307A,116.5079,31.737,六安市,监测大楼,,38,35,23,18,12,121,,88,88,6,12,5,5,0.4,0.4
2024-06-24T1700,2308A,116.4738,31.7643,六安市,皖西学院,,37,21,26,16,12,116,,100,100,4,9,4,4,0.4,0.4
2024-06-24T1700,2309A,116.4996,31.7905,六安市,朝阳厂,,34,24,28,18,15,107,,96,96,2,12,8,8,0.3,0.3
2024-06-24T1700,2310A,116.5567,31.7886,六安市,开发区,,34,16,39,13,17,107,,84,84,6,12,4,4,0.6,0.7
2024-06-24T1700,2576A,104.8,26.5892,六盘水市,窑上,,,,,,,,,,,,,,,,
2024-06-24T1700,2577A,104.83,26.5917,六盘水市,黄土坡,,34,12,15,3,6,107,,98,98,5,9,5,7,0.3,0.4
2024-06-24T1700,2578A,104.89,26.5939,六盘水市,水钢,,32,21,22,7,10,102,,88,88,10,19,10,15,0.4,0.7
2024-06-24T1700,2579A,104.8475,26.5894,六盘水市,民中,,33,16,12,7,8,105,,105,105,7,10,6,7,0.2,0.5
2024-06-24T1700,2580A,104.9544,26.5506,六盘水市,双水,,36,14,14,3,8,113,,105,105,5,9,5,6,0.2,0.3
2024-06-24T1700,2335A,117.0189,25.1181,龙岩市,龙岩师专,,,,,,,,,,,,,,,,
2024-06-24T1700,2336A,117.0217,25.1033,龙岩市,龙岩市监测站,,15,12,17,9,11,46,,46,46,8,10,4,6,0.4,0.4
2024-06-24T1700,2337A,117.0258,25.0661,龙岩市,闽西职业技术学院,,14,13,21,8,7,44,,46,46,9,12,7,16,0.3,0.4
2024-06-24T1700,2338A,117.0196,25.0306,龙岩市,龙岩学院,,16,8,12,3,4,50,,48,48,2,4,2,4,0.3,0.4
2024-06-24T1700,2665A,105.0822,33.3261,陇南市,汉王镇固水子,,,,,,,,,,,,,,,,
2024-06-24T1700,2885A,104.9339,33.3826,陇南市,滨江中学,,40,21,33,9,10,126,,102,102,6,11,7,9,0.4,0.5
2024-06-24T1700,3247A,104.955,33.371,陇南市,市总工会,,40,30,34,15,11,127,,102,102,4,7,4,4,0.3,0.4
2024-06-24T1700,2487A,111.9589,27.8901,娄底市,电视发射台,,25,8,22,3,5,80,,55,55,2,4,5,5,0.4,0.5
2024-06-24T1700,2488A,111.9975,27.725,娄底市,市监测站,,25,,17,9,10,79,,56,56,4,9,4,5,0.5,0.7
2024-06-24T1700,2489A,112.0194,27.7314,娄底市,市委党校,,16,6,16,3,9,51,,43,43,5,8,8,7,0.4,0.5
2024-06-24T1700,2490A,111.9561,27.7569,娄底市,涟钢,,,22,21,,10,62,,41,41,29,14,16,16,2.2,0.7
2024-06-24T1700,2491A,111.9892,27.7044,娄底市,市政府,,,10,16,,13,84,,58,58,8,11,5,6,0.4,0.6
2024-06-24T1700,1893A,105.4324,28.9634,泸州市,九狮山,,,,28,,15,,,61,,,22,,4,,0.2
2024-06-24T1700,1894A,105.4427,28.9063,泸州市,小市上码头,,38,38,36,18,15,52,,29,29,19,22,8,6,0.4,0.4
2024-06-24T1700,1895A,105.4241,28.8573,泸州市,兰田宪桥,,33,33,32,20,18,35,,28,28,19,19,5,5,0.2,0.2
2024-06-24T1700,1896A,105.4379,28.8833,泸州市,市环监站,,37,37,35,19,18,54,,31,28,20,22,8,7,0.6,0.6
2024-06-24T1700,3490A,105.3617,28.7703,泸州市,纳溪区环保局,,32,32,35,9,11,49,,34,34,28,24,6,5,0.4,0.4
2024-06-24T1700,2183A,111.1406,37.5211,吕梁市,环保局,颗粒物(PM10),55,59,179,18,58,128,,117,117,3,22,2,4,0.2,0.3
2024-06-24T1700,2185A,111.1297,37.5136,吕梁市,自来水公司,颗粒物(PM10),51,51,183,15,61,122,,111,111,5,20,4,6,0.2,0.3
2024-06-24T1700,2867A,111.1283,37.51,吕梁市,马茂庄小学,颗粒物(PM10),56,61,184,17,56,132,,115,115,4,24,3,3,0.3,0.4
2024-06-24T1700,1812A,112.3931,34.6516,洛阳市,市委党校,颗粒物(PM10),90,129,139,39,39,178,,147,147,5,17,4,4,0.4,0.5
2024-06-24T1700,1814A,112.4657,34.6871,洛阳市,豫西宾馆,颗粒物(PM10),88,125,159,29,39,172,,149,149,9,19,2,4,0.3,0.3
2024-06-24T1700,1815A,112.494,34.6886,洛阳市,河南林校,颗粒物(PM10),76,101,140,32,44,163,,140,140,7,20,2,4,0.2,0.2
2024-06-24T1700,1816A,112.3844,34.623,洛阳市,开发区管委会,颗粒物(PM10),96,142,139,45,42,176,,149,149,8,13,11,11,0.3,0.2
2024-06-24T1700,1817A,112.4267,34.6258,洛阳市,市委新办公区,颗粒物(PM10),90,130,132,45,45,174,,148,148,3,12,7,7,0.3,0.3
2024-06-24T1700,3340A,112.6005,34.6326,洛阳市,伊滨,颗粒物(PM10),86,121,140,28,34,167,,146,146,13,21,6,7,0.2,0.2
2024-06-24T1700,3341A,112.4951,34.6332,洛阳市,中移产业园,颗粒物(PM10),83,116,134,35,38,174,,152,152,5,17,8,8,0.3,0.3
2024-06-24T1700,3593A,112.5736,34.8993,洛阳市,吉利监测站,颗粒物(PM10),89,128,144,37,36,162,,136,136,5,19,8,8,0.3,0.3
2024-06-24T1700,3635A,112.3677,34.662,洛阳市,河科大西苑校区,颗粒物(PM10),94,138,158,39,43,177,,146,146,3,19,5,7,0.4,0.4
2024-06-24T1700,3636A,112.4388,34.6781,洛阳市,英才小学,颗粒物(PM10),72,93,148,40,44,169,,141,141,2,14,2,4,0.3,0.3
2024-06-24T1700,2399A,114.051,33.5699,漯河市,三五一五工厂,颗粒物(PM10),97,144,163,41,42,184,,164,164,8,16,8,8,0.5,0.6
2024-06-24T1700,2400A,114.0055,33.5698,漯河市,漯河大学,颗粒物(PM10),100,150,157,34,36,191,,168,168,12,18,7,8,0.4,0.5
2024-06-24T1700,2401A,114.0138,33.5828,漯河市,市水利局,颗粒物(PM10),96,141,161,51,42,183,,161,161,9,14,9,9,0.6,0.6
2024-06-24T1700,2402A,114.0261,33.5698,漯河市,市广电局,颗粒物(PM10),100,149,165,40,39,185,,164,164,8,15,5,5,0.5,0.5
2024-06-24T1700,3478A,113.9749,33.5664,漯河市,市图书馆,颗粒物(PM10),99,148,145,41,37,192,,167,167,6,13,4,5,0.4,0.4
2024-06-24T1700,3479A,114.0967,33.5906,漯河市,召陵区卫健委,,,147,149,47,41,178,,163,163,,16,7,7,0.2,0.3
2024-06-24T1700,1798A,118.5092,31.6837,马鞍山市,湖东路四小,,,37,28,10,13,,,90,,10,15,14,10,0.9,0.8
2024-06-24T1700,1799A,118.5024,31.6449,马鞍山市,开发区,,36,26,26,13,14,114,,104,104,10,17,10,10,0.7,0.8
2024-06-24T1700,1800A,118.5228,31.7231,马鞍山市,慈湖,,40,40,29,18,15,124,,95,95,23,24,13,14,0.8,0.9
2024-06-24T1700,1802A,118.6245,31.7241,马鞍山市,濮塘,,37,34,26,22,18,116,,93,93,10,15,3,2,0.7,1.1
2024-06-24T1700,3633A,118.4918,31.6809,马鞍山市,雨山,,37,32,28,13,12,118,,102,102,10,19,10,9,0.7,0.6
2024-06-24T1700,1686A,111.0286,21.4688,茂名市,电白南海,,22,22,14,9,8,52,,55,55,4,5,4,4,0.5,0.4
2024-06-24T1700,1687A,110.9294,21.6533,茂名市,茂石化七小,,16,12,13,9,10,51,,46,46,3,9,6,7,0.5,0.5
2024-06-24T1700,1688A,110.9107,21.6687,茂名市,健康路,,,12,13,,4,58,,54,54,5,8,9,10,0.5,0.5
2024-06-24T1700,1689A,110.8592,21.6828,茂名市,高岭,,19,19,16,12,10,55,,53,53,5,9,6,8,0.6,0.6
2024-06-24T1700,3450A,111.01,21.5165,茂名市,电白水东,,16,7,7,3,7,49,,52,51,8,8,2,3,0.5,0.4
2024-06-24T1700,2539A,104.0308,30.0478,眉山市,黑龙滩水库,,34,24,36,19,21,106,,72,72,5,12,4,5,0.4,0.5
2024-06-24T1700,2540A,103.8416,30.0874,眉山市,气象局,,35,27,27,24,20,102,,68,68,16,30,9,9,0.5,0.4
2024-06-24T1700,3137A,103.8578,30.0744,眉山市,市委党校,,36,36,32,17,16,100,,74,66,17,27,8,7,0.5,0.4
2024-06-24T1700,3148A,103.8291,30.0564,眉山市,区人社局,,36,36,35,19,15,98,,82,73,22,26,6,6,0.5,0.4
2024-06-24T1700,1690A,116.1231,24.3284,梅州市,梅江月梅,颗粒物(PM10),72,94,26,6,7,43,,49,49,11,8,6,6,0.5,0.5
2024-06-24T1700,1691A,116.0797,24.2719,梅州市,梅县新城,,36,36,17,6,7,57,,50,50,14,10,3,4,0.5,0.4
2024-06-24T1700,1692A,116.1248,24.2654,梅州市,环境监控中心,,19,11,18,7,8,59,,46,46,12,12,3,4,0.4,0.4
2024-06-24T1700,3315A,116.1233,24.2991,梅州市,梅龙,,16,12,15,6,6,51,,50,50,10,9,7,8,0.5,0.6
2024-06-24T1700,1878A,104.7778,31.4741,绵阳市,富乐山,臭氧1小时,105,72,67,52,46,210,,144,144,11,20,8,9,0.7,0.8
2024-06-24T1700,1879A,104.7563,31.4535,绵阳市,市人大,臭氧1小时,99,75,81,42,50,199,,130,130,13,27,7,9,0.5,0.7
2024-06-24T1700,1880A,104.6697,31.4668,绵阳市,高新区自来水公司,臭氧1小时,122,80,86,46,45,243,,169,169,,31,8,7,0.4,0.7
2024-06-24T1700,1881A,104.7287,31.5075,绵阳市,三水厂,臭氧1小时,109,70,78,50,51,217,,128,128,23,36,8,7,0.6,0.7
2024-06-24T1700,3491A,104.69,31.5322,绵阳市,西科大附属小学,臭氧1小时,108,79,86,49,48,215,,114,114,14,35,7,7,0.6,0.7
2024-06-24T1700,3492A,104.5648,31.5343,绵阳市,安州区旅游局,臭氧1小时,94,56,63,48,39,195,,114,114,15,22,12,10,0.7,0.7
2024-06-24T1700,1784A,129.61,44.561,牡丹江市,环保大楼,,11,11,12,3,8,33,,33,33,4,6,7,6,0.3,0.3
2024-06-24T1700,1785A,129.6115,44.5782,牡丹江市,文化广场,,23,23,16,14,13,30,,29,29,6,8,7,6,0.3,0.4
2024-06-24T1700,1786A,129.5904,44.5963,牡丹江市,第一医院,,25,,12,17,14,28,,29,29,6,8,4,4,0.4,0.4
2024-06-24T1700,1787A,129.6364,44.6075,牡丹江市,机车工厂,,25,25,14,17,15,32,,32,32,2,6,3,2,0.3,0.3
2024-06-24T1700,1788A,129.6386,44.5462,牡丹江市,第一中学,,12,9,9,3,6,37,,36,36,5,7,4,4,0.3,0.3
2024-06-24T1700,2531A,105.0703,29.61,内江市,市监测站,,29,20,24,20,22,74,,52,52,20,25,5,7,0.6,0.7
2024-06-24T1700,2532A,105.0717,29.5947,内江市,东兴区政府,,39,31,29,27,11,79,,58,58,12,15,7,8,0.4,0.5
2024-06-24T1700,2533A,105.0653,29.5817,内江市,内江二中,,36,36,25,6,15,77,,58,58,20,23,9,10,0.6,0.6
2024-06-24T1700,2534A,105.0406,29.5822,内江市,内江日报社,,32,26,32,22,20,65,,54,53,21,23,8,10,0.6,0.6
2024-06-24T1700,2628A,92.0657,31.4846,那曲市,那曲监测站,,41,18,14,3,6,131,,134,134,9,7,6,7,0.3,0.4
2024-06-24T1700,3128A,92.0506,31.4797,那曲市,那曲会议中心,,43,11,11,3,5,136,,137,137,1,3,3,3,0.3,0.4
2024-06-24T1700,1290A,115.8931,28.6843,南昌市,省外办,,30,10,16,9,13,94,,86,86,13,15,7,7,0.4,0.5
2024-06-24T1700,1291A,115.8886,28.7003,南昌市,省林业公司,,,,10,9,9,104,,94,94,11,17,4,4,,0.7
2024-06-24T1700,1292A,115.8126,28.7442,南昌市,林科所,,27,6,4,3,1,85,,86,86,23,19,7,6,0.6,0.6
2024-06-24T1700,1294A,115.8518,28.687,南昌市,建工学校,,33,,14,11,12,105,,93,93,7,11,5,5,0.3,0.5
2024-06-24T1700,1295A,115.8921,28.6424,南昌市,象湖,,35,11,15,3,10,110,,99,99,8,11,4,4,0.3,0.5
2024-06-24T1700,1296A,115.7423,28.7996,南昌市,武术学校,,31,,16,13,12,98,,92,92,3,3,3,3,0.4,0.5
2024-06-24T1700,1298A,115.9314,28.6842,南昌市,省站,,33,33,14,7,10,94,,90,90,18,18,6,6,0.5,0.6
2024-06-24T1700,3046A,115.9084,28.6062,南昌市,机电学校,,32,14,22,7,10,100,,88,88,10,14,7,7,0.5,0.8
2024-06-24T1700,3690A,115.9721,28.7031,南昌市,外国语学校,,31,15,15,6,8,98,,98,98,9,13,4,5,0.3,0.4
2024-06-24T1700,1905A,106.056,30.8064,南充市,西山风景区,,42,,40,29,30,69,,46,46,8,12,10,7,0.6,0.6
2024-06-24T1700,1906A,106.0789,30.8023,南充市,南充市委,,36,36,48,22,32,83,,59,59,14,17,5,6,0.4,0.5
2024-06-24T1700,1907A,106.1031,30.8217,南充市,南充炼油厂,颗粒物(PM10),51,52,50,27,32,94,,62,62,13,17,13,12,0.3,0.4
2024-06-24T1700,1908A,106.1064,30.7856,南充市,高坪区监测站,,33,33,50,16,28,74,,47,47,12,14,5,5,0.3,0.3
2024-06-24T1700,1909A,106.0642,30.7636,南充市,嘉陵区环保局,,,,43,31,34,89,,51,51,11,15,12,6,,0.4
2024-06-24T1700,1910A,106.1087,30.8388,南充市,市环境监测站,颗粒物(PM10),54,58,52,26,28,81,,55,55,18,23,12,11,0.6,0.8
2024-06-24T1700,1151A,118.8086,32.1065,南京市,迈皋桥,,36,36,22,17,11,102,,107,107,25,15,6,7,0.6,0.7
2024-06-24T1700,1152A,118.7538,32.0551,南京市,草场门,,39,39,23,19,12,115,,96,96,20,28,5,7,0.7,0.7
2024-06-24T1700,1153A,118.7794,32.0745,南京市,山西路,,41,41,25,17,9,116,,103,103,20,18,4,4,0.5,0.6
2024-06-24T1700,1154A,118.7752,32.0023,南京市,中华门,,,34,21,22,11,101,,77,77,15,17,6,7,,0.7
2024-06-24T1700,1155A,118.8109,32.0309,南京市,瑞金路,,,,29,12,13,118,,94,94,23,21,9,12,0.4,0.5
2024-06-24T1700,1156A,118.7997,32.0754,南京市,玄武湖,,33,33,30,16,11,90,,102,100,2,21,4,6,0.3,0.7
2024-06-24T1700,1157A,118.6414,32.0931,南京市,浦口,,40,36,26,15,10,127,,106,106,9,12,6,7,0.4,0.4
2024-06-24T1700,1158A,118.7356,31.9996,南京市,奥体中心,,39,39,26,24,15,117,,87,87,14,21,7,10,0.4,0.6
2024-06-24T1700,1159A,118.9125,32.1028,南京市,仙林大学城,,45,39,27,24,13,141,,129,129,15,19,8,12,0.6,0.8
2024-06-24T1700,3422A,118.8436,31.9198,南京市,江宁彩虹桥,,43,43,33,12,14,122,,102,102,15,20,5,7,0.8,1
2024-06-24T1700,3423A,119.0138,31.6494,南京市,溧水永阳,,39,31,15,17,11,123,,111,111,10,8,4,4,0.9,0.7
2024-06-24T1700,3424A,118.879,31.3302,南京市,高淳老职中,,37,,14,22,9,116,,98,98,12,9,4,4,0.9,0.6
2024-06-24T1700,3427A,118.8554,32.3578,南京市,六合雄州,,49,41,26,21,12,155,,132,132,9,11,8,9,0.7,0.7
2024-06-24T1700,1401A,108.3103,22.7881,南宁市,二十一中,,21,21,17,8,8,48,,60,60,12,9,3,2,0.6,0.6
2024-06-24T1700,1402A,108.3141,22.8528,南宁市,北湖,,14,8,18,6,10,44,,56,56,13,9,2,2,0.6,0.6
2024-06-24T1700,1403A,108.3206,22.8225,南宁市,市监测站,,14,8,13,7,7,44,,55,55,14,10,2,2,0.7,0.6
2024-06-24T1700,1404A,108.3829,22.8037,南宁市,大自然花园,,15,10,15,6,10,46,,56,56,9,10,4,4,0.4,0.4
2024-06-24T1700,1405A,108.4394,22.7904,南宁市,仙葫,,,,13,2,5,46,,55,55,12,14,8,10,0.4,0.2
2024-06-24T1700,1406A,108.2397,22.8467,南宁市,区农职院,,15,10,17,3,8,48,,61,61,13,9,5,5,0.5,0.5
2024-06-24T1700,1407A,108.3275,22.735,南宁市,英华嘉园,,12,12,18,6,9,37,,48,48,17,14,5,5,0.5,0.5
2024-06-24T1700,1408A,108.2257,22.7757,南宁市,沙井镇街道办,,14,14,26,8,12,37,,51,50,19,19,1,2,0.6,0.6
2024-06-24T1700,3401A,108.4834,22.7618,南宁市,红星社区,,15,,17,6,8,47,,56,56,8,9,4,4,0.5,0.5
2024-06-24T1700,2331A,118.0966,26.6761,南平市,茫荡山,,,,,,,,,,,,,,,,
2024-06-24T1700,2332A,118.1681,26.6369,南平市,南平市监测站,,19,10,15,6,7,58,,75,75,6,8,4,4,0.5,0.6
2024-06-24T1700,2333A,118.1825,26.6489,南平市,南平铝业有限公司,,30,30,20,6,9,53,,69,69,8,9,4,5,0.4,0.5
2024-06-24T1700,2334A,118.1756,26.6272,南平市,南平七中,,28,28,20,3,7,59,,77,77,3,6,4,4,0.6,0.7
2024-06-24T1700,1168A,120.9098,31.9663,南通市,狼山街道,,,45,25,20,10,144,,160,158,4,26,9,12,,0.7
2024-06-24T1700,1169A,120.86,32.0005,南通市,虹桥,,46,43,33,17,14,147,,145,145,6,26,5,10,0.8,1.1
2024-06-24T1700,1170A,120.87,32.02,南通市,城中,,,59,40,26,18,147,,142,142,8,25,5,9,,0.9
2024-06-24T1700,1171A,120.94,31.93,南通市,星湖花园,,50,42,19,21,10,157,,146,146,15,25,6,7,0.8,0.9
2024-06-24T1700,1172A,120.81,32.0417,南通市,紫琅学院,,50,39,23,24,11,160,,160,160,10,22,5,7,0.8,0.8
2024-06-24T1700,3291A,121.067,32.062,南通市,通州监测站,颗粒物(PM10),52,53,33,24,15,147,,150,150,3,17,10,13,0.8,0.8
2024-06-24T1700,3432A,120.9348,31.9883,南通市,环境教育馆,颗粒物(PM10),53,56,34,34,18,151,,152,152,13,28,8,11,0.6,0.7
2024-06-24T1700,2404A,112.5224,33.0122,南阳市,瓦房庄,颗粒物(PM10),114,178,112,44,32,178,,156,156,12,14,4,4,0.6,0.6
2024-06-24T1700,2405A,112.5003,32.9735,南阳市,汉画馆,颗粒物(PM10),121,192,111,57,34,173,,156,156,19,18,4,4,0.5,0.5
2024-06-24T1700,2406A,112.5573,33.027,南阳市,气象站,颗粒物(PM10),113,175,109,34,26,180,,156,156,15,16,6,4,0.3,0.3
2024-06-24T1700,2407A,112.5481,32.9689,南阳市,理工学院,颗粒物(PM10),109,168,112,52,32,181,,164,164,13,15,5,7,0.3,0.4
2024-06-24T1700,4008A,112.5234,32.9922,南阳市,卧龙区政府,颗粒物(PM10),117,184,115,47,35,173,,152,152,20,17,5,4,0.5,0.5
2024-06-24T1700,1234A,121.8358,29.911,宁波市,区环保大楼,,,,44,9,18,34,,33,33,37,51,5,6,1.0,1
2024-06-24T1700,1235A,121.56,29.82,宁波市,万里学院,,19,19,35,9,19,54,,46,42,22,26,6,6,0.7,0.7
2024-06-24T1700,1236A,121.713,29.9572,宁波市,龙赛医院,,18,18,28,9,17,40,,34,32,32,35,4,5,0.4,0.5
2024-06-24T1700,1239A,121.633,29.7733,宁波市,钱湖水厂,,13,13,32,9,14,37,,48,40,15,17,4,5,0.5,0.5
2024-06-24T1700,1240A,121.5856,29.8635,宁波市,太古小学,,16,,39,8,15,49,,38,35,17,24,4,4,1.0,1
2024-06-24T1700,1241A,121.524,29.8674,宁波市,市环境监测中心,,19,14,36,8,18,60,,40,40,20,33,4,4,0.7,0.8
2024-06-24T1700,2871A,121.6147,29.9017,宁波市,万里国际学校,,18,14,27,10,18,57,,44,40,20,26,4,4,0.4,0.4
2024-06-24T1700,3710A,121.5594,29.8975,宁波市,白沙活动中心,,,20,31,8,16,58,,41,39,18,24,,7,0.4,0.5
2024-06-24T1700,2339A,119.5001,26.6946,宁德市,金涵水库,,,,,,,,,,,,,,,,
2024-06-24T1700,2341A,119.5388,26.6612,宁德市,宁德市监测站,,39,39,27,3,11,47,,57,57,9,13,5,5,0.1,0.5
2024-06-24T1700,3209A,119.5231,26.6562,宁德市,宁德一中,,17,17,25,3,12,52,,59,59,3,7,5,6,0.5,0.6
2024-06-24T1700,2618A,98.8601,25.8567,怒江傈僳族自治州,州监测站,,19,19,19,9,14,54,,65,65,5,17,10,10,0.4,0.5
2024-06-24T1700,2619A,98.8546,25.8417,怒江傈僳族自治州,泸水一中,,23,23,23,3,10,48,,55,55,10,18,5,5,0.4,0.4
2024-06-24T1700,1888A,101.6891,26.571,攀枝花市,弄弄坪,,27,21,29,9,10,86,,77,77,14,14,15,12,0.9,0.5
2024-06-24T1700,1889A,101.5769,26.5928,攀枝花市,河门口,,29,10,22,3,13,92,,72,72,11,18,4,11,0.7,1.1
2024-06-24T1700,1890A,101.7169,26.585,攀枝花市,炳草岗,,39,39,26,24,13,74,,72,72,29,16,30,24,1.3,0.7
2024-06-24T1700,1891A,101.7369,26.5008,攀枝花市,仁和,,26,7,14,3,11,82,,84,84,20,11,7,12,0.2,0.3
2024-06-24T1700,2835A,101.7227,26.567,攀枝花市,四十中小,,28,15,17,8,9,89,,90,90,20,8,23,12,1.2,0.5
2024-06-24T1700,1604A,122.0303,41.1489,盘锦市,开发区,,34,9,21,3,9,108,,105,105,9,11,5,5,0.1,0.1
2024-06-24T1700,1605A,122.0485,41.0883,盘锦市,兴隆台,,34,15,23,3,11,106,,102,102,13,13,4,5,0.1,0.1
2024-06-24T1700,1606A,121.8297,41.1028,盘锦市,新生街道,,33,14,45,6,13,104,,98,98,8,19,4,5,0.2,0.2
2024-06-24T1700,1832A,113.3257,33.742,平顶山市,新华旅馆,颗粒物(PM10),76,101,127,28,33,164,,144,144,8,12,8,6,0.4,0.3
2024-06-24T1700,1833A,113.2919,33.737,平顶山市,规划设计院,颗粒物(PM10),77,104,119,22,30,160,,142,142,8,9,4,5,0.3,0.4
2024-06-24T1700,1834A,113.182,33.774,平顶山市,平顶山工学院,颗粒物(PM10),77,104,127,24,31,164,,141,141,8,12,7,6,0.4,0.5
2024-06-24T1700,3204A,113.3025,33.73,平顶山市,规划局,颗粒物(PM10),80,110,134,31,33,155,,139,139,11,14,4,5,0.4,0.5
2024-06-24T1700,3594A,112.8867,33.9116,平顶山市,石龙区,颗粒物(PM10),97,144,154,40,38,165,,148,148,4,27,6,11,0.5,0.4
2024-06-24T1700,2656A,106.6692,35.5461,平凉市,聚贤嘉苑,,49,47,46,13,14,156,,136,136,8,20,10,12,0.2,0.2
2024-06-24T1700,2657A,106.7021,35.5307,平凉市,博物馆,臭氧1小时,52,34,41,11,13,161,,140,140,5,16,6,6,0.2,0.2
2024-06-24T1700,2347A,114.0997,27.5002,萍乡市,武功山,,14,6,10,3,3,43,,31,31,6,5,7,8,0.5,0.5
2024-06-24T1700,2348A,113.8385,27.6434,萍乡市,中医院,,,23,32,10,20,44,,18,15,,8,5,7,0.6,0.9
2024-06-24T1700,2349A,113.8493,27.6253,萍乡市,市政府车库,,46,,24,32,21,63,,29,29,8,13,8,21,1.7,1.3
2024-06-24T1700,2350A,113.8676,27.6435,萍乡市,市环保局,,,,33,10,22,58,,25,24,5,12,6,20,0.3,0.7
2024-06-24T1700,2351A,113.866,27.6198,萍乡市,安源区政府,,,,35,5,17,55,,23,22,8,14,4,17,2.1,1.3
2024-06-24T1700,2319A,119.0141,25.4325,莆田市,荔城区仓后路,,22,20,23,8,5,70,,76,76,6,10,7,7,0.5,0.5
2024-06-24T1700,2320A,119.0015,25.4553,莆田市,莆田市监测站,,45,45,28,6,4,68,,75,75,7,9,9,9,0.5,0.6
2024-06-24T1700,2321A,119.1119,25.4561,莆田市,涵江区六中,,41,41,24,10,6,70,,78,78,12,16,10,10,0.5,0.5
2024-06-24T1700,2322A,119.1013,25.3215,莆田市,秀屿区政府,,26,26,19,3,1,67,,72,72,7,11,10,10,0.4,0.5
2024-06-24T1700,2323A,118.981,25.4792,莆田市,东圳水库,,,,,,,,,,,,,,,,
2024-06-24T1700,2392A,115.0312,35.7636,濮阳市,环保局,颗粒物(PM10),76,102,144,30,35,149,,128,128,8,14,8,9,0.1,0.1
2024-06-24T1700,2394A,115.0574,35.7609,濮阳市,油田运输公司,颗粒物(PM10),75,100,148,28,35,152,,132,132,9,6,5,6,0.2,0.3
2024-06-24T1700,2395A,115.0866,35.7754,濮阳市,油田物探公司,颗粒物(PM10),122,193,134,29,36,151,,130,130,6,13,9,9,0.4,0.4
2024-06-24T1700,3021A,115,35.7668,濮阳市,濮水河管理处,颗粒物(PM10),81,111,144,34,39,139,,116,116,4,11,6,7,0.2,0.2
2024-06-24T1700,2601A,100.98,22.7633,普洱市,市环保局,,23,13,15,10,13,72,,54,54,6,5,12,12,0.4,0.4
2024-06-24T1700,2602A,100.9817,22.8322,普洱市,普洱第二中学,,23,10,14,6,11,71,,58,58,6,7,11,11,0.4,0.5
2024-06-24T1700,2262A,131.0518,45.8751,七台河市,新一中,,,,3,3,2,47,,43,43,4,4,9,9,0.5,0.5
2024-06-24T1700,3345A,131.0577,45.7879,七台河市,中波台,,13,9,7,7,7,41,,39,39,7,7,6,6,0.2,0.3
2024-06-24T1700,3637A,131.0176,45.7761,七台河市,人民广场,,12,,4,6,5,38,,38,38,7,6,9,10,0.2,0.2
2024-06-24T1700,3684A,130.8781,45.8222,七台河市,新建矿广场,,,,4,6,11,41,,32,32,14,14,10,14,0,0.1
2024-06-24T1700,1779A,123.9305,47.3636,齐齐哈尔市,安居小区,,29,19,20,3,8,90,,83,83,6,14,6,6,0.3,0.4
2024-06-24T1700,1780A,123.9488,47.3386,齐齐哈尔市,中心广场,,27,6,19,3,7,85,,80,80,11,17,8,8,0.2,0.3
2024-06-24T1700,1781A,123.9483,47.3227,齐齐哈尔市,农牧车辆厂,,29,29,27,3,7,90,,84,84,6,16,7,7,0.1,0.3
2024-06-24T1700,1783A,123.945,47.2988,齐齐哈尔市,市环境监测站,,28,19,18,3,10,88,,82,82,6,17,5,5,0.2,0.3
2024-06-24T1700,3662A,123.6333,47.2075,齐齐哈尔市,富区青少年活动中心,,32,31,11,3,5,102,,90,90,9,15,4,4,0.3,0.3
2024-06-24T1700,2591A,107.9783,26.5747,黔东南苗族侗族自治州,市环境监测站,,15,13,12,8,8,48,,54,54,20,11,3,3,0.6,0.5
2024-06-24T1700,2881A,107.8908,26.5311,黔东南苗族侗族自治州,凯里学院,,17,15,15,8,7,53,,53,53,15,10,3,3,0.4,0.3
2024-06-24T1700,2593A,107.5228,26.2403,黔南布依族苗族自治州,小围寨,,32,,14,22,9,40,,51,51,10,6,5,4,0.5,0.5
2024-06-24T1700,3538A,107.5175,26.2978,黔南布依族苗族自治州,沙坝,,17,12,13,3,8,53,,52,52,2,2,3,5,0.5,0.5
2024-06-24T1700,2589A,104.9022,25.0925,黔西南布依族苗族自治州,场坝街,,20,11,12,8,6,63,,65,65,26,12,33,13,0.4,0.3
2024-06-24T1700,2590A,104.8811,25.0992,黔西南布依族苗族自治州,坪东大道,,23,13,13,6,6,72,,67,67,12,10,16,5,0.3,0.3
2024-06-24T1700,2502A,108.6236,21.9667,钦州市,市环保站,,16,14,13,3,4,49,,45,45,11,10,6,6,0.5,0.6
2024-06-24T1700,2503A,108.6549,21.9481,钦州市,沙埠小学,,18,10,16,3,6,55,,48,48,7,10,4,5,0.4,0.4
2024-06-24T1700,2504A,108.5989,21.7431,钦州市,港区一小,,17,14,29,3,11,54,,46,46,6,14,7,8,0.5,0.6
2024-06-24T1700,3404A,108.5959,21.9633,钦州市,北职校,,16,12,19,3,8,49,,46,46,9,11,7,8,0.4,0.5
2024-06-24T1700,1042A,119.5134,39.8207,秦皇岛市,北戴河环保局,,47,41,55,7,16,148,,114,114,12,22,5,3,0.6,0.3
2024-06-24T1700,1043A,119.7493,40.0116,秦皇岛市,第一关,,46,46,63,14,22,141,,115,115,11,33,3,3,0.5,0.3
2024-06-24T1700,1044A,119.5897,39.9499,秦皇岛市,监测站,,47,45,64,6,19,148,,110,110,9,14,4,5,0.9,0.4
2024-06-24T1700,1046A,119.5251,39.9041,秦皇岛市,建设大厦,,47,46,68,11,21,148,,112,112,15,28,3,4,0.8,0.3
2024-06-24T1700,3132A,119.610547,39.943889,秦皇岛市,文明里,颗粒物(PM10),53,56,71,13,22,147,,110,110,7,13,5,5,0.8,0.4
2024-06-24T1700,1307A,120.6659,36.2403,青岛市,仰口,颗粒物(PM10),64,78,74,31,32,123,,113,113,9,7,5,5,0.2,0.3
2024-06-24T1700,1310A,120.4134,36.0658,青岛市,市南区东部子站,颗粒物(PM10),69,88,107,12,27,120,,105,105,10,20,7,9,0.4,0.5
2024-06-24T1700,1311A,120.3664,36.1032,青岛市,四方区子站,颗粒物(PM10),67,83,99,24,34,128,,116,116,22,23,10,11,0.5,0.6
2024-06-24T1700,1312A,120.2994,36.054,青岛市,市南区西部子站,颗粒物(PM10),84,117,108,24,30,123,,109,109,22,14,8,8,0.4,0.5
2024-06-24T1700,1313A,120.4581,36.0858,青岛市,崂山区子站,颗粒物(PM10),62,73,98,19,32,124,,109,109,12,19,9,10,0.4,0.5
2024-06-24T1700,1314A,120.1983,35.9608,青岛市,黄岛区子站,颗粒物(PM10),76,102,103,29,34,126,,118,118,10,27,7,8,0.5,0.6
2024-06-24T1700,1315A,120.3999,36.3083,青岛市,城阳区子站,,41,6,69,3,24,131,,118,118,10,17,7,8,0.3,0.5
2024-06-24T1700,1966A,120.0405,35.8735,青岛市,黄岛区4号,颗粒物(PM10),82,114,115,24,32,134,,126,126,14,19,8,10,0.4,0.5
2024-06-24T1700,3362A,120.5014,36.4034,青岛市,即墨2号,,41,27,77,7,26,129,,116,116,11,15,7,8,0.4,0.5
2024-06-24T1700,3642A,120.3503,36.0736,青岛市,市北区南部,颗粒物(PM10),69,87,93,27,33,127,,117,117,19,22,7,9,0.4,0.6
2024-06-24T1700,3643A,120.3948,36.1805,青岛市,李沧区北部,,48,48,100,14,35,129,,118,118,20,23,10,11,0.3,0.4
2024-06-24T1700,1702A,113.0426,23.691,清远市,环保大楼,,27,13,12,7,8,85,,73,73,14,15,4,5,0.5,0.5
2024-06-24T1700,1703A,113.0208,23.7106,清远市,凤城街办,,24,16,17,8,7,76,,68,68,11,13,4,4,0.4,0.3
2024-06-24T1700,3025A,113.0477,23.6344,清远市,技师学院,,27,22,20,9,8,85,,89,89,19,20,5,6,0.5,0.5
2024-06-24T1700,3318A,112.9903,23.7403,清远市,清新太和,,24,6,10,3,8,75,,70,70,14,15,5,6,0.6,0.5
2024-06-24T1700,3455A,113.076,23.7198,清远市,清城东城,,23,19,20,9,7,72,,67,67,6,8,5,5,0.6,0.6
2024-06-24T1700,2661A,107.6325,35.7357,庆阳市,庆阳五中,颗粒物(PM10),101,151,110,49,35,147,,122,122,8,9,3,3,0.3,0.3
2024-06-24T1700,2662A,107.6364,35.7067,庆阳市,市环保局,颗粒物(PM10),93,136,111,36,28,142,,120,120,7,7,5,4,0.4,0.4
2024-06-24T1700,1916A,103.7897,25.5035,曲靖市,环境监测站,,28,7,14,7,6,89,,91,91,11,9,4,2,0.5,0.5
2024-06-24T1700,1917A,103.8,25.5364,曲靖市,烟厂办公区,,30,,11,8,6,93,,92,91,7,7,4,4,0.5,0.4
2024-06-24T1700,3376A,103.7947,25.462,曲靖市,南苑二区,,33,12,11,3,7,104,,106,106,10,11,5,5,0.5,0.6
2024-06-24T1700,3377A,103.7444,25.5261,曲靖市,曲靖师范学院,,25,17,15,10,7,80,,94,92,19,15,5,5,0.5,0.6
2024-06-24T1700,1264A,118.8692,28.9398,衢州市,环保大楼,,32,18,22,11,13,100,,92,92,17,17,4,4,0.3,0.4
2024-06-24T1700,1265A,118.8709,28.9666,衢州市,实验学校,,30,20,32,14,28,96,,89,89,13,15,7,6,0.2,0.3
2024-06-24T1700,1266A,118.8621,28.9808,衢州市,衢州学院,,33,17,24,10,16,104,,98,98,14,17,3,3,0.4,0.4
2024-06-24T1700,1611A,118.5819,24.9117,泉州市,涂山街,颗粒物(PM10),55,60,22,15,6,49,,58,58,14,11,7,4,0.5,0.5
2024-06-24T1700,1612A,118.5972,24.8978,泉州市,津头埔,,38,38,19,15,4,47,,57,57,18,13,5,2,0.5,0.4
2024-06-24T1700,1613A,118.6663,24.9424,泉州市,万安,,36,36,18,10,4,51,,57,57,13,8,4,3,0.4,0.4
2024-06-24T1700,1614A,118.6117,24.9604,泉州市,清源山,,,,,,,,,,,,,,,,
2024-06-24T1700,3529A,118.6333,24.9264,泉州市,城华南路,,25,25,15,14,6,46,,54,54,15,12,4,3,0.4,0.4
2024-06-24T1700,2626A,88.8876,29.2718,日喀则市,日喀则监测站,,44,10,11,3,4,140,,135,135,4,4,5,5,0.5,0.5
2024-06-24T1700,3726A,88.8781,29.2426,日喀则市,林业技术推广中心,,44,8,16,3,4,139,,139,138,7,6,6,6,0.6,0.6
2024-06-24T1700,1659A,119.471,35.4209,日照市,监测站,颗粒物(PM10),108,166,145,46,43,114,,130,130,39,18,11,10,0.3,0.3
2024-06-24T1700,1660A,119.523,35.4216,日照市,市政府广场,颗粒物(PM10),107,163,141,46,48,130,,134,134,14,12,11,11,0.4,0.5
2024-06-24T1700,1661A,119.5587,35.4044,日照市,港务局,颗粒物(PM10),112,173,149,27,34,133,,138,138,13,10,9,9,0.5,0.6
2024-06-24T1700,3507A,119.5328,35.4625,日照市,职业技术学院,颗粒物(PM10),106,161,152,44,42,135,,132,132,16,15,9,9,0.5,0.6
2024-06-24T1700,3604A,119.3266,35.1044,日照市,岚山环保分局,颗粒物(PM10),111,171,182,46,49,130,,132,132,13,21,8,20,0.5,1.5
2024-06-24T1700,1835A,111.1922,34.7752,三门峡市,市政府,颗粒物(PM10),87,123,89,29,21,143,,140,140,9,25,9,10,0.5,0.5
2024-06-24T1700,1836A,111.1587,34.7942,三门峡市,开发区,颗粒物(PM10),114,178,102,50,27,152,,152,152,10,23,11,13,0.3,0.4
2024-06-24T1700,1838A,111.143,34.7955,三门峡市,风景区,,,,,,,,,,,,,,,,
2024-06-24T1700,3039A,111.1911,34.7829,三门峡市,三门峡市第一小学,颗粒物(PM10),104,158,100,43,17,144,,142,142,6,18,9,11,0.5,0.5
2024-06-24T1700,3598A,111.1,34.7167,三门峡市,富达温泉假日酒店,颗粒物(PM10),94,137,123,36,34,167,,149,149,8,23,14,14,0.5,0.4
2024-06-24T1700,2324A,117.6211,26.2625,三明市,三钢,,15,15,26,6,13,43,,61,61,18,16,20,15,0.8,1.2
2024-06-24T1700,2325A,117.635,26.2714,三明市,三明二中,,16,,20,11,12,44,,65,65,20,13,16,8,1.0,0.9
2024-06-24T1700,2326A,117.6028,26.2378,三明市,三元区政府,,17,17,25,3,11,45,,64,64,10,12,2,4,0.3,0.4
2024-06-24T1700,2327A,117.7275,26.3108,三明市,洋溪,,,,,,,,,,,,,,,,
2024-06-24T1700,1876A,109.5078,18.2489,三亚市,河东子站,,15,15,16,3,5,44,,49,49,6,7,3,3,0.4,0.5
2024-06-24T1700,1877A,109.4964,18.2681,三亚市,河西子站,,12,10,11,3,4,38,,44,44,5,6,1,1,0.4,0.4
2024-06-24T1700,3540A,109.7348,18.3443,三亚市,君悦子站,,13,8,11,3,3,40,,45,45,5,7,2,1,0.4,0.4
2024-06-24T1700,2624A,91.7608,29.2313,山南市,山南监测站,,42,9,9,3,3,132,,123,123,4,3,5,5,0.2,0.2
2024-06-24T1700,2625A,91.7706,29.2436,山南市,山南人民医院,,42,8,16,3,6,132,,118,118,7,7,6,6,0.3,0.3
2024-06-24T1700,1674A,116.6794,23.3667,汕头市,金平子站,,18,,11,3,3,55,,54,54,6,7,6,6,1.0,0.9
2024-06-24T1700,1675A,116.7244,23.3633,汕头市,龙湖子站,,15,6,13,3,4,45,,49,49,10,7,7,5,0.9,0.6
2024-06-24T1700,1676A,116.7258,23.2775,汕头市,濠江子站,,,27,18,13,7,46,,51,51,,9,,5,,0.8
2024-06-24T1700,1677A,116.7519,23.4714,汕头市,澄海子站,,14,12,12,9,9,43,,44,44,8,9,5,4,0.7,0.7
2024-06-24T1700,1678A,116.6092,23.2539,汕头市,潮阳子站,,17,10,12,3,5,54,,53,53,2,4,5,4,0.5,0.5
2024-06-24T1700,3444A,116.454,23.2684,汕头市,潮南峡山,,15,6,9,3,1,48,,43,43,5,7,4,4,0.3,0.4
2024-06-24T1700,3624A,116.4069,23.2533,汕头市,潮南子站,,17,11,9,3,2,52,,47,47,4,4,6,6,0.5,0.6
2024-06-24T1700,1693A,115.3653,22.775,汕尾市,市环保局,,15,10,10,3,3,48,,46,46,2,2,5,4,0.4,0.4
2024-06-24T1700,1694A,115.3706,22.7898,汕尾市,市政府,,16,10,11,9,5,51,,50,50,2,2,7,7,0.5,0.5
2024-06-24T1700,1695A,115.3622,22.7925,汕尾市,新城中学,,16,9,13,3,2,51,,48,48,1,2,4,4,0.5,0.5
2024-06-24T1700,2645A,109.9154,33.8715,商洛市,监测站,颗粒物(PM10),64,77,51,20,17,159,,140,140,8,13,7,5,0.4,0.4
2024-06-24T1700,3045A,109.9643,33.8471,商洛市,商州区中学,颗粒物(PM10),85,119,55,26,15,159,,146,146,7,24,7,5,0.4,0.4
2024-06-24T1700,2408A,115.6702,34.4285,商丘市,环境监测站,颗粒物(PM10),81,111,153,28,37,183,,164,164,8,18,9,11,0.3,0.3
2024-06-24T1700,2409A,115.6458,34.4045,商丘市,粮食局,颗粒物(PM10),81,112,152,32,38,165,,153,153,15,18,5,6,0.4,0.4
2024-06-24T1700,2410A,115.6293,34.3948,商丘市,睢阳区环保局,颗粒物(PM10),89,128,179,36,43,186,,166,166,6,19,7,8,0.2,0.3
2024-06-24T1700,3171A,115.6071,34.4465,商丘市,梁园区档案局,,,127,163,,33,186,,165,165,6,18,10,12,0.4,0.4
2024-06-24T1700,1141A,121.4,31.238,上海市,普陀,颗粒物(PM10),53,55,27,36,17,118,,84,84,28,28,5,5,0.6,0.4
2024-06-24T1700,1142A,121.478,31.2036,上海市,十五厂,,48,48,24,31,20,81,,72,72,41,30,7,6,0.7,0.6
2024-06-24T1700,1143A,121.467,31.3008,上海市,虹口,颗粒物(PM10),55,60,25,35,19,124,,88,88,30,27,5,5,0.7,0.6
2024-06-24T1700,1144A,121.412,31.1654,上海市,徐汇上师大,细颗粒物(PM2.5),55,45,26,39,25,88,,71,71,34,29,7,6,0.8,0.7
2024-06-24T1700,1145A,121.536,31.2659,上海市,杨浦四漂,颗粒物(PM10),51,52,23,30,16,88,,79,79,41,30,7,6,0.9,0.8
2024-06-24T1700,1147A,121.425,31.2261,上海市,静安监测站,细颗粒物(PM2.5),57,56,27,40,23,112,,82,82,30,26,7,7,0.6,0.5
2024-06-24T1700,1148A,121.703,31.1907,上海市,浦东川沙,细颗粒物(PM2.5),64,,33,46,33,75,,73,73,37,31,6,6,0.8,0.7
2024-06-24T1700,1149A,121.533,31.2284,上海市,浦东新区监测站,,44,44,24,27,18,69,,68,68,45,32,4,4,0.8,0.7
2024-06-24T1700,1150A,121.577,31.2071,上海市,浦东张江,细颗粒物(PM2.5),54,46,29,38,24,58,,64,64,52,34,5,5,1.0,0.8
2024-06-24T1700,3265A,121.4316,31.3322,上海市,宝山庙行,细颗粒物(PM2.5),62,55,28,44,23,140,,95,95,27,26,8,8,0.9,0.7
2024-06-24T1700,3266A,121.8791,31.4662,上海市,崇明上实东滩,,49,45,23,34,18,62,,83,83,39,29,8,8,0.7,0.7
2024-06-24T1700,3268A,121.3162,31.2838,上海市,嘉定南翔,细颗粒物(PM2.5),62,56,29,44,23,104,,77,77,37,31,5,4,0.8,0.7
2024-06-24T1700,3269A,121.3359,30.7456,上海市,金山新城,,43,32,29,30,23,61,,42,42,31,27,7,7,0.5,0.4
2024-06-24T1700,3270A,121.4996,31.0739,上海市,闵行浦江,细颗粒物(PM2.5),54,38,30,38,30,46,,45,45,38,32,6,6,0.7,0.7
2024-06-24T1700,3271A,121.2886,31.1663,上海市,青浦徐泾,细颗粒物(PM2.5),65,,30,47,26,105,,81,81,26,24,5,5,0.6,0.5
2024-06-24T1700,3272A,121.2186,31.0378,上海市,松江图书馆,,45,,29,31,27,54,,50,50,36,28,6,6,0.8,0.7
2024-06-24T1700,3273A,121.3902,31.2059,上海市,长宁仙霞,细颗粒物(PM2.5),53,52,27,37,21,97,,79,79,34,30,5,5,0.9,0.8
2024-06-24T1700,3274A,121.7965,31.0507,上海市,浦东惠南,细颗粒物(PM2.5),60,,30,43,31,60,,62,62,30,27,6,7,0.6,0.5
2024-06-24T1700,3544A,121.4891,30.925,上海市,奉贤南桥新城,,33,24,30,23,27,45,,49,49,37,30,4,5,0.6,0.6
2024-06-24T1700,2381A,118.005,28.4572,上饶市,百草园,,27,9,22,7,10,85,,48,48,4,8,4,5,0.6,0.6
2024-06-24T1700,2382A,117.9756,28.4436,上饶市,市监测站,,31,14,24,3,9,97,,62,62,5,9,1,6,0.6,0.5
2024-06-24T1700,2383A,117.9519,28.4628,上饶市,凤凰光学,,32,9,18,3,10,101,,61,61,5,9,4,7,0.8,0.7
2024-06-24T1700,3413A,118.1953,28.4401,上饶市,广丰区教体局,,,,23,9,12,107,,73,73,6,7,3,7,0.7,0.6
2024-06-24T1700,3685A,117.897,28.4315,上饶市,双创科技城,,26,15,22,8,9,81,,58,58,2,8,2,5,0.6,0.6
2024-06-24T1700,1669A,113.5824,24.7733,韶关市,市八中,,21,21,19,9,8,67,,65,65,4,8,7,10,0.5,0.6
2024-06-24T1700,1671A,113.5917,24.7972,韶关市,园林处,,25,11,17,3,8,77,,70,70,4,12,9,9,0.6,0.7
2024-06-24T1700,1672A,113.6735,24.7791,韶关市,韶关学院,,27,17,15,8,9,84,,70,70,13,12,12,10,0.7,0.5
2024-06-24T1700,1673A,113.5971,24.6863,韶关市,曲江监测站,,29,13,14,7,5,90,,73,73,6,9,10,11,0.5,0.5
2024-06-24T1700,3622A,113.5556,24.8082,韶关市,碧湖山庄,,22,10,17,6,8,68,,70,70,2,8,8,14,0.3,0.4
2024-06-24T1700,2462A,111.5239,27.3033,邵阳市,市水土所,,21,13,22,9,13,66,,60,60,4,4,5,5,0.6,0.5
2024-06-24T1700,2463A,111.4733,27.2317,邵阳市,市一中,,20,,23,12,13,61,,58,58,5,7,5,7,0.5,0.4
2024-06-24T1700,2464A,111.5283,27.2442,邵阳市,市化工厂,,,7,23,,12,59,,59,59,4,8,4,6,0.5,0.5
2024-06-24T1700,2465A,111.4503,27.2537,邵阳市,市罐头厂,,20,,23,8,15,64,,58,58,4,8,4,4,0.4,0.3
2024-06-24T1700,2466A,111.4328,27.2272,邵阳市,市环保局,,19,6,22,3,16,58,,56,56,7,8,3,6,0.3,0.3
2024-06-24T1700,1247A,120.6053,29.9928,绍兴市,城东开发委,,,,21,,12,78,,72,72,11,16,5,5,0.6,0.7
2024-06-24T1700,2921A,120.5483,30.0003,绍兴市,树下王站,,25,12,19,9,10,77,,71,71,6,10,4,4,0.5,0.6
2024-06-24T1700,3408A,120.5683,29.9361,绍兴市,绍兴中专,,27,,18,10,13,86,,82,82,6,11,2,2,0.3,0.3
2024-06-24T1700,3409A,120.4906,30.0861,绍兴市,柯桥区政府,,22,18,25,8,13,68,,63,63,12,20,5,5,0.3,0.4
2024-06-24T1700,3410A,120.8752,30.0249,绍兴市,重华小学,,18,18,23,12,14,56,,58,58,18,16,10,7,0.9,0.8
2024-06-24T1700,3411A,120.8369,30.0137,绍兴市,上虞中学,,17,17,25,11,16,54,,52,52,19,25,11,9,0.6,0.5
2024-06-24T1700,3560A,120.4722,30.0415,绍兴市,柯桥妇保,,24,15,24,8,13,75,,68,68,18,24,6,6,0.6,0.6
2024-06-24T1700,3658A,120.6153,30.0764,绍兴市,袍江中学,,29,13,20,8,12,92,,87,87,11,17,8,9,0.4,0.5
2024-06-24T1700,1356A,114.1063,22.5545,深圳市,通心岭子站,,17,17,10,3,3,49,,46,46,10,6,4,4,0.2,0.2
2024-06-24T1700,1357A,114.117,22.5625,深圳市,洪湖,,18,18,12,9,4,55,,46,46,11,7,6,6,0.4,0.4
2024-06-24T1700,1358A,113.987,22.5417,深圳市,华侨城,,16,13,9,7,3,49,,50,50,9,5,4,4,0.4,0.4
2024-06-24T1700,1359A,113.9181,22.5171,深圳市,南海子站,,18,18,13,3,4,54,,51,51,7,11,5,5,0.5,0.5
2024-06-24T1700,1360A,114.2458,22.5689,深圳市,盐田,,16,11,12,9,2,50,,53,53,9,9,5,5,0.4,0.4
2024-06-24T1700,1361A,114.2283,22.7244,深圳市,龙岗,,23,23,11,8,3,58,,57,57,6,4,4,4,0.3,0.3
2024-06-24T1700,1363A,114.494,22.5422,深圳市,南澳,,17,11,11,7,2,54,,52,52,2,2,6,6,0.4,0.4
2024-06-24T1700,1364A,114.41,22.6342,深圳市,葵涌,,18,14,10,3,2,55,,54,54,5,6,5,5,0.4,0.4
2024-06-24T1700,1365A,114.297,22.5978,深圳市,梅沙,,19,19,15,7,2,49,,53,53,3,3,4,4,0.4,0.3
2024-06-24T1700,1366A,114.0678,22.738,深圳市,观澜,,24,24,17,11,4,51,,50,50,9,12,7,7,0.5,0.6
2024-06-24T1700,3305A,114.0731,22.559,深圳市,莲花,,12,12,11,3,5,35,,35,35,5,6,5,5,0.4,0.4
2024-06-24T1700,3306A,114.0261,22.6198,深圳市,民治,,16,16,10,3,4,37,,43,43,11,5,4,4,0.5,0.5
2024-06-24T1700,3307A,114.1871,22.6451,深圳市,横岗,,20,20,10,8,5,52,,58,58,15,10,6,6,0.5,0.5
2024-06-24T1700,3447A,114.3551,22.7151,深圳市,坪山,,16,14,10,3,4,50,,52,52,4,5,3,3,0.5,0.5
2024-06-24T1700,3623A,113.8953,22.5861,深圳市,西乡,,20,20,14,3,3,53,,49,49,10,10,5,6,0.5,0.5
2024-06-24T1700,1098A,123.6836,41.9339,沈阳市,森林路,,,,,,,,,,,,,,,,
2024-06-24T1700,1099A,123.505,41.7406,沈阳市,浑南东路,,30,12,18,3,9,95,,86,86,13,12,6,5,0.4,0.5
2024-06-24T1700,1100A,123.4231,41.6989,沈阳市,新秀街,,29,18,22,7,12,92,,82,82,11,12,4,4,0.5,0.5
2024-06-24T1700,1102A,123.5903,41.8411,沈阳市,东陵路,,27,8,17,6,9,85,,76,76,11,15,8,8,0.4,0.4
2024-06-24T1700,1103A,123.4264,41.8467,沈阳市,陵东街,,28,9,19,3,8,88,,84,84,4,10,5,5,0.6,0.6
2024-06-24T1700,1104A,123.4114,41.7653,沈阳市,文化路,,30,,17,6,11,94,,86,86,12,12,3,3,0.3,0.4
2024-06-24T1700,1105A,123.4678,41.7867,沈阳市,小河沿,,27,14,24,3,8,85,,79,79,15,15,5,5,0.4,0.5
2024-06-24T1700,1106A,123.4017,41.7972,沈阳市,太原街,,28,26,36,3,10,89,,80,80,14,16,5,4,0.3,0.4
2024-06-24T1700,1108A,123.3783,41.9228,沈阳市,京沈街,,28,11,17,3,7,89,,87,87,7,13,10,10,0.5,0.5
2024-06-24T1700,2897A,123.2444,41.7347,沈阳市,沈辽西路,,27,6,18,3,10,85,,86,86,11,12,8,7,0.4,0.5
2024-06-24T1700,2900A,123.5953,41.9086,沈阳市,裕农路,,27,7,15,6,10,85,,77,77,12,15,7,7,0.4,0.5
2024-06-24T1700,2428A,111.0419,32.395,十堰市,武当山,颗粒物(PM10),99,148,43,38,16,172,,132,132,16,17,12,11,0.7,0.6
2024-06-24T1700,2429A,110.78,32.6494,十堰市,滨河新村,颗粒物(PM10),117,183,68,51,23,146,,114,114,14,20,8,7,0.6,0.6
2024-06-24T1700,2430A,110.7258,32.6389,十堰市,刘家沟,颗粒物(PM10),134,218,65,49,21,148,,112,112,11,11,6,4,0.5,0.5
2024-06-24T1700,2431A,110.8839,32.5714,十堰市,铁二处,颗粒物(PM10),114,178,68,47,21,160,,125,125,12,8,7,5,0.4,0.5
2024-06-24T1700,3545A,110.8054,32.8401,十堰市,郧阳区金沙路,颗粒物(PM10),103,155,59,34,21,163,,127,127,9,10,8,8,0.5,0.6
2024-06-24T1700,2709A,86.0497,44.2967,石河子市,艾青诗歌馆,,41,24,32,12,14,130,,106,106,6,18,8,7,0.5,0.6
2024-06-24T1700,2710A,86.0697,44.3075,石河子市,阳光学校,,,,,,,,,,,,,,,,
2024-06-24T1700,3442A,86.047,44.2331,石河子市,南区管委会,,41,22,39,3,10,131,,109,109,3,9,7,7,0.4,0.4
2024-06-24T1700,1029A,114.4422,38.0444,石家庄市,职工医院,,45,23,58,10,23,144,,124,124,2,5,2,2,0.2,0.2
2024-06-24T1700,1030A,114.6063,38.0266,石家庄市,高新区,,46,30,70,13,28,145,,121,121,2,5,3,2,0.3,0.2
2024-06-24T1700,1031A,114.4898,38.1328,石家庄市,西北水源,,44,23,74,3,14,140,,119,119,4,8,5,5,0.3,0.3
2024-06-24T1700,1032A,114.4586,38.0058,石家庄市,西南高教,,44,21,71,7,14,139,,120,120,5,7,2,2,0.2,0.2
2024-06-24T1700,1033A,114.5331,38.0178,石家庄市,世纪公园,,44,36,64,11,22,139,,117,117,6,7,4,4,0.2,0.2
2024-06-24T1700,1034A,114.509,38.0457,石家庄市,人民会堂,,46,21,63,3,23,146,,122,122,4,6,1,2,0.3,0.3
2024-06-24T1700,1035A,114.3524,37.8911,石家庄市,封龙山,,40,22,70,16,24,126,,110,110,6,6,4,4,0.3,0.3
2024-06-24T1700,2862A,114.5481,38.0378,石家庄市,22中南校区,,44,31,79,19,30,138,,117,117,7,8,3,3,0.4,0.3
2024-06-24T1700,3456A,114.289,38.0906,石家庄市,鹿泉一中,,42,34,79,13,27,134,,118,118,8,10,2,2,0.2,0.3
2024-06-24T1700,3573A,114.8506765,38.0322033,石家庄市,藁城区实验学校,,45,32,78,3,18,144,,119,119,4,13,2,3,0.2,0.2
2024-06-24T1700,3574A,114.0504658,38.0591645,石家庄市,井陉矿区区委大楼,,40,23,62,3,9,127,,114,114,4,10,2,2,0.2,0.3
2024-06-24T1700,4024A,114.6549,37.9020,石家庄市,栾城区星河路,,47,28,73,6,20,150,,132,132,2,2,2,2,0.4,0.4
2024-06-24T1700,1947A,106.3394,38.817,石嘴山市,沙湖旅游区,颗粒物(PM10),394,495,438,127,94,124,,96,96,10,15,15,12,0.6,0.6
2024-06-24T1700,1948A,106.3668,39.0145,石嘴山市,大武口朝阳西街,颗粒物(PM10),354,463,427,133,135,139,,108,108,16,14,13,11,0.7,0.6
2024-06-24T1700,1949A,106.7704,39.2282,石嘴山市,惠农南大街,颗粒物(PM10),124,197,401,66,118,124,,98,98,8,16,12,17,0.6,0.6
2024-06-24T1700,1950A,106.7099,39.1325,石嘴山市,红果子镇惠新街,颗粒物(PM10),147,244,405,56,97,138,,106,106,11,15,8,7,0.4,0.4
2024-06-24T1700,3520A,106.3495,38.9836,石嘴山市,妇女儿童医院,颗粒物(PM10),242,379,345,135,118,125,,98,98,11,12,20,14,0.8,0.6
2024-06-24T1700,3521A,106.7492,39.2069,石嘴山市,石大公路,颗粒物(PM10),117,183,331,79,137,127,,100,100,10,14,5,5,0.5,0.5
2024-06-24T1700,2248A,131.1511,46.6937,双鸭山市,双合村,,12,9,5,3,3,37,,43,43,6,4,5,6,0,0
2024-06-24T1700,2249A,131.1652,46.6191,双鸭山市,南小市,,18,,4,12,3,50,,48,48,5,3,6,6,0,0
2024-06-24T1700,2250A,131.1524,46.6554,双鸭山市,环保局,,19,,15,13,15,39,,40,40,8,5,6,7,0.0,0.1
2024-06-24T1700,2251A,131.12,46.5656,双鸭山市,苗圃,,18,12,13,12,9,44,,42,42,7,5,3,3,0.2,0.2
2024-06-24T1700,2166A,112.4397,39.3522,朔州市,平朔,,40,20,88,3,20,128,,106,106,6,23,8,12,0.5,0.5
2024-06-24T1700,2167A,112.4575,39.3617,朔州市,朔唯,,48,,104,33,42,131,,106,106,5,27,10,13,0.5,0.5
2024-06-24T1700,2168A,112.4258,39.3197,朔州市,区政府,,41,23,89,10,30,131,,109,109,6,21,6,11,0.5,0.5
2024-06-24T1700,2169A,112.4072,39.3278,朔州市,市环保局,,41,23,89,21,28,131,,110,110,7,19,9,15,0.6,0.6
2024-06-24T1700,2170A,112.4272,39.3681,朔州市,市二中,,41,26,96,3,21,130,,108,108,7,26,10,14,0.4,0.4
2024-06-24T1700,3571A,112.2931,39.53,朔州市,一水厂,,39,23,85,8,26,124,,110,110,11,15,9,10,0.4,0.4
2024-06-24T1700,2225A,124.4002,43.1713,四平市,一商场,,24,18,12,6,6,76,,66,66,17,15,4,5,0.1,0.5
2024-06-24T1700,2226A,124.388,43.193,四平市,境园,,24,14,12,3,4,75,,63,63,9,9,6,7,0.1,0.4
2024-06-24T1700,3486A,124.4036,43.1411,四平市,植物园,,24,7,7,3,6,75,,59,59,8,10,3,3,0.2,0.4
2024-06-24T1700,3713A,124.3419,43.1666,四平市,世纪城,,27,11,9,3,7,86,,69,69,6,13,4,5,0.1,0.1
2024-06-24T1700,2233A,124.8006,45.1214,松原市,江南,,22,13,8,3,4,70,,64,64,9,3,4,3,0.3,0.4
2024-06-24T1700,2234A,124.7965,45.1722,松原市,江北,,24,8,7,3,4,75,,69,69,6,7,5,5,0.4,0.4
2024-06-24T1700,1160A,120.561,31.2472,苏州市,上方山,,27,27,19,14,11,76,,76,76,13,8,6,6,1.0,0.9
2024-06-24T1700,1162A,120.591,31.3019,苏州市,彩香,,39,39,22,24,14,92,,83,83,15,12,7,7,0.8,0.7
2024-06-24T1700,1163A,120.596,31.3264,苏州市,轧钢厂,,38,38,23,22,14,112,,107,107,20,17,7,6,0.7,0.6
2024-06-24T1700,1164A,120.613,31.2703,苏州市,吴中区,,39,39,20,19,13,97,,98,98,22,18,8,8,0.6,0.4
2024-06-24T1700,1165A,120.543,31.2994,苏州市,苏州新区,,38,26,20,22,13,121,,114,114,18,15,9,8,0.6,0.5
2024-06-24T1700,1166A,120.669,31.3097,苏州市,苏州工业园区,,34,34,21,13,14,105,,95,95,13,15,8,8,0.6,0.5
2024-06-24T1700,1167A,120.641,31.3708,苏州市,相城区,,35,32,21,19,14,111,,115,115,12,10,8,8,0.6,0.4
2024-06-24T1700,3289A,120.743,31.3188,苏州市,方洲路,,35,25,19,16,16,112,,104,104,12,14,9,8,0.8,0.7
2024-06-24T1700,3290A,120.5031,31.2774,苏州市,木渎中学,,32,25,18,19,12,100,,96,96,18,14,8,7,0.8,0.6
2024-06-24T1700,3425A,120.624,31.1733,苏州市,越秀幼儿园,,35,29,19,24,15,74,,80,80,27,15,7,6,0.8,0.7
2024-06-24T1700,3431A,120.6505,31.416,苏州市,高铁新城,,35,35,22,16,12,111,,119,119,28,22,9,8,0.9,0.7
2024-06-24T1700,1220A,118.293,33.9528,宿迁市,宿迁学院,颗粒物(PM10),117,184,107,56,30,142,,142,142,13,17,4,5,0.6,0.7
2024-06-24T1700,1221A,118.2442,33.9592,宿迁市,宿迁中学,颗粒物(PM10),117,183,105,58,32,142,,144,144,12,15,5,6,0.6,0.6
2024-06-24T1700,2996A,118.283,33.965,宿迁市,市供电局,颗粒物(PM10),115,180,103,53,29,146,,146,146,9,12,4,5,0.7,0.8
2024-06-24T1700,3191A,118.3225,33.9447,宿迁市,宿豫区政府,颗粒物(PM10),114,178,92,55,31,147,,148,148,10,14,6,7,0.5,0.6
2024-06-24T1700,3187A,116.9509,33.666,宿州市,远航博物馆,颗粒物(PM10),102,153,107,38,32,176,,161,161,5,8,6,6,0.3,0.3
2024-06-24T1700,3463A,116.9708,33.591,宿州市,社会福利中心,颗粒物(PM10),115,180,104,38,33,177,,162,162,12,14,7,5,0.3,0.3
2024-06-24T1700,3634A,116.9884,33.6305,宿州市,宿州学院,颗粒物(PM10),111,171,110,42,25,166,,156,156,16,8,7,7,0.3,0.2
2024-06-24T1700,3701A,116.9648,33.6252,宿州市,皖北煤电集团,颗粒物(PM10),105,159,102,33,28,183,,166,166,9,9,9,9,0.4,0.6
2024-06-24T1700,2266A,126.9785,46.6365,绥化市,人和东街,,16,10,9,3,4,51,,48,48,11,12,8,6,0.3,0.3
2024-06-24T1700,2267A,126.964,46.6528,绥化市,党政办公中心,,16,11,7,7,5,49,,48,48,8,8,6,4,0.3,0.2
2024-06-24T1700,2451A,113.3583,31.7275,随州市,市委党校,颗粒物(PM10),55,60,31,22,16,103,,93,93,2,4,8,9,0.6,0.7
2024-06-24T1700,2452A,113.3833,31.6908,随州市,市林业局,颗粒物(PM10),57,64,25,25,17,116,,93,93,5,5,6,6,0.6,0.6
2024-06-24T1700,2453A,113.3983,31.7308,随州市,市立交桥水厂,颗粒物(PM10),63,76,31,28,19,101,,82,82,7,5,6,7,0.6,0.6
2024-06-24T1700,2527A,105.5453,30.5678,遂宁市,石溪浩,,40,34,47,14,22,126,,74,74,10,19,9,10,0.7,0.8
2024-06-24T1700,2528A,105.5582,30.5232,遂宁市,市监测站,,38,30,44,12,16,120,,81,81,9,12,11,11,0.4,0.5
2024-06-24T1700,2529A,105.5861,30.5366,遂宁市,行政中心,,39,30,37,14,19,123,,77,77,14,17,12,10,0.5,0.6
2024-06-24T1700,2530A,105.5918,30.4728,遂宁市,美宁食品公司,,37,27,38,9,21,117,,78,78,9,18,9,10,0.3,0.4
2024-06-24T1700,2706A,82.9994,46.7432,塔城地区,东门外小游园,,34,34,40,15,13,94,,79,79,4,5,6,6,0.1,0.1
2024-06-24T1700,1255A,121.273,28.6459,台州市,黄岩环保大楼,,15,10,42,3,25,46,,83,78,15,11,7,8,0.5,0.5
2024-06-24T1700,1256A,121.419,28.6542,台州市,台州环保大楼,,17,14,45,8,22,53,,92,86,24,13,6,7,0.5,0.5
2024-06-24T1700,1257A,121.377,28.5773,台州市,路桥田洋王,,20,10,35,6,24,62,,95,95,17,11,8,9,0.5,0.5
2024-06-24T1700,3564A,121.2568,28.6681,台州市,台州科技职业学院,,15,13,39,3,17,47,,82,76,27,18,6,7,0.5,0.6
2024-06-24T1700,1081A,112.522,37.8873,太原市,尖草坪,,44,41,137,11,39,139,,114,114,14,18,11,8,0.6,0.5
2024-06-24T1700,1083A,112.434,38.0108,太原市,上兰,,,,,,,,,,,,,,,,
2024-06-24T1700,1084A,112.469,37.7124,太原市,晋源,,44,37,154,13,41,140,,116,116,12,16,6,6,0.4,0.4
2024-06-24T1700,1085A,112.5583,37.7394,太原市,小店,,45,30,152,8,42,143,,119,119,13,16,4,6,0.3,0.4
2024-06-24T1700,1086A,112.5369,37.8692,太原市,桃园,细颗粒物(PM2.5),57,,155,40,48,142,,116,116,11,19,4,8,0.2,0.5
2024-06-24T1700,1087A,112.57,37.8195,太原市,坞城,,44,37,150,10,49,138,,114,114,13,16,4,6,0.3,0.3
2024-06-24T1700,1088A,112.549,37.9854,太原市,南寨,,46,27,144,11,38,145,,121,121,9,17,8,6,0.3,0.3
2024-06-24T1700,3618A,112.4719,37.7831,太原市,金胜,,45,35,141,22,42,144,,120,120,9,11,8,7,0.4,0.3
2024-06-24T1700,4010A,112.5608,37.8807,太原市,育英中学,,45,27,141,9,39,141,,116,116,10,18,5,7,0.2,0.2
2024-06-24T1700,1656A,117.1437,36.1937,泰安市,监测站,颗粒物(PM10),90,129,168,42,46,140,,130,130,12,16,9,9,0.5,0.5
2024-06-24T1700,1657A,117.0885,36.2017,泰安市,人口学校,颗粒物(PM10),96,141,168,44,37,142,,141,141,15,10,9,9,0.4,0.4
2024-06-24T1700,1658A,117.1089,36.1758,泰安市,电力学校,颗粒物(PM10),98,146,177,48,62,143,,137,137,15,17,8,8,0.1,0.2
2024-06-24T1700,3502A,117.1812,36.2275,泰安市,国网新校,颗粒物(PM10),80,110,157,36,42,145,,135,135,6,8,9,10,0.3,0.3
2024-06-24T1700,3503A,117.0313,36.2018,泰安市,交通技校,颗粒物(PM10),89,127,144,36,34,156,,146,146,8,13,8,8,0.2,0.2
2024-06-24T1700,3504A,117.0829,36.13,泰安市,山东第一医科大学,颗粒物(PM10),91,132,183,42,37,154,,145,145,7,14,11,12,0.4,0.5
2024-06-24T1700,1206A,119.905,32.4878,泰州市,公园路,颗粒物(PM10),78,105,41,39,18,156,,147,147,15,22,7,5,0.6,0.7
2024-06-24T1700,1207A,119.9189,32.4625,泰州市,莲花,颗粒物(PM10),74,98,38,36,20,157,,157,157,11,17,7,9,0.7,0.8
2024-06-24T1700,1209A,119.888,32.4639,泰州市,留学生创业园,颗粒物(PM10),67,84,35,38,16,157,,148,148,11,18,7,8,0.7,0.8
2024-06-24T1700,2997A,119.8767,32.3289,泰州市,王营,颗粒物(PM10),65,80,28,34,18,162,,139,139,11,20,9,10,0.7,0.7
2024-06-24T1700,3295A,120.1259,32.5099,泰州市,姜堰区政府广场,颗粒物(PM10),61,72,37,34,18,156,,155,155,13,20,11,13,0.8,0.7
2024-06-24T1700,3435A,119.9192,32.4322,泰州市,周山河街区,颗粒物(PM10),68,85,36,46,18,151,,142,142,8,16,8,10,0.5,0.6
2024-06-24T1700,1037A,118.131,39.6363,唐山市,雷达站,,47,44,86,14,38,149,,114,114,10,26,3,3,0.4,1
2024-06-24T1700,1038A,118.1725,39.6334,唐山市,物资局,颗粒物(PM10),52,54,73,12,31,150,,112,112,10,19,3,3,0.6,0.9
2024-06-24T1700,1040A,118.1705,39.6506,唐山市,十二中,颗粒物(PM10),51,51,68,11,28,147,,109,109,4,14,1,2,0.6,0.8
2024-06-24T1700,1041A,118.1869,39.622,唐山市,小山,,46,44,75,13,28,146,,107,107,2,17,3,3,0.6,0.9
2024-06-24T1700,3457A,118.4359,39.2762,唐山市,冀东油田职工医院,,44,36,75,14,26,139,,118,118,4,9,5,6,0.4,0.5
2024-06-24T1700,3575A,118.09279,39.58089,唐山市,正泰大街热力站,颗粒物(PM10),60,69,77,9,32,142,,109,109,5,24,3,3,0.7,1.2
2024-06-24T1700,3576A,118.1562,39.8322,唐山市,丰润区政府,,38,12,60,3,24,119,,102,102,2,16,1,2,0.3,0.6
2024-06-24T1700,3577A,118.43673,39.73809,唐山市,金山小学,颗粒物(PM10),54,58,57,10,19,152,,110,110,4,14,10,4,1.2,0.8
2024-06-24T1700,3578A,118.24498,39.66941,唐山市,政府服务中心,颗粒物(PM10),51,51,74,16,28,155,,113,113,3,19,7,5,0.7,0.7
2024-06-24T1700,3692A,118.2059,39.6585,唐山市,消防缸窑路中队,,49,48,62,16,29,154,,113,113,10,19,5,3,0.6,0.8
2024-06-24T1700,3693A,118.1436,39.6202,唐山市,路南电大,,45,42,73,19,36,143,,108,108,2,21,1,3,0.5,1
2024-06-24T1700,1015A,117.1444,39.1661,天津市,勤俭道,,41,8,83,3,34,129,,118,118,5,13,5,6,0.3,0.3
2024-06-24T1700,1017A,117.237,39.1082,天津市,大直沽八号路,,40,11,91,3,36,127,,113,113,10,17,6,7,0.2,0.4
2024-06-24T1700,1018A,117.202,39.0927,天津市,前进道,,42,10,86,3,31,133,,116,116,10,15,5,6,0.3,0.6
2024-06-24T1700,1019A,117.1837,39.2133,天津市,淮河道,,40,8,83,3,27,126,,112,112,9,22,5,6,0.3,0.6
2024-06-24T1700,1021A,117.307,39.0877,天津市,跃进路,,40,9,94,3,38,127,,117,117,12,19,5,6,0.3,0.6
2024-06-24T1700,1023A,117.707,39.0343,天津市,第四大街,,41,32,106,12,40,129,,115,115,22,29,15,6,0.6,0.7
2024-06-24T1700,1024A,117.457,38.8394,天津市,永明路,,47,21,107,7,42,150,,127,127,14,17,6,6,0.4,0.5
2024-06-24T1700,1026A,117.764,39.1587,天津市,汉北路,,44,31,97,10,38,138,,119,119,22,18,7,4,0.6,0.6
2024-06-24T1700,1027A,117.157,38.9194,天津市,团泊洼,,46,8,84,3,40,145,,121,121,10,16,5,5,0.5,0.7
2024-06-24T1700,2858A,117.7918,39.2474,天津市,河西一经路,,47,31,91,10,37,148,,119,119,17,20,8,6,0.4,0.5
2024-06-24T1700,2859A,117.3747,38.9846,天津市,津沽路,,41,11,98,3,36,130,,118,118,13,16,5,6,0.1,0.3
2024-06-24T1700,2860A,117.1589,39.0845,天津市,宾水西道,,40,8,86,3,31,127,,109,109,7,14,3,4,0.3,0.5
2024-06-24T1700,2922A,117.1941,39.1067,天津市,大理道,,41,8,79,3,32,129,,112,112,11,15,3,3,0.1,0.3
2024-06-24T1700,3020A,117.2101,39.1699,天津市,中山北路,,43,7,78,3,31,135,,117,117,7,16,6,6,0.4,0.6
2024-06-24T1700,3051A,117.3876,39.1488,天津市,西四道,,37,7,87,3,33,117,,107,107,9,18,3,4,0.3,0.7
2024-06-24T1700,3325A,117.0365,39.3828,天津市,雍阳西道,,40,9,78,3,27,127,,111,111,7,15,2,3,0.1,0.2
2024-06-24T1700,3326A,117.0296,39.0605,天津市,辛老路,,38,8,104,3,29,120,,106,106,12,18,6,6,0.3,0.5
2024-06-24T1700,3327A,116.9638,38.9375,天津市,地纬路,,41,9,94,3,36,130,,112,112,11,17,3,4,0.1,0.3
2024-06-24T1700,3460A,117.4067,40.0583,天津市,北环路,,37,10,80,3,29,116,,105,105,10,12,6,6,0.2,0.5
2024-06-24T1700,3461A,117.3045,39.7169,天津市,建设路,,37,12,95,3,40,118,,104,104,14,21,10,10,0.3,0.7
2024-06-24T1700,3462A,117.8199,39.3521,天津市,滨水东路,,45,22,90,8,36,143,,115,115,12,15,6,6,0.4,0.5
2024-06-24T1700,2649A,106.0055,34.343,天水市,麦积山,,,,,,,,,,,,,,,,
2024-06-24T1700,2650A,105.7205,34.5786,天水市,公园小学,臭氧1小时,63,28,36,7,15,170,,146,146,5,14,7,8,0.2,0.3
2024-06-24T1700,2651A,105.8945,34.5538,天水市,麦积国土局,,50,30,40,3,17,159,,143,143,5,11,6,6,0.4,0.4
2024-06-24T1700,2216A,123.8139,42.3022,铁岭市,汇工街西,,26,8,10,3,5,83,,71,71,6,11,5,5,0.2,0.3
2024-06-24T1700,2217A,123.8649,42.2923,铁岭市,水上乐园,,,,,2,0,72,,58,58,7,6,2,3,1.2,1.6
2024-06-24T1700,2218A,123.8486,42.2867,铁岭市,银州路东段,,25,9,14,3,7,78,,67,67,10,13,4,5,0.2,0.3
2024-06-24T1700,2219A,123.7153,42.2217,铁岭市,金沙江路北,,26,6,10,3,6,83,,66,66,8,12,10,9,0.4,0.4
2024-06-24T1700,2229A,125.9358,41.7173,通化市,光明,,20,6,17,3,7,61,,74,72,6,7,6,7,0.5,0.5
2024-06-24T1700,2230A,125.9446,41.7325,通化市,铁路,,19,6,16,3,8,58,,70,70,4,6,7,8,0.4,0.4
2024-06-24T1700,2191A,122.2532,43.6801,通辽市,艺术职业学校,,30,29,20,3,4,94,,98,98,6,4,4,4,0.3,0.1
2024-06-24T1700,3706A,122.2584,43.6333,通辽市,老干部活动中心,,29,29,20,13,15,64,,70,70,13,12,7,6,0.2,0.2
2024-06-24T1700,3708A,122.2922,43.6189,通辽市,东方明珠社区,,35,,20,24,20,71,,81,80,13,9,9,6,0.3,0.2
2024-06-24T1700,1922A,109.0656,35.0994,铜川市,党校,,,,,,,,,,,,,,,,
2024-06-24T1700,1923A,109.0697,35.0697,铜川市,王益区政府,颗粒物(PM10),98,145,116,44,31,143,,120,120,12,18,6,6,0.4,0.4
2024-06-24T1700,1924A,108.9344,34.9058,铜川市,新区管委会,颗粒物(PM10),116,182,103,,33,159,,126,126,14,15,6,6,0.3,0.3
2024-06-24T1700,3651A,108.9543,34.8732,铜川市,旺旺集团,颗粒物(PM10),120,189,118,44,29,161,,127,127,15,18,5,5,0.4,0.3
2024-06-24T1700,2285A,117.8177,30.9412,铜陵市,市第四中学,,33,33,46,23,23,70,,61,61,16,18,9,14,0.6,1.3
2024-06-24T1700,2286A,117.8059,30.9273,铜陵市,市公路局,,46,46,42,25,19,84,,71,71,19,17,9,15,0.5,1.5
2024-06-24T1700,2287A,117.7807,30.9413,铜陵市,市新民污水厂,,35,35,30,18,17,78,,66,66,19,14,11,15,0.4,0.5
2024-06-24T1700,2288A,117.7439,30.8792,铜陵市,市第九中学,,41,41,33,18,15,55,,54,54,45,30,6,6,0.7,0.8
2024-06-24T1700,2289A,117.846,30.9413,铜陵市,车站新区,,41,41,33,26,18,68,,59,59,18,16,8,9,0.5,0.6
2024-06-24T1700,2290A,117.8483,30.97,铜陵市,市职教基地,,28,27,37,19,28,71,,64,64,19,17,8,10,0.7,1
2024-06-24T1700,2585A,109.1839,27.7344,铜仁市,铜仁卫校,,26,8,12,6,8,82,,61,61,4,11,2,1,0.2,0.2
2024-06-24T1700,2586A,109.1753,27.6944,铜仁市,铜仁七中,,27,11,16,6,7,85,,60,60,2,6,5,4,0.1,0.3
2024-06-24T1700,2686A,89.1904,42.9418,吐鲁番市,市环保局,,46,22,46,8,12,145,,128,128,10,18,6,7,0.3,0.4
2024-06-24T1700,2687A,89.1673,42.9559,吐鲁番市,地区环保局,,46,31,52,10,16,145,,125,125,13,27,7,7,0.3,0.3
2024-06-24T1700,1662A,122.1214,37.4236,威海市,华夏技校,,34,6,52,3,19,106,,109,109,6,13,5,6,0.2,0.2
2024-06-24T1700,1663A,122.0508,37.5236,威海市,山大分校,,42,7,45,7,17,132,,115,115,9,19,8,8,0.3,0.4
2024-06-24T1700,1664A,122.1067,37.5072,威海市,市监测站,,37,20,55,3,21,118,,109,109,11,17,5,5,0.3,0.4
2024-06-24T1700,1982A,122.0693,37.2174,威海市,文登开发区,,34,12,58,3,23,108,,107,107,6,11,6,6,0.1,0.3
2024-06-24T1700,3505A,122.1379,37.3414,威海市,临港区管委会,,36,14,52,3,19,113,,108,108,7,11,7,7,0.2,0.4
2024-06-24T1700,1650A,119.1437,36.7023,潍坊市,环保局,颗粒物(PM10),56,61,119,24,39,124,,113,113,8,10,8,12,0.4,0.5
2024-06-24T1700,2877A,119.1641,36.6523,潍坊市,坊子邮政,颗粒物(PM10),57,63,120,24,37,131,,120,120,13,11,9,10,0.3,0.3
2024-06-24T1700,3178A,119.0587,36.721,潍坊市,潍坊七中,颗粒物(PM10),54,58,118,19,36,130,,118,118,6,10,8,8,0.3,0.4
2024-06-24T1700,3368A,119.1977,36.6872,潍坊市,高新实验学校,颗粒物(PM10),62,73,126,21,38,125,,114,114,7,8,7,7,0.1,0.1
2024-06-24T1700,3416A,119.1755,36.7149,潍坊市,潍坊学院,颗粒物(PM10),57,63,117,20,34,124,,112,112,6,9,7,7,0.3,0.2
2024-06-24T1700,3861A,119.2041,36.7699,潍坊市,寒亭区实验一小,,46,46,110,19,37,123,,111,111,6,11,8,9,0.4,0.4
2024-06-24T1700,1938A,109.5293,34.5101,渭南市,农科所,,,,,,,,,,,,,,,,
2024-06-24T1700,1939A,109.4974,34.4877,渭南市,日报社,颗粒物(PM10),86,122,78,35,24,161,,135,135,12,21,8,9,0.4,0.4
2024-06-24T1700,1940A,109.4636,34.493,渭南市,体育馆,颗粒物(PM10),95,139,85,29,17,166,,140,140,6,16,8,9,0.4,0.4
2024-06-24T1700,1941A,109.4259,34.5023,渭南市,高新一小,颗粒物(PM10),97,143,84,36,21,166,,141,141,7,14,8,9,0.4,0.4
2024-06-24T1700,1242A,120.634,28.0089,温州市,瓯海,,15,11,38,3,22,46,,85,84,17,23,4,5,0.2,0.2
2024-06-24T1700,1243A,120.6748,27.9939,温州市,南浦,,15,10,36,10,22,48,,88,87,10,14,4,4,0.4,0.4
2024-06-24T1700,1244A,120.76,27.9747,温州市,龙湾,,12,11,35,3,15,37,,72,72,20,22,5,6,0.3,0.3
2024-06-24T1700,1245A,120.6709,28.0167,温州市,市站,,13,11,40,3,20,41,,72,72,21,24,7,7,0.5,0.5
2024-06-24T1700,3561A,120.6985,27.9251,温州市,茶山,,,,47,3,24,43,,89,83,17,31,3,4,0.5,0.4
2024-06-24T1700,2610A,104.2533,23.3594,文山壮族苗族自治州,州水务局,,,18,16,8,11,60,,60,60,4,7,,7,0.1,0.1
2024-06-24T1700,2611A,104.2319,23.3892,文山壮族苗族自治州,市便民服务中心,,22,22,17,3,10,52,,59,59,5,7,5,5,0.3,0.3
2024-06-24T1700,2187A,106.8174,39.6973,乌海市,市林业局,颗粒物(PM10),108,166,394,44,102,110,,86,86,14,14,11,8,0.5,0.5
2024-06-24T1700,2188A,106.7907,39.6667,乌海市,中海勃湾学校,颗粒物(PM10),97,144,392,36,102,127,,100,100,11,13,13,9,0.5,0.5
2024-06-24T1700,3284A,106.813,39.7274,乌海市,海北新区,颗粒物(PM10),132,214,465,45,115,100,,84,84,17,19,10,10,0.4,0.5
2024-06-24T1700,3621A,106.8288,39.6778,乌海市,聚英学校,颗粒物(PM10),138,226,461,65,118,116,,93,93,16,17,14,12,0.4,0.4
2024-06-24T1700,2197A,113.1306,40.9923,乌兰察布市,集宁新区,,37,23,34,20,23,116,,112,112,4,5,6,7,0.2,0.2
2024-06-24T1700,3034A,113.1076,41.0385,乌兰察布市,光明街小学,,37,10,40,3,19,118,,117,117,5,8,8,6,0.3,0.3
2024-06-24T1700,3285A,113.1376,40.9509,乌兰察布市,北京八中,,37,23,42,3,12,116,,113,113,3,6,9,9,0.3,0.4
2024-06-24T1700,3421A,113.1775,40.9779,乌兰察布市,市委党校,,37,,38,11,14,118,,117,117,2,6,6,22,0.3,0.4
2024-06-24T1700,1490A,87.5801,43.8303,乌鲁木齐市,监测站,,48,37,41,3,13,151,,130,130,14,34,6,7,0.1,0.4
2024-06-24T1700,1491A,87.6046,43.768,乌鲁木齐市,收费所,,47,27,45,3,18,148,,124,124,2,31,6,7,0.3,0.6
2024-06-24T1700,1492A,87.4754,43.9469,乌鲁木齐市,新疆农科院农场,,42,19,52,8,22,133,,125,125,6,28,7,8,0.6,0.7
2024-06-24T1700,1493A,87.5525,43.8711,乌鲁木齐市,铁路局,,46,24,44,9,16,145,,128,128,7,30,4,5,0.2,0.4
2024-06-24T1700,1494A,87.6432,43.831,乌鲁木齐市,三十一中学,,45,26,37,16,17,143,,119,119,8,16,8,9,0.6,0.6
2024-06-24T1700,1496A,87.7216,44.1747,乌鲁木齐市,米东区环保局,,49,25,40,7,14,154,,134,134,3,13,9,9,0.3,0.4
2024-06-24T1700,3033A,87.4651,43.4569,乌鲁木齐市,培训基地,臭氧1小时,68,31,29,7,7,174,,156,156,5,6,4,7,0.5,0.5
2024-06-24T1700,3437A,88.3118,43.3658,乌鲁木齐市,达坂城区环保局,,49,23,27,9,11,155,,135,135,2,7,4,5,0.2,0.3
2024-06-24T1700,3438A,87.6162,43.8801,乌鲁木齐市,红光山片区,,45,25,39,16,14,143,,122,122,8,28,3,6,0.1,0.3
2024-06-24T1700,3439A,87.7024,43.8004,乌鲁木齐市,新师大温泉校区,臭氧1小时,82,36,38,9,13,185,,152,152,12,15,8,9,0.3,0.3
2024-06-24T1700,3440A,87.4921,43.8411,乌鲁木齐市,大绿谷,,43,19,41,8,16,136,,128,128,8,23,5,6,0.3,0.5
2024-06-24T1700,1188A,120.269,31.4867,无锡市,雪浪,,42,27,16,17,5,133,,117,117,7,7,8,8,0.8,0.6
2024-06-24T1700,1189A,120.275,31.6219,无锡市,黄巷,颗粒物(PM10),52,53,31,17,12,128,,125,125,20,21,8,8,1.1,1
2024-06-24T1700,1190A,120.294,31.56,无锡市,曹张,,39,39,26,27,12,118,,108,108,24,22,4,4,0.8,0.6
2024-06-24T1700,1191A,120.242,31.5031,无锡市,漆塘,,42,31,18,27,11,133,,114,114,4,6,4,3,0.6,0.2
2024-06-24T1700,1192A,120.3489,31.5863,无锡市,东亭,颗粒物(PM10),53,56,27,24,13,140,,131,131,24,22,4,4,1.0,0.8
2024-06-24T1700,1193A,120.354,31.5475,无锡市,旺庄,,44,44,21,22,9,122,,115,115,22,14,6,5,0.6,0.5
2024-06-24T1700,1194A,120.245,31.5631,无锡市,荣巷,,49,29,19,19,11,154,,123,123,10,11,8,9,0.6,0.5
2024-06-24T1700,1195A,120.299,31.6817,无锡市,堰桥,颗粒物(PM10),56,61,26,29,14,121,,134,134,41,29,6,4,1.0,0.9
2024-06-24T1700,3428A,120.3142,31.4753,无锡市,华庄,,41,28,15,20,11,129,,108,108,8,6,8,8,0.7,0.5
2024-06-24T1700,2677A,106.1532,37.9648,吴忠市,教育园区,颗粒物(PM10),196,341,311,112,94,161,,105,105,7,9,14,13,0.4,0.3
2024-06-24T1700,2679A,106.1856,37.9956,吴忠市,新区二泵站,颗粒物(PM10),236,375,346,127,102,164,,105,105,13,13,11,10,0.3,0.3
2024-06-24T1700,3648A,106.2112,37.9768,吴忠市,文卫南街,颗粒物(PM10),181,311,311,94,88,180,,115,115,10,12,14,12,0.3,0.3
2024-06-24T1700,1794A,118.3606,31.3519,芜湖市,监测站,,28,28,27,10,12,86,,71,71,16,24,6,9,0.7,0.9
2024-06-24T1700,1795A,118.3714,31.4134,芜湖市,科创中心,,28,26,25,9,13,87,,80,80,21,28,9,10,0.5,0.8
2024-06-24T1700,1796A,118.3673,31.3131,芜湖市,四水厂,,30,23,29,11,13,96,,79,79,16,21,6,9,0.6,0.9
2024-06-24T1700,3328A,118.4209,31.3707,芜湖市,市气象局,,28,28,23,10,13,86,,79,79,14,21,9,11,0.7,0.9
2024-06-24T1700,3465A,118.4781,31.3225,芜湖市,清苑社区,,31,31,23,11,12,74,,76,76,24,16,11,9,1.0,0.8
2024-06-24T1700,3466A,118.2746,31.2326,芜湖市,扬子职业技术学院,,29,20,24,14,12,90,,82,82,14,14,8,10,0.6,0.8
2024-06-24T1700,2495A,111.3014,23.4832,梧州市,市逸夫小学,,19,19,21,3,9,59,,61,61,1,9,4,5,0.7,0.7
2024-06-24T1700,2496A,111.3239,23.4794,梧州市,市十一中,,21,18,21,8,10,66,,64,64,9,14,7,6,0.7,0.7
2024-06-24T1700,2497A,111.247,23.4189,梧州市,龙圩,,18,,17,3,9,55,,58,58,2,7,6,6,0.7,0.8
2024-06-24T1700,2498A,111.2711,23.4835,梧州市,龙新,,16,,12,6,7,50,,58,58,6,9,5,5,0.8,0.8
2024-06-24T1700,2711A,87.5475,44.1756,五家渠市,农水大厦,,46,29,51,14,20,145,,121,121,5,20,8,10,0.3,0.4
2024-06-24T1700,3441A,87.546,44.1912,五家渠市,经开区管委会,,46,,44,22,22,147,,125,125,5,16,8,9,0.2,0.3
2024-06-24T1700,1325A,114.3677,30.5584,武汉市,东湖梨园,颗粒物(PM10),54,58,28,37,15,70,,60,60,31,16,6,5,1.0,0.7
2024-06-24T1700,1326A,114.2529,30.558,武汉市,汉阳月湖,颗粒物(PM10),52,53,27,29,13,70,,55,55,33,21,6,5,0.7,0.6
2024-06-24T1700,1327A,114.282,30.6189,武汉市,汉口花桥,颗粒物(PM10),51,52,36,17,15,95,,67,67,20,21,6,7,0.5,0.7
2024-06-24T1700,1328A,114.3025,30.5332,武汉市,武昌紫阳,颗粒物(PM10),63,76,35,32,11,70,,56,56,40,20,4,4,1.1,0.9
2024-06-24T1700,1329A,114.3646,30.6217,武汉市,青山钢花,细颗粒物(PM2.5),58,64,38,41,24,94,,65,65,27,19,9,8,1.1,1
2024-06-24T1700,1330A,114.1566,30.4825,武汉市,沌口新区,,50,50,26,20,13,95,,67,67,28,19,6,7,0.9,0.8
2024-06-24T1700,1331A,114.3014,30.5944,武汉市,汉口江滩,颗粒物(PM10),64,77,34,31,13,58,,48,48,54,26,8,7,0.9,0.7
2024-06-24T1700,1333A,114.135,30.6319,武汉市,吴家山,,29,29,20,20,8,84,,64,64,24,20,8,8,0.6,0.6
2024-06-24T1700,1334A,113.8454,30.2917,武汉市,沉湖七壕,,25,25,13,10,8,78,,72,72,5,11,5,5,0.6,0.4
2024-06-24T1700,3153A,114.3877,30.4908,武汉市,民族大道182号,颗粒物(PM10),55,60,31,23,13,75,,62,62,28,20,5,6,1.0,0.9
2024-06-24T1700,2652A,102.6201,37.9251,武威市,监测站,,43,35,50,14,17,135,,110,110,5,11,2,2,0.3,0.3
2024-06-24T1700,3201A,102.6486,37.9325,武威市,东关招商场,,43,36,56,11,21,135,,111,111,5,14,5,5,0.2,0.2
2024-06-24T1700,1462A,108.882,34.2749,西安市,高压开关厂,颗粒物(PM10),79,107,66,33,18,179,,142,142,14,22,5,6,0.4,0.5
2024-06-24T1700,1463A,108.993,34.2629,西安市,兴庆小区,颗粒物(PM10),72,93,58,17,15,172,,138,138,8,14,6,7,0.3,0.4
2024-06-24T1700,1464A,109.06,34.2572,西安市,纺织城,颗粒物(PM10),72,94,66,23,21,173,,139,139,7,22,8,9,0.5,0.6
2024-06-24T1700,1465A,108.9356,34.2173,西安市,小寨,臭氧1小时,68,72,47,26,13,174,,141,141,9,16,6,7,0.2,0.3
2024-06-24T1700,1466A,108.954,34.2713,西安市,市人民体育场,颗粒物(PM10),88,126,71,31,16,180,,144,144,9,15,6,7,0.3,0.3
2024-06-24T1700,1467A,108.8922,34.2322,西安市,高新西区,,,,48,40,20,181,,150,150,8,15,6,6,0.3,0.3
2024-06-24T1700,1468A,108.935,34.3474,西安市,经开区,颗粒物(PM10),85,120,75,31,20,179,,142,142,7,18,6,7,0.3,0.4
2024-06-24T1700,1469A,108.906,34.1546,西安市,长安区,臭氧1小时,75,95,55,33,17,180,,147,147,8,14,6,6,0.3,0.4
2024-06-24T1700,1471A,109.2186,34.3731,西安市,临潼区,颗粒物(PM10),78,106,65,25,19,178,,145,145,11,14,8,10,0.2,0.3
2024-06-24T1700,1472A,108.869,34.378,西安市,草滩,颗粒物(PM10),85,119,73,18,14,172,,137,137,13,23,3,4,0.2,0.3
2024-06-24T1700,1473A,108.985,34.1978,西安市,曲江文化产业集团,臭氧1小时,77,98,57,21,15,181,,148,148,10,17,6,7,0.3,0.4
2024-06-24T1700,1474A,109.051,34.3213,西安市,广运潭,颗粒物(PM10),77,104,68,26,20,175,,140,140,7,16,6,7,0.4,0.4
2024-06-24T1700,3524A,108.6116,34.1164,西安市,文体局,臭氧1小时,103,63,54,13,12,205,,161,161,6,17,8,8,0.4,0.4
2024-06-24T1700,3605A,109.09,34.5236,西安市,无线电监控中心,颗粒物(PM10),99,148,102,37,27,175,,139,139,7,20,7,8,0.2,0.2
2024-06-24T1700,1483A,101.524,36.6867,西宁市,第五水厂,,,,,,,,,,,,,,,,
2024-06-24T1700,3055A,101.7775,36.6428,西宁市,城北区政府,,,18,33,,21,151,,128,128,26,15,7,13,0.6,0.7
2024-06-24T1700,3629A,101.8305,36.5786,西宁市,世纪职校,臭氧1小时,69,19,30,15,18,175,,130,130,13,20,9,13,0.5,0.5
2024-06-24T1700,3630A,101.7413,36.6397,西宁市,师大城西校区,臭氧1小时,77,40,39,16,21,181,,137,137,7,14,9,13,0.9,0.7
2024-06-24T1700,2612A,100.7939,22.0019,西双版纳傣族自治州,景洪市江南,,27,15,19,3,12,85,,74,74,6,10,8,9,0.3,0.4
2024-06-24T1700,2613A,100.8017,22.0225,西双版纳傣族自治州,景洪市江北,,26,11,14,6,14,83,,70,70,4,8,10,10,0.4,0.5
2024-06-24T1700,3606A,108.7108,34.46,西咸新区,北杜,颗粒物(PM10),86,121,75,32,20,180,,137,137,9,20,6,5,0.1,0.2
2024-06-24T1700,3607A,108.7096,34.2956,西咸新区,同德佳苑,臭氧1小时,94,112,68,28,19,195,,147,147,10,18,6,6,0.2,0.3
2024-06-24T1700,3608A,108.8558,34.4978,西咸新区,崇文塔,,,,75,29,15,178,,137,137,10,22,4,5,0.2,0.3
2024-06-24T1700,2202A,116.1042,43.9317,锡林郭勒盟,市环保监测站,,,74,25,3,7,86,,81,81,8,19,7,8,,0.2
2024-06-24T1700,2203A,116.0781,43.9311,锡林郭勒盟,市政府,,37,37,28,10,7,87,,78,78,8,21,7,7,0.2,0.2
2024-06-24T1700,1286A,118.1608,24.8169,厦门市,溪东,,,,,,,,,,,,,,,,
2024-06-24T1700,1287A,118.1514,24.4767,厦门市,洪文,,16,16,12,6,4,25,,26,26,1,4,2,3,0.2,0.2
2024-06-24T1700,1288A,118.0661,24.4444,厦门市,鼓浪屿,,14,14,11,6,4,25,,25,25,3,4,2,3,0.3,0.3
2024-06-24T1700,2842A,118.0936,24.5058,厦门市,湖里中学,,17,17,11,7,4,25,,27,27,5,4,3,3,0.2,0.2
2024-06-24T1700,3527A,118.0958,24.5688,厦门市,集美中学,,,,11,,4,23,,24,24,13,12,2,2,0.2,0.5
2024-06-24T1700,3528A,118.1493,24.7245,厦门市,同安二实小,,11,11,10,6,6,22,,25,25,10,8,2,2,0.3,0.3
2024-06-24T1700,2447A,114.3175,29.8142,咸宁市,森林公园,,17,14,9,3,3,54,,63,54,3,3,7,6,0.6,0.5
2024-06-24T1700,2448A,114.3107,29.8454,咸宁市,市发改委,,23,16,13,16,8,57,,62,62,4,5,7,7,0.5,0.5
2024-06-24T1700,2449A,114.2936,29.8566,咸宁市,咸安区政府,,23,23,13,12,11,54,,58,58,12,8,2,3,0.6,0.6
2024-06-24T1700,3655A,114.3375,29.8683,咸宁市,长江产业园,,18,18,11,7,4,55,,64,64,6,8,4,4,0.9,0.8
2024-06-24T1700,1918A,108.7197,34.3956,咸阳市,气象站,,,,,,,,,,,,,,,,
2024-06-24T1700,1919A,108.673,34.3155,咸阳市,实验中学,臭氧1小时,95,106,71,32,22,196,,154,154,10,23,7,7,0.4,0.4
2024-06-24T1700,1920A,108.7233,34.3617,咸阳市,师范学院,"颗粒物(PM10),臭氧1小时",88,125,89,28,25,190,,153,153,11,22,6,6,0.3,0.3
2024-06-24T1700,3165A,108.6594,34.2969,咸阳市,两寺渡,臭氧1小时,85,88,69,21,18,188,,146,146,9,25,4,5,0.2,0.3
2024-06-24T1700,3525A,108.6396,34.4078,咸阳市,奥体中心,臭氧1小时,84,93,70,21,20,187,,145,145,7,18,6,6,0.3,0.3
2024-06-24T1700,1508A,112.9433,27.8614,湘潭市,板塘,,,,22,7,8,102,,56,56,5,20,4,5,0.3,0.3
2024-06-24T1700,1511A,112.9118,27.8403,湘潭市,市监测站,,37,15,12,3,10,118,,68,68,2,14,4,4,0.5,0.7
2024-06-24T1700,1512A,112.8937,27.8728,湘潭市,江麓,,36,22,20,3,9,115,,67,67,7,13,6,6,0.5,0.5
2024-06-24T1700,1513A,112.9227,27.8159,湘潭市,岳塘,,33,8,20,3,11,103,,54,54,4,13,12,12,0.5,0.7
2024-06-24T1700,1514A,112.9074,27.9119,湘潭市,科大,,30,21,16,3,7,94,,58,58,8,13,5,5,0.8,0.8
2024-06-24T1700,1562A,113.0048,27.9153,湘潭市,昭山,,37,14,20,9,11,116,,71,71,10,21,5,5,0.5,0.7
2024-06-24T1700,1564A,112.4876,27.9164,湘潭市,韶山,,28,10,13,7,9,89,,65,65,5,6,5,4,0.2,0.2
2024-06-24T1700,2492A,109.6414,28.2558,湘西土家族苗族自治州,跃进水库,,10,6,13,3,6,30,,25,25,3,2,2,3,0.6,0.6
2024-06-24T1700,2493A,109.7325,28.3169,湘西土家族苗族自治州,州政府,,23,,20,3,10,71,,51,51,2,5,8,8,0.4,0.6
2024-06-24T1700,2494A,109.6958,28.2675,湘西土家族苗族自治州,吉首市计生局,,25,,17,3,8,79,,62,62,8,10,6,5,0.7,0.7
2024-06-24T1700,2432A,112.155,32.0197,襄阳市,襄城运动路,颗粒物(PM10),129,208,68,35,26,173,,119,119,16,12,10,8,0.5,0.6
2024-06-24T1700,2433A,112.1392,32.0564,襄阳市,樊城新华路,颗粒物(PM10),133,215,68,34,24,167,,115,115,19,14,10,8,0.7,0.7
2024-06-24T1700,2434A,112.1825,32.1142,襄阳市,高新管委会,颗粒物(PM10),134,218,73,38,23,178,,126,126,17,14,9,7,0.7,0.7
2024-06-24T1700,2435A,112.2106,32.0903,襄阳市,襄州航空路,颗粒物(PM10),131,212,74,30,29,165,,119,119,15,11,12,9,0.7,0.8
2024-06-24T1700,3396A,112.0828,32.0067,襄阳市,襄城隆中路,颗粒物(PM10),131,212,63,37,30,148,,91,91,30,18,10,8,0.5,0.6
2024-06-24T1700,3397A,112.1214,32.1008,襄阳市,高新台子湾,颗粒物(PM10),136,221,85,41,26,175,,119,119,13,13,10,7,0.6,0.6
2024-06-24T1700,2443A,113.9153,30.9285,孝感市,文化路,,30,28,24,20,15,94,,66,66,5,11,10,9,0.9,1
2024-06-24T1700,2444A,113.942,30.9075,孝感市,东城区,,33,24,22,23,13,96,,66,66,3,11,10,10,0.9,0.9
2024-06-24T1700,2181A,112.7383,38.4519,忻州市,开发区,,42,18,85,15,29,133,,116,116,8,14,6,7,0.3,0.4
2024-06-24T1700,2182A,112.7003,38.4928,忻州市,会展中心,,40,20,81,15,28,126,,112,112,7,13,5,6,0.3,0.3
2024-06-24T1700,3208A,112.7283,38.4153,忻州市,市政府,,44,22,80,7,24,138,,120,120,9,14,4,6,0.4,0.4
2024-06-24T1700,2389A,113.836,35.311,新乡市,环保西院,,,,176,36,35,147,,125,125,10,12,10,12,0.4,0.4
2024-06-24T1700,2390A,113.884,35.272,新乡市,开发区,颗粒物(PM10),85,120,131,31,34,144,,122,122,2,5,4,6,0.7,0.7
2024-06-24T1700,2391A,113.883,35.303,新乡市,环保东院,颗粒物(PM10),87,123,134,27,33,144,,124,124,4,7,8,9,0.5,0.5
2024-06-24T1700,3054A,113.9194,35.2847,新乡市,市委党校,颗粒物(PM10),87,124,138,35,34,148,,128,128,2,7,6,7,0.5,0.6
2024-06-24T1700,3475A,113.9188,35.3045,新乡市,市政府,颗粒物(PM10),87,123,134,30,28,148,,129,129,2,7,6,7,0.1,0.2
2024-06-24T1700,3476A,113.9135,35.3327,新乡市,河师大,颗粒物(PM10),97,143,156,38,38,148,,128,128,10,13,7,8,0.4,0.3
2024-06-24T1700,3689A,113.9003,35.372,新乡市,行政服务中心,颗粒物(PM10),84,117,133,32,35,150,,127,127,2,4,17,12,0.5,0.4
2024-06-24T1700,2352A,115.0861,27.9317,新余市,北岗,,,,,,,,,,,,,,,,
2024-06-24T1700,2353A,114.9886,27.8431,新余市,飞宇,,33,19,37,6,17,105,,60,60,9,14,8,8,0.5,0.8
2024-06-24T1700,2354A,114.9231,27.8246,新余市,第二水厂,,28,11,30,11,15,87,,50,50,9,11,6,7,1.2,1
2024-06-24T1700,2355A,114.9308,27.8036,新余市,市气象局,,31,19,32,6,18,98,,57,57,15,15,4,5,0.5,0.3
2024-06-24T1700,3206A,114.9149,27.807,新余市,新钢沁园村,,30,15,33,13,14,94,,53,53,7,10,8,8,0.5,0.6
2024-06-24T1700,2054A,114.1099,32.1059,信阳市,平桥分局,颗粒物(PM10),115,179,95,55,29,177,,154,154,15,8,10,7,0.6,0.5
2024-06-24T1700,2064A,113.9956,32.1271,信阳市,南湾水厂,颗粒物(PM10),111,171,94,45,24,139,,135,135,13,7,8,6,0.7,0.5
2024-06-24T1700,2065A,114.0775,32.1195,信阳市,市酿酒公司,颗粒物(PM10),103,156,97,47,28,168,,144,144,14,9,9,7,0.7,0.6
2024-06-24T1700,2066A,114.0609,32.1399,信阳市,审计局,颗粒物(PM10),117,183,97,39,26,175,,154,154,13,7,10,7,0.6,0.6
2024-06-24T1700,2200A,122.0392,46.0656,兴安盟,胜华新制药厂,,26,18,17,11,15,81,,77,77,8,8,2,2,0.2,0.2
2024-06-24T1700,2201A,121.9504,46.0741,兴安盟,科右前旗环保局,,26,19,18,17,17,83,,79,79,5,7,2,3,0.2,0.2
2024-06-24T1700,3035A,122.0931,46.0707,兴安盟,北滨河,,28,9,17,8,11,87,,81,81,4,6,4,4,0.0,0.1
2024-06-24T1700,1077A,114.4704,37.0886,邢台市,达活泉,颗粒物(PM10),56,62,118,22,26,141,,114,114,3,7,3,3,0.2,0.1
2024-06-24T1700,1078A,114.5062,37.0349,邢台市,邢师高专,颗粒物(PM10),58,65,125,20,30,143,,120,120,6,10,4,4,0.3,0.3
2024-06-24T1700,1079A,114.5237,37.0851,邢台市,路桥公司,颗粒物(PM10),54,58,101,18,24,157,,129,129,4,6,4,6,0.3,0.3
2024-06-24T1700,1080A,114.4725,37.0719,邢台市,市环保局,颗粒物(PM10),52,54,127,26,29,147,,120,120,2,5,3,3,0.3,0.2
2024-06-24T1700,3584A,115.8844,39.0341,雄安新区,容城县环境保护局,,,,80,,18,142,,124,124,4,18,8,8,0.2,0.2
2024-06-24T1700,3585A,115.8665,39.0645,雄安新区,河北容城中学,,44,35,99,10,28,140,,127,127,7,23,7,6,0.2,0.2
2024-06-24T1700,3586A,115.923,38.9405,雄安新区,安新县民政局,,44,18,88,7,27,138,,120,120,8,18,3,4,0.2,0.2
2024-06-24T1700,3587A,115.9324,38.9338,雄安新区,安新县电力局,,47,18,94,3,22,149,,129,129,5,15,7,7,0.3,0.3
2024-06-24T1700,3588A,116.0901,38.9816,雄安新区,雄县环境保护局,,45,7,74,3,21,141,,122,122,11,17,8,7,0.2,0.3
2024-06-24T1700,3589A,116.1105,39.0046,雄安新区,雄县国土资源局,,44,20,85,3,23,140,,120,120,7,14,6,6,0.3,0.4
2024-06-24T1700,1177A,117.179,34.2761,徐州市,黄河新村,颗粒物(PM10),125,200,186,51,45,176,,150,150,18,27,9,9,0.4,0.5
2024-06-24T1700,1178A,117.1918,34.2384,徐州市,淮塔,颗粒物(PM10),123,196,168,50,46,166,,140,140,20,23,10,10,0.3,0.4
2024-06-24T1700,1180A,117.256,34.2153,徐州市,新城区,颗粒物(PM10),127,203,171,49,39,160,,140,140,23,23,10,9,0.4,0.4
2024-06-24T1700,1181A,117.244,34.2911,徐州市,桃园路,颗粒物(PM10),130,210,186,42,40,170,,147,147,17,22,10,10,0.5,0.5
2024-06-24T1700,1182A,117.2933,34.2778,徐州市,农科院,颗粒物(PM10),126,202,178,50,39,174,,149,149,19,24,9,8,0.3,0.3
2024-06-24T1700,3005A,117.1814,34.29,徐州市,鼓楼区政府,颗粒物(PM10),119,188,166,43,41,174,,149,149,18,24,8,9,0.5,0.5
2024-06-24T1700,3006A,117.1694,34.1781,徐州市,铜山区招生办,颗粒物(PM10),117,183,160,43,36,180,,159,159,17,21,8,7,0.4,0.4
2024-06-24T1700,3288A,117.4754,34.4422,徐州市,大泉街道,颗粒物(PM10),136,221,190,62,49,173,,145,145,16,20,11,10,0.7,0.7
2024-06-24T1700,2396A,113.8276,34.0159,许昌市,监测站,颗粒物(PM10),83,115,143,40,30,167,,142,142,4,11,3,5,0.2,0.3
2024-06-24T1700,2398A,113.7906,33.9953,许昌市,开发区,颗粒物(PM10),81,111,129,35,31,178,,152,152,9,16,7,8,0.1,0.1
2024-06-24T1700,3134A,113.8172,34.0339,许昌市,市一中,颗粒物(PM10),86,121,143,35,37,170,,146,146,8,15,2,4,0.1,0.2
2024-06-24T1700,3337A,113.8614,34.0442,许昌市,许昌学院,颗粒物(PM10),89,127,140,47,35,173,,149,149,6,12,4,6,0.2,0.3
2024-06-24T1700,3338A,113.843,34.0823,许昌市,芙蓉广场,颗粒物(PM10),89,127,130,35,29,167,,146,146,8,16,6,8,0.3,0.4
2024-06-24T1700,3597A,113.8134,34.1251,许昌市,建安区兴业大厦,颗粒物(PM10),93,136,164,40,39,160,,140,140,7,14,2,5,0.2,0.2
2024-06-24T1700,2316A,118.7581,30.9454,宣城市,鳌峰子站,,17,12,16,7,6,52,,54,54,1,3,3,3,0.5,0.5
2024-06-24T1700,2317A,118.7385,30.9743,宣城市,敬亭山子站,,,19,19,6,5,53,,50,50,4,7,4,4,,0.5
2024-06-24T1700,2318A,118.7173,30.9427,宣城市,开发区子站,,23,23,18,6,6,55,,54,54,3,4,4,4,0.5,0.4
2024-06-24T1700,3470A,118.7724,30.9141,宣城市,夏渡子站,,25,25,20,6,9,40,,48,48,1,4,5,5,0.6,0.5
2024-06-24T1700,2554A,103.0475,30.02,雅安市,建安厂,,24,20,28,7,17,75,,77,76,28,32,10,9,0.3,0.3
2024-06-24T1700,2555A,103.0111,29.9833,雅安市,市政府,,25,15,30,6,14,79,,76,76,20,16,10,9,0.3,0.4
2024-06-24T1700,2556A,102.9905,29.9775,雅安市,川农大,,17,9,24,3,15,54,,59,59,10,15,9,9,0.3,0.5
2024-06-24T1700,3700A,103.0456,29.9956,雅安市,康养中心,,,20,26,8,17,110,,110,101,7,9,10,11,,
2024-06-24T1700,1642A,121.2514,37.5639,烟台市,开发区,,30,12,69,3,25,94,,94,94,8,12,6,5,0.5,0.6
2024-06-24T1700,1643A,121.3719,37.5433,烟台市,轴承厂,,29,9,72,3,26,92,,103,103,7,12,4,6,0.2,0.3
2024-06-24T1700,1644A,121.3181,37.5436,烟台市,西郊化工站,,30,17,68,3,31,93,,100,100,7,12,4,5,0.3,0.3
2024-06-24T1700,1645A,121.4478,37.4822,烟台市,莱山环保局,,27,6,52,3,20,86,,100,100,2,8,9,10,0.2,0.3
2024-06-24T1700,1646A,121.2611,37.4967,烟台市,福山环保局,,29,7,70,3,23,90,,102,102,8,12,4,5,0.5,0.5
2024-06-24T1700,3057A,121.5992,37.4014,烟台市,牟平检察院,,33,17,68,3,19,105,,109,109,6,10,8,9,0.1,0.2
2024-06-24T1700,3366A,121.5206,37.4336,烟台市,中国农业大学,,33,7,60,3,23,103,,116,116,8,13,3,4,0.3,0.4
2024-06-24T1700,1926A,109.4131,36.6275,延安市,枣园,颗粒物(PM10),95,139,80,40,24,128,,113,113,5,16,7,7,0.4,0.5
2024-06-24T1700,1927A,109.4761,36.6028,延安市,延大医附院,颗粒物(PM10),104,158,86,41,21,122,,107,107,4,18,4,4,0.2,0.2
2024-06-24T1700,1929A,109.5056,36.6106,延安市,百米大道,颗粒物(PM10),89,128,83,43,26,119,,104,104,8,19,5,5,0.3,0.4
2024-06-24T1700,3652A,109.4809,36.5786,延安市,西北局旧址,颗粒物(PM10),92,134,79,43,22,119,,104,104,9,17,4,4,0.3,0.4
2024-06-24T1700,2237A,129.47,42.8883,延边朝鲜族自治州,妇幼医院,,23,23,13,13,8,47,,48,48,10,10,5,5,0.6,0.5
2024-06-24T1700,2238A,129.5055,42.9108,延边朝鲜族自治州,延边医院,,24,24,12,10,7,39,,46,46,10,9,7,6,0.5,0.4
2024-06-24T1700,2239A,129.3964,42.8881,延边朝鲜族自治州,朝阳川镇医院,,37,37,12,10,4,54,,52,52,8,8,7,6,0.5,0.4
2024-06-24T1700,1215A,120.118,33.4022,盐城市,盐城电厂,颗粒物(PM10),82,114,62,39,27,167,,186,185,13,12,6,6,0.4,0.4
2024-06-24T1700,1216A,120.156,33.3942,盐城市,市监测站,颗粒物(PM10),81,112,58,36,23,156,,170,169,10,12,6,7,0.4,0.4
2024-06-24T1700,1218A,120.2144,33.38,盐城市,开发区管委会,颗粒物(PM10),76,102,57,34,23,153,,160,160,6,10,6,6,0.7,0.7
2024-06-24T1700,3004A,120.1544,33.3663,盐城市,宝龙广场,颗粒物(PM10),78,105,57,36,23,157,,173,172,6,9,7,8,0.6,0.6
2024-06-24T1700,3293A,120.1501,33.3367,盐城市,月亮广场,颗粒物(PM10),74,98,53,37,24,158,,168,168,4,8,6,6,0.5,0.6
2024-06-24T1700,3436A,120.4279,33.205,盐城市,大丰高级中学,颗粒物(PM10),74,97,51,36,22,170,,174,174,5,12,4,7,0.4,0.4
2024-06-24T1700,1186A,119.389,32.3761,扬州市,邗江监测站,颗粒物(PM10),82,114,42,37,15,170,,153,153,21,20,9,8,0.6,0.8
2024-06-24T1700,2869A,119.447,32.4155,扬州市,五台山医院,颗粒物(PM10),65,80,32,37,15,169,,149,149,14,18,5,6,0.6,0.6
2024-06-24T1700,3164A,119.4686,32.3942,扬州市,广陵建设局,颗粒物(PM10),61,72,34,36,15,165,,144,144,13,15,9,9,0.7,0.8
2024-06-24T1700,3195A,119.3633,32.3972,扬州市,市体育局,颗粒物(PM10),74,97,43,32,14,165,,141,141,11,17,6,6,0.5,0.6
2024-06-24T1700,3294A,119.5653,32.4222,扬州市,引江管理处,颗粒物(PM10),62,73,34,36,15,157,,140,140,12,20,7,7,0.9,0.9
2024-06-24T1700,1699A,111.9797,21.8593,阳江市,鸳鸯湖,,18,9,12,3,5,56,,59,59,1,2,6,6,0.5,0.5
2024-06-24T1700,1701A,111.9491,21.8658,阳江市,马南垌,,23,23,11,12,4,48,,51,51,4,5,4,4,0.5,0.4
2024-06-24T1700,3317A,111.9765,21.8947,阳江市,两阳中学,,16,12,10,3,7,50,,52,52,2,7,7,7,0.3,0.3
2024-06-24T1700,3453A,112.0125,21.8749,阳江市,阳东陶然,,15,10,10,7,6,48,,52,52,2,3,3,4,0.4,0.5
2024-06-24T1700,1738A,113.5758,37.8572,阳泉市,市中心,,44,34,144,11,34,138,,115,115,9,23,4,5,0.4,0.5
2024-06-24T1700,1739A,113.4894,37.8731,阳泉市,赛鱼,,50,50,155,22,47,133,,113,113,8,36,3,4,0.5,0.5
2024-06-24T1700,1740A,113.5819,37.8486,阳泉市,南庄,,49,49,163,15,38,140,,118,118,11,21,5,5,0.3,0.3
2024-06-24T1700,1742A,113.5614,37.8703,阳泉市,平坦,,43,42,144,14,38,136,,115,115,10,22,6,7,0.4,0.4
2024-06-24T1700,1743A,113.5158,37.8392,阳泉市,大阳泉,,44,43,139,15,44,138,,116,116,12,15,4,5,0.4,0.5
2024-06-24T1700,3619A,113.617,37.8571,阳泉市,龙柱,,41,39,143,12,48,130,,113,113,18,27,5,10,0.2,0.4
2024-06-24T1700,2252A,128.5159,47.4311,伊春市,环保局,,22,9,12,3,5,68,,69,69,5,8,5,5,0.2,0.2
2024-06-24T1700,2253A,128.9102,47.7412,伊春市,电力嘉园,,23,,17,16,12,60,,62,62,10,12,3,5,0.2,0.2
2024-06-24T1700,2254A,129.5029,48.471,伊春市,汤旺河国家公园,,21,15,13,3,4,66,,68,68,5,5,5,6,0.2,0.3
2024-06-24T1700,3342A,128.4741,47.4346,伊春市,中心小学,,21,15,14,7,6,67,,67,67,4,5,8,8,0.2,0.2
2024-06-24T1700,3343A,128.6871,47.7369,伊春市,检察院,,19,19,20,3,13,59,,60,60,9,7,2,2,0.3,0.3
2024-06-24T1700,3344A,128.8431,47.8474,伊春市,双子河社区,,22,9,10,9,7,69,,75,75,6,8,6,7,0.2,0.3
2024-06-24T1700,3480A,129.1368,47.6417,伊春市,美溪镇,,20,16,17,3,6,62,,63,63,7,9,10,10,0.3,0.3
2024-06-24T1700,2703A,81.2815,43.9404,伊犁哈萨克自治州,市环保局,臭氧1小时,62,41,63,30,27,169,,129,129,13,30,8,8,0.4,0.6
2024-06-24T1700,2704A,81.2996,43.9174,伊犁哈萨克自治州,新政府片区,,49,,52,31,20,155,,117,117,7,19,7,6,0.6,0.8
2024-06-24T1700,2705A,81.3364,43.941,伊犁哈萨克自治州,第二水厂,,42,40,58,3,22,133,,115,115,5,22,6,7,0.4,0.7
2024-06-24T1700,1882A,104.563,28.793,宜宾市,石马中学,,,,,,,,,,,,,,,,
2024-06-24T1700,1883A,104.6201,28.7728,宜宾市,市委,,30,30,28,14,12,54,,47,32,28,27,5,7,0.5,0.5
2024-06-24T1700,1884A,104.6055,28.793,宜宾市,宜宾四中,,32,32,30,16,16,59,,54,35,26,25,7,11,0.5,0.5
2024-06-24T1700,1885A,104.639,28.7562,宜宾市,市政府,,32,32,31,18,16,74,,47,47,16,24,7,7,0.4,0.4
2024-06-24T1700,1886A,104.5742,28.7199,宜宾市,黄金嘴,,28,28,24,13,12,64,,51,38,13,16,8,9,0.5,0.5
2024-06-24T1700,3728A,104.68,28.8071,宜宾市,白酒学院,,35,35,34,18,15,57,,43,35,20,22,6,10,0.4,0.4
2024-06-24T1700,1840A,111.2992,30.6981,宜昌市,白龙岗,细颗粒物(PM2.5),52,44,35,36,21,89,,55,55,20,24,6,7,0.5,0.5
2024-06-24T1700,1841A,111.3549,30.6465,宜昌市,伍家岗,,,35,26,29,22,96,,58,58,,28,5,5,0.4,0.4
2024-06-24T1700,1842A,111.2628,30.6961,宜昌市,点军区,,35,32,35,24,17,92,,63,63,20,26,5,5,0.4,0.4
2024-06-24T1700,1843A,111.3275,30.7819,宜昌市,夷陵区,,30,30,34,14,18,82,,73,73,18,18,3,3,0.5,0.6
2024-06-24T1700,3546A,111.4606,30.552,宜昌市,猇亭区张家湾站,,,56,39,31,19,69,,59,59,38,20,,6,0.5,0.6
2024-06-24T1700,3653A,111.3119,30.7273,宜昌市,云深路,,30,27,38,21,23,75,,62,62,31,23,10,8,0.5,0.5
2024-06-24T1700,2371A,114.3408,27.8064,宜春市,槟榔水业,,,,,,,,,,,,,,,,
2024-06-24T1700,2373A,114.3956,27.7844,宜春市,市石油公司,,20,14,28,10,17,64,,34,34,7,10,4,4,0.6,0.7
2024-06-24T1700,2374A,114.3703,27.7914,宜春市,市气象局,,27,20,38,3,18,86,,37,37,6,10,3,6,0.7,0.9
2024-06-24T1700,2375A,114.4013,27.8074,宜春市,市广电局,,16,11,27,9,15,50,,25,25,6,8,1,1,0.5,0.5
2024-06-24T1700,3151A,114.375,27.8097,宜春市,宜春学院北校区,,27,15,28,3,18,84,,41,41,4,7,4,7,0.4,0.6
2024-06-24T1700,3415A,114.4519,28.0828,宜春市,万载县环保局,,34,,24,3,14,106,,58,58,8,18,14,16,0.4,0.6
2024-06-24T1700,2467A,112.4067,28.6428,益阳市,甘溪港,,33,,9,3,8,103,,85,85,2,4,2,2,0.3,0.4
2024-06-24T1700,2468A,112.3458,28.5808,益阳市,市环保局,,31,17,49,3,13,99,,83,83,4,9,7,7,0.3,0.5
2024-06-24T1700,2469A,112.3437,28.5531,益阳市,市特殊教育学校,,32,31,43,10,14,100,,83,83,6,11,6,7,0.4,0.6
2024-06-24T1700,2470A,112.3347,28.6047,益阳市,资阳区政务中心,,30,17,29,3,16,95,,78,78,6,11,5,7,0.5,0.7
2024-06-24T1700,2471A,112.3744,28.5819,益阳市,赫山环保分局,,29,26,52,3,8,90,,78,78,10,17,6,7,0.4,0.6
2024-06-24T1700,1484A,105.9512,38.6016,银川市,贺兰山马莲口,颗粒物(PM10),405,505,396,135,112,110,,94,94,6,7,5,6,0.2,0.3
2024-06-24T1700,1488A,106.2328,38.4975,银川市,贺兰山东路,颗粒物(PM10),350,460,416,144,116,110,,95,95,9,11,5,5,0.4,0.3
2024-06-24T1700,1489A,106.1358,38.5036,银川市,学院路,颗粒物(PM10),307,425,385,95,88,114,,97,97,9,12,4,6,0.3,0.3
2024-06-24T1700,2924A,106.2266,38.4418,银川市,水乡路,颗粒物(PM10),296,417,383,105,98,112,,98,98,10,11,8,8,0.4,0.4
2024-06-24T1700,2925A,106.2757,38.4842,银川市,上海东路,颗粒物(PM10),197,344,351,108,109,105,,89,89,7,9,12,12,0.2,0.2
2024-06-24T1700,2926A,106.1015,38.497,银川市,文昌北街,颗粒物(PM10),302,421,359,119,99,118,,97,97,7,14,6,7,0.6,0.6
2024-06-24T1700,3523A,106.5105,38.3856,银川市,滨河新区,颗粒物(PM10),343,454,364,139,110,123,,105,105,6,7,6,9,0.4,0.4
2024-06-24T1700,2357A,116.9822,28.1136,鹰潭市,龙虎山,,,,,,,,,,,,,,,,
2024-06-24T1700,2358A,117.0564,28.2642,鹰潭市,新监测站,,28,19,23,6,15,89,,76,76,13,8,14,12,0.5,0.4
2024-06-24T1700,2359A,117.0311,28.2475,鹰潭市,财苑宾馆,,24,24,28,3,12,75,,69,69,14,7,11,9,0.4,0.4
2024-06-24T1700,2360A,117.0222,28.2264,鹰潭市,体育馆,,29,15,26,3,14,90,,73,73,8,8,11,12,0.2,0.4
2024-06-24T1700,2361A,117.0017,28.2131,鹰潭市,三川水表,,26,10,27,3,8,82,,65,65,8,9,12,8,0.3,0.4
2024-06-24T1700,1597A,122.2703,40.7094,营口市,大庆路,,33,17,49,3,12,105,,102,102,12,14,4,4,0.6,0.7
2024-06-24T1700,1598A,122.2150,40.6511,营口市,镜湖西路,,36,16,49,3,9,114,,103,103,11,14,5,5,0.5,0.5
2024-06-24T1700,1599A,122.1658,40.6789,营口市,西炮台,,36,18,43,6,12,114,,106,106,8,11,6,5,0.4,0.4
2024-06-24T1700,3379A,122.1139,40.2278,营口市,鲅鱼圈市民活动中心,,40,17,49,3,14,125,,113,113,7,12,9,9,0.5,0.8
2024-06-24T1700,3866A,122.2469,40.66302,营口市,三高中,,36,17,49,3,11,114,,108,108,15,18,6,6,0.5,0.4
2024-06-24T1700,4006A,122.3622,40.6762,营口市,老边实验小学,,33,9,39,3,13,105,,104,104,8,11,5,5,0.4,0.5
2024-06-24T1700,2477A,111.6217,26.2081,永州市,零陵南津渡,,,,,,,,,,,,,,,,
2024-06-24T1700,2478A,111.6156,26.4214,永州市,市环境监测站,,16,11,19,7,13,49,,65,65,7,7,8,12,0.7,0.6
2024-06-24T1700,2479A,111.6236,26.2331,永州市,零陵区环保局,,17,17,22,9,13,46,,60,60,11,8,10,12,0.5,0.5
2024-06-24T1700,2480A,111.5992,26.4364,永州市,永州市环保局,,15,10,19,6,13,45,,60,60,10,9,7,10,0.5,0.6
2024-06-24T1700,2481A,111.5989,26.4519,永州市,冷水滩区环保局,,15,10,20,3,13,47,,60,60,6,7,7,14,0.5,0.5
2024-06-24T1700,2638A,109.7414,38.3344,榆林市,红石峡森林公园,颗粒物(PM10),69,88,145,23,57,147,,120,120,6,20,7,8,0.4,0.4
2024-06-24T1700,2639A,109.7456,38.2911,榆林市,世纪广场,颗粒物(PM10),53,56,118,25,38,130,,113,113,8,23,10,11,0.4,0.4
2024-06-24T1700,2640A,109.7289,38.2839,榆林市,实验中学,颗粒物(PM10),60,70,130,31,40,134,,115,115,10,20,8,9,0.4,0.4
2024-06-24T1700,2641A,109.7336,38.2478,榆林市,环保监测大楼,颗粒物(PM10),62,74,122,24,36,130,,111,111,10,21,8,11,0.5,0.5
2024-06-24T1700,2509A,110.1106,22.7019,玉林市,寒山水库,,16,16,19,8,9,40,,42,42,3,6,6,6,0.6,0.6
2024-06-24T1700,2510A,110.1675,22.6411,玉林市,市监测站,,18,18,17,10,6,52,,53,53,2,6,3,4,0.5,0.5
2024-06-24T1700,2511A,110.1433,22.6164,玉林市,南江一中,,27,27,26,10,7,54,,54,54,5,7,3,4,0.6,0.6
2024-06-24T1700,3532A,110.1945,22.6831,玉林市,玉林师范学院东校区,,15,10,13,3,6,45,,46,46,8,12,1,3,0.4,0.4
2024-06-24T1700,3533A,110.0527,22.5893,玉林市,福绵环保局,,,,15,,12,54,,53,53,9,10,1,4,0.5,0.5
2024-06-24T1700,2675A,97,33.0014,玉树藏族自治州,玉树县结古镇,,39,6,5,3,2,122,,110,110,2,5,7,7,0.4,0.4
2024-06-24T1700,1715A,102.575,24.3711,玉溪市,东风水库,,32,18,22,9,13,100,,74,74,6,12,5,6,0.4,0.6
2024-06-24T1700,2882A,102.5389,24.3703,玉溪市,玉溪一中,,33,15,22,3,9,105,,76,76,8,14,8,9,0.4,0.8
2024-06-24T1700,2883A,102.5381,24.3389,玉溪市,文体中心,,31,20,23,8,11,98,,69,69,11,18,8,9,0.5,0.8
2024-06-24T1700,1847A,113.1094,29.3578,岳阳市,南湖风景区,,24,11,13,7,9,75,,82,82,3,8,6,6,0.6,0.6
2024-06-24T1700,1848A,113.1493,29.4251,岳阳市,城陵矶,,23,14,12,3,6,71,,74,74,13,17,6,6,0.6,0.6
2024-06-24T1700,1849A,113.1497,29.3575,岳阳市,开发区,,23,14,10,9,6,72,,80,79,5,10,4,4,0.4,0.5
2024-06-24T1700,1850A,113.2621,29.4758,岳阳市,云溪区,,21,8,9,3,4,66,,68,68,8,7,5,5,0.3,0.3
2024-06-24T1700,1851A,112.9943,29.4402,岳阳市,君山区,,28,10,10,3,7,89,,89,89,6,9,5,5,0.4,0.5
2024-06-24T1700,1852A,113.2117,29.355,岳阳市,金凤水库,,,15,9,12,5,53,,72,68,,8,,3,0.6,0.7
2024-06-24T1700,1712A,112.0392,22.9169,云浮市,新市府,,12,12,15,6,5,37,,42,42,1,6,5,5,0.6,0.6
2024-06-24T1700,1714A,112.0539,22.9539,云浮市,牧羊,,20,20,19,8,5,31,,46,46,14,16,6,8,0.5,0.5
2024-06-24T1700,3628A,112.0336,22.9374,云浮市,文笔,,16,11,9,11,10,39,,51,50,6,13,3,4,0.4,0.5
2024-06-24T1700,2175A,110.9956,35.0147,运城市,运城中学,颗粒物(PM10),125,200,104,48,25,154,,140,140,7,14,7,10,0.5,0.7
2024-06-24T1700,2178A,110.9686,35.0303,运城市,地区技校,颗粒物(PM10),131,211,112,42,26,145,,132,132,6,18,8,12,0.4,0.7
2024-06-24T1700,2179A,111.0414,35.1147,运城市,空港新区,颗粒物(PM10),145,240,135,65,36,160,,135,135,9,24,10,15,0.5,0.8
2024-06-24T1700,3667A,111.0283,35.0547,运城市,水利职院,颗粒物(PM10),126,202,108,56,36,162,,149,149,8,21,6,9,0.4,0.6
2024-06-24T1700,3670A,111.0522,35.0439,运城市,禹都公园,颗粒物(PM10),128,206,101,61,28,158,,144,144,4,14,7,10,0.5,0.4
2024-06-24T1700,1637A,117.558,34.8438,枣庄市,市中区政府,颗粒物(PM10),118,185,165,73,47,168,,153,153,18,20,7,5,0.4,0.4
2024-06-24T1700,1638A,117.2852,34.7837,枣庄市,薛城环保局,颗粒物(PM10),119,188,160,49,43,200,,175,175,17,23,9,10,0.8,0.7
2024-06-24T1700,1639A,117.5852,34.7745,枣庄市,峄城区政府,颗粒物(PM10),125,200,174,46,37,179,,157,157,19,21,7,9,0.4,0.4
2024-06-24T1700,1640A,117.7276,34.5578,枣庄市,台儿庄区环保局,颗粒物(PM10),115,180,183,46,45,173,,154,154,17,23,6,8,0.6,0.6
2024-06-24T1700,1641A,117.4518,35.0992,枣庄市,山亭区环保局,颗粒物(PM10),74,97,135,37,36,147,,135,135,15,17,7,9,0.6,0.6
2024-06-24T1700,3364A,117.3152,34.8103,枣庄市,市环保局,颗粒物(PM10),128,205,154,51,36,194,,163,163,22,23,8,9,0.5,0.5
2024-06-24T1700,1680A,110.3539,21.2706,湛江市,湛江影剧院,,24,24,14,3,3,66,,64,64,4,4,7,6,0.5,0.5
2024-06-24T1700,1681A,110.3928,21.2228,湛江市,市环境监测站,,26,26,12,7,5,61,,59,59,2,2,5,4,0.5,0.5
2024-06-24T1700,1682A,110.4019,21.1997,湛江市,环保局宿舍,,18,17,12,7,4,56,,55,55,4,4,6,6,0.4,0.4
2024-06-24T1700,1683A,110.4111,21.2028,湛江市,霞山游泳场,,18,10,10,9,4,56,,53,53,4,4,6,6,0.4,0.4
2024-06-24T1700,1684A,110.3316,21.2679,湛江市,麻章区环保局,,24,24,13,6,5,66,,65,65,7,6,7,6,0.6,0.6
2024-06-24T1700,1685A,110.4558,21.2567,湛江市,坡头区环保局,,20,8,10,6,3,64,,61,61,4,4,6,5,0.4,0.3
2024-06-24T1700,1858A,110.5319,29.1217,张家界市,永定新区,,20,13,15,3,7,61,,66,65,10,8,2,2,0.0,0.1
2024-06-24T1700,1859A,110.4697,29.1242,张家界市,电业局,,17,14,11,8,9,54,,59,59,6,5,6,6,0.3,0.4
2024-06-24T1700,1860A,110.5594,29.3547,张家界市,未央路,,26,,20,18,18,33,,48,47,3,6,3,3,0.2,0.2
2024-06-24T1700,1861A,110.4417,29.315,张家界市,袁家界,,17,9,12,6,7,53,,100,63,18,9,6,6,0.7,0.7
2024-06-24T1700,1057A,114.8883,40.8336,张家口市,人民公园,,36,11,27,11,11,114,,109,109,3,5,3,3,0.2,0.2
2024-06-24T1700,1059A,114.8687,40.8042,张家口市,五金库,,34,13,26,3,6,107,,101,101,9,10,1,1,0.1,0.2
2024-06-24T1700,1060A,114.8902,40.762,张家口市,世纪豪园,,35,10,27,3,12,110,,102,102,6,10,3,3,0.2,0.2
2024-06-24T1700,1061A,114.8916,40.8661,张家口市,北泵房,,35,,26,12,8,112,,111,111,3,7,8,8,0.1,0.2
2024-06-24T1700,3131A,114.879,40.7993,张家口市,烟厂,,35,13,32,7,13,111,,104,104,7,8,5,3,0.4,0.4
2024-06-24T1700,3323A,115.2773,40.9724,张家口市,青少年活动中心,,33,15,19,3,9,103,,105,105,3,5,2,1,0.3,0.3
2024-06-24T1700,2654A,100.4698,38.9524,张掖市,润泉湖,,46,30,47,12,17,147,,122,122,4,10,6,7,0.2,0.2
2024-06-24T1700,2655A,100.4154,38.9422,张掖市,区工会,,46,46,42,14,15,146,,125,125,5,10,6,6,0.2,0.3
2024-06-24T1700,2075A,117.6336,24.4674,漳州市,九湖,,,,,,,,,,,,,,,,
2024-06-24T1700,2920A,117.7116,24.506,漳州市,蓝田镇,,14,12,7,6,3,42,,42,42,9,8,4,4,0.3,0.3
2024-06-24T1700,3216A,114.6622,24.5183,漳州市,漳州党校,,27,27,14,11,4,39,,36,36,22,10,5,4,0.5,0.4
2024-06-24T1700,3530A,117.6296,24.5314,漳州市,西洋坪路,,18,17,11,12,8,42,,43,43,10,6,4,4,0.6,0.5
2024-06-24T1700,2596A,103.7667,27.3736,昭通市,监测站,,32,19,30,7,18,100,,110,110,13,13,6,6,0.3,0.3
2024-06-24T1700,2597A,103.7225,27.3361,昭通市,环保局,,32,16,27,10,19,100,,114,114,15,16,4,5,0.2,0.4
2024-06-24T1700,1397A,112.4267,23.0706,肇庆市,睦岗子站,,19,16,15,8,6,58,,58,58,13,15,9,7,0.3,0.4
2024-06-24T1700,1398A,112.4645,23.0475,肇庆市,城中子站,,17,13,16,6,8,54,,59,59,20,20,8,6,0.4,0.4
2024-06-24T1700,1399A,112.5544,23.1522,肇庆市,坑口子站,,17,10,11,6,6,54,,52,52,11,15,8,7,0.6,0.6
2024-06-24T1700,1400A,112.4753,23.1,肇庆市,七星岩子站,,,,,,,,,,,,,,,,
2024-06-24T1700,3313A,112.4575,23.0166,肇庆市,高要湖西,,21,21,20,7,7,62,,65,65,6,10,7,6,0.5,0.5
2024-06-24T1700,3451A,112.5617,23.2083,肇庆市,鼎湖凤凰,,22,10,14,7,6,69,,76,76,7,8,8,6,0.5,0.5
2024-06-24T1700,1203A,119.6707,32.1875,镇江市,新区办事处,颗粒物(PM10),52,54,30,26,15,154,,123,123,28,20,6,6,0.7,0.7
2024-06-24T1700,1204A,119.4974,32.1968,镇江市,职教中心,,,59,29,29,17,144,,144,144,32,16,,8,0.9,0.8
2024-06-24T1700,1205A,119.4303,32.1328,镇江市,丹徒区监测站,颗粒物(PM10),52,54,32,28,16,159,,131,131,16,14,5,4,0.7,0.6
2024-06-24T1700,2870A,119.4424,32.1873,镇江市,市疾控中心,颗粒物(PM10),52,53,31,28,16,144,,127,127,16,16,9,9,0.7,0.8
2024-06-24T1700,3287A,119.3842,32.1976,镇江市,富润路1号,臭氧1小时,55,49,32,28,19,164,,129,129,14,23,7,8,0.9,1.1
2024-06-24T1700,1316A,113.69031,34.76122,郑州市,烟厂,颗粒物(PM10),92,133,147,38,40,169,,140,140,15,22,5,6,0.3,0.3
2024-06-24T1700,1317A,113.65724,34.77134,郑州市,郑纺机,颗粒物(PM10),89,127,151,37,35,168,,140,140,11,13,4,4,0.3,0.3
2024-06-24T1700,1318A,113.67526,34.80246,郑州市,银行学校,颗粒物(PM10),73,95,121,34,35,166,,137,137,9,14,4,5,0.3,0.3
2024-06-24T1700,1319A,113.56746,34.81334,郑州市,供水公司,颗粒物(PM10),86,122,151,36,34,178,,145,145,15,16,7,7,0.4,0.4
2024-06-24T1700,1320A,113.7329,34.7178,郑州市,经开区管委,颗粒物(PM10),85,120,140,38,34,165,,136,136,10,15,3,4,0.3,0.3
2024-06-24T1700,1321A,113.73961,34.77172,郑州市,四十七中,颗粒物(PM10),88,126,145,41,28,164,,135,135,8,13,6,7,0.3,0.3
2024-06-24T1700,1322A,113.60532,34.74838,郑州市,市监测站,颗粒物(PM10),91,132,158,33,35,178,,146,146,9,16,2,3,0.2,0.2
2024-06-24T1700,1323A,113.64164,34.7525,郑州市,河医大,颗粒物(PM10),95,140,156,34,28,173,,140,140,15,20,6,6,0.4,0.4
2024-06-24T1700,1324A,113.51488,34.91089,郑州市,岗李水库,,,,,,,,,,,,,,,,
2024-06-24T1700,3471A,113.616563,34.86783,郑州市,惠济区政府,颗粒物(PM10),90,130,148,35,40,170,,139,139,10,15,6,6,0.4,0.4
2024-06-24T1700,3590A,113.8374,34.5589,郑州市,北区建设指挥部,颗粒物(PM10),90,130,146,35,29,174,,151,151,9,19,5,5,0.4,0.5
2024-06-24T1700,3591A,113.30952,34.803229,郑州市,上街区政府,颗粒物(PM10),98,146,146,40,35,170,,139,139,10,15,5,5,0.3,0.3
2024-06-24T1700,1379A,113.3769,22.5211,中山市,华柏园,,18,18,10,7,4,48,,48,48,7,7,7,7,0.2,0.3
2024-06-24T1700,1380A,113.3881,22.5497,中山市,张溪,,19,13,11,11,6,58,,56,56,3,4,6,6,0.3,0.4
2024-06-24T1700,1381A,113.4075,22.5111,中山市,紫马岭,,19,16,10,10,5,58,,55,55,6,6,6,6,0.1,0.1
2024-06-24T1700,1382A,113.4411,22.4853,中山市,长江旅游区,,,,,,,,,,,,,,,,
2024-06-24T1700,3454A,113.3528,22.478,中山市,中山南区,,16,12,7,3,3,50,,53,53,5,6,4,4,0.4,0.4
2024-06-24T1700,2680A,105.0025,37.4635,中卫市,沙坡头消防站,,,,,,,,,,,,,,,,
2024-06-24T1700,2682A,105.1971,37.5002,中卫市,环保局站,颗粒物(PM10),126,202,174,70,45,140,,111,111,11,19,12,9,0.2,0.3
2024-06-24T1700,3650A,105.1698,37.5162,中卫市,沙坡头区政府站,颗粒物(PM10),151,252,174,77,49,139,,115,115,14,16,16,11,0.4,0.4
2024-06-24T1700,1414A,106.3787,29.8279,重庆市,缙云山,,19,18,23,3,7,58,,119,86,14,7,9,9,0.1,0.1
2024-06-24T1700,1416A,106.4213,29.8253,重庆市,天生,,30,30,41,18,26,51,,34,34,25,30,6,8,0.6,0.7
2024-06-24T1700,1417A,106.6263,29.7228,重庆市,两路,,34,34,42,16,22,67,,61,61,30,35,5,6,0.6,0.8
2024-06-24T1700,1418A,106.2953,29.5983,重庆市,虎溪,,32,32,40,14,24,91,,77,77,12,23,6,7,0.4,0.6
2024-06-24T1700,1419A,106.5777,29.5102,重庆市,南坪,细颗粒物(PM2.5),53,42,53,37,34,81,,55,55,20,28,7,13,0.2,0.4
2024-06-24T1700,1420A,106.6556,29.6277,重庆市,唐家沱,颗粒物(PM10),52,53,47,27,28,54,,44,44,40,39,7,8,0.6,0.7
2024-06-24T1700,1421A,106.6349,29.4906,重庆市,茶园,,46,36,49,32,27,66,,57,57,18,27,7,8,0.7,0.8
2024-06-24T1700,1422A,106.3754,29.4572,重庆市,白市驿,,29,29,35,17,20,68,,73,46,16,19,6,9,0.6,0.8
2024-06-24T1700,1425A,106.6205,29.7166,重庆市,空港,,42,42,44,24,31,73,,64,64,25,32,8,8,0.7,0.8
2024-06-24T1700,1426A,106.4782,29.4875,重庆市,新山村,细颗粒物(PM2.5),52,41,45,36,34,67,,46,46,24,35,4,9,0.4,0.6
2024-06-24T1700,1427A,106.5616,29.6453,重庆市,礼嘉,,,21,39,21,26,72,,60,60,25,35,,7,0.4,0.6
2024-06-24T1700,1428A,106.4522,29.7091,重庆市,蔡家,,33,,40,23,27,73,,61,61,14,29,6,6,0.5,0.7
2024-06-24T1700,1429A,106.5093,29.3917,重庆市,鱼新街,,45,42,47,31,33,61,,42,42,26,37,8,11,0.8,0.9
2024-06-24T1700,3014A,106.4958,29.5346,重庆市,歇台子,,35,35,50,20,25,62,,48,48,26,30,6,9,0.6,0.7
2024-06-24T1700,3015A,106.4037,29.5728,重庆市,龙井湾,,30,30,38,9,16,77,,60,60,13,19,5,6,0.5,0.6
2024-06-24T1700,3016A,106.5507,29.4153,重庆市,龙洲湾,,47,47,51,30,32,54,,40,40,22,23,7,10,0.6,0.7
2024-06-24T1700,3133A,106.5468,29.5654,重庆市,上清寺,,45,45,48,21,29,62,,43,43,29,38,6,10,0.7,0.9
2024-06-24T1700,3346A,108.3872,31.1628,重庆市,安康,细颗粒物(PM2.5),55,42,42,39,25,90,,61,61,15,23,7,6,0.6,0.6
2024-06-24T1700,3347A,105.9017,29.3569,重庆市,北山路,,29,29,27,14,19,58,,43,43,15,23,3,4,0.5,0.7
2024-06-24T1700,3348A,105.839,30.1946,重庆市,春阳街,,29,25,35,20,29,85,,62,62,10,14,8,7,0.6,0.6
2024-06-24T1700,3349A,107.7983,30.6758,重庆市,人民东路,细颗粒物(PM2.5),72,64,59,52,40,91,,78,78,14,18,5,6,0.8,0.8
2024-06-24T1700,3350A,106.6479,29.0244,重庆市,滩子口,,38,38,51,21,29,79,,49,49,11,15,6,12,0.4,0.5
2024-06-24T1700,3351A,105.7167,29.7076,重庆市,棠香,,26,26,31,15,19,82,,68,68,8,14,6,5,0.5,0.6
2024-06-24T1700,3352A,107.0732,29.8617,重庆市,桃源西路,,,,45,,31,62,,74,72,,19,12,15,0.8,0.7
2024-06-24T1700,3353A,107.3535,29.7287,重庆市,迎宾大道,,,31,37,24,24,68,,52,52,12,16,,4,0.8,0.8
2024-06-24T1700,3354A,108.815,29.5081,重庆市,舟白,,36,33,28,25,19,56,,52,52,22,12,23,9,0.9,0.5
2024-06-24T1700,3355A,108.3679,30.8426,重庆市,周家坝,细颗粒物(PM2.5),63,46,48,45,28,43,,40,40,45,37,14,14,0.9,0.7
2024-06-24T1700,3356A,108.4319,30.7555,重庆市,百安坝,细颗粒物(PM2.5),64,53,51,46,27,92,,66,66,14,16,14,13,0.6,0.5
2024-06-24T1700,3482A,107.7541,29.3277,重庆市,芙蓉中路,颗粒物(PM10),52,53,35,28,22,65,,43,43,23,20,5,7,0.6,0.6
2024-06-24T1700,3483A,108.7661,29.5368,重庆市,西山,,20,18,24,10,18,62,,61,61,8,15,6,5,0.5,0.5
2024-06-24T1700,3484A,106.2628,29.32,重庆市,行政中心,,29,29,40,10,27,69,,46,46,21,23,4,5,0.6,0.7
2024-06-24T1700,3485A,107.0944,29.1608,重庆市,高寺路,细颗粒物(PM2.5),53,,35,37,34,59,,58,58,15,16,7,7,0.5,0.6
2024-06-24T1700,3599A,106.2649,29.9851,重庆市,书院路,,34,34,40,20,34,71,,51,51,12,21,4,7,0.5,0.7
2024-06-24T1700,3600A,106.2339,29.5559,重庆市,虎峰,,31,31,48,7,17,78,,62,62,12,17,7,9,0.8,0.8
2024-06-24T1700,3601A,106.0499,29.8342,重庆市,龙门街,,26,22,35,12,23,82,,72,60,12,20,9,15,0.5,0.7
2024-06-24T1700,3610A,105.5933,29.4105,重庆市,昌元,,31,31,31,7,15,72,,50,50,18,25,4,5,0.5,0.6
2024-06-24T1700,1258A,122.122,30.0203,舟山市,定海檀枫,,35,23,32,17,14,15,,47,38,70,34,6,6,0.6,0.6
2024-06-24T1700,1260A,122.19,29.9944,舟山市,临城新区,,35,25,29,12,17,4,,34,25,70,35,4,2,0.5,0.5
2024-06-24T1700,4033A,122.3123,29.9619,舟山市,普陀东港中学,,27,13,28,10,17,27,,59,43,54,35,6,6,0.4,0.4
2024-06-24T1700,2067A,114.6613,33.6128,周口市,市环境监测站,颗粒物(PM10),108,165,161,40,40,172,,159,159,14,18,5,5,0.3,0.3
2024-06-24T1700,2068A,114.6758,33.6347,周口市,周口师范,颗粒物(PM10),105,159,151,37,36,176,,162,162,7,14,5,5,0.5,0.5
2024-06-24T1700,2069A,114.6546,33.5979,周口市,市运管处,颗粒物(PM10),109,167,210,39,33,181,,166,166,11,20,4,4,0.6,0.7
2024-06-24T1700,2070A,114.6369,33.6406,周口市,川汇区环保局,颗粒物(PM10),101,152,146,37,40,177,,159,159,9,16,5,5,0.3,0.4
2024-06-24T1700,1515A,113.135,27.8244,株洲市,天台山庄,,27,10,18,3,9,86,,55,55,5,12,4,4,0.3,0.5
2024-06-24T1700,1518A,113.095,27.8867,株洲市,株冶医院,,30,12,18,6,11,96,,64,64,2,15,6,7,0.4,0.5
2024-06-24T1700,1519A,113.167,27.8667,株洲市,市四中,,,8,17,3,8,85,,57,57,6,11,,3,0.3,0.3
2024-06-24T1700,1520A,113.143,27.8381,株洲市,火车站,,26,12,20,3,9,81,,58,58,10,14,2,7,0.2,0.5
2024-06-24T1700,1524A,113.13,27.8528,株洲市,市监测站,,28,10,20,3,11,87,,58,58,5,12,5,5,0.5,0.6
2024-06-24T1700,1559A,113.251,27.8336,株洲市,大京风景区,,35,9,18,6,16,109,,62,62,2,5,4,5,0.2,0.4
2024-06-24T1700,2031A,113.1817,27.9958,株洲市,云田中学,,30,12,20,3,12,95,,76,76,3,4,5,5,0.5,0.6
2024-06-24T1700,1367A,113.5814,22.2618,珠海市,吉大,,20,20,15,3,7,52,,56,56,1,2,6,6,0.5,0.5
2024-06-24T1700,1368A,113.4881,22.2335,珠海市,前山,,15,13,12,3,5,45,,49,49,2,3,5,6,0.2,0.2
2024-06-24T1700,1369A,113.628,22.4251,珠海市,唐家,,18,15,12,6,4,55,,51,51,3,9,5,5,0.2,0.2
2024-06-24T1700,1370A,113.299,22.2281,珠海市,斗门,,18,,10,12,8,46,,48,48,5,5,7,7,0.4,0.4
2024-06-24T1700,3308A,113.3494,22.0569,珠海市,金湾,,16,14,11,10,7,51,,55,55,4,3,5,4,0.3,0.3
2024-06-24T1700,3448A,113.5433,22.1163,珠海市,横琴,,14,12,11,6,5,44,,47,47,3,4,5,5,0.4,0.5
2024-06-24T1700,2420A,114.0189,32.9656,驻马店市,市一纸厂,颗粒物(PM10),133,216,154,45,35,189,,158,158,9,13,10,9,0.3,0.3
2024-06-24T1700,2421A,114.0114,33.015,驻马店市,市彩印厂,颗粒物(PM10),135,220,141,51,36,197,,161,161,11,14,8,7,0.4,0.3
2024-06-24T1700,2422A,113.9976,32.9771,驻马店市,天方二分厂,颗粒物(PM10),130,209,159,51,43,188,,155,155,11,15,9,8,0.3,0.2
2024-06-24T1700,3339A,114.0012,33.0412,驻马店市,小管楼,颗粒物(PM10),138,226,141,61,39,192,,161,161,12,14,12,9,0.3,0.4
2024-06-24T1700,2561A,104.6617,30.1372,资阳市,莲花山,,42,25,46,10,22,132,,89,89,11,19,1,2,0.5,0.7
2024-06-24T1700,2562A,104.6356,30.1506,资阳市,资阳中学,,40,,34,17,26,126,,84,84,8,16,8,10,0.5,0.7
2024-06-24T1700,2563A,104.6295,30.1383,资阳市,四三一厂,,39,25,48,8,24,123,,80,80,7,16,7,9,0.5,0.7
2024-06-24T1700,2564A,104.6463,30.1146,资阳市,师范校,,39,14,43,11,27,122,,74,74,8,20,6,9,0.5,0.7
2024-06-24T1700,2565A,104.6296,30.1256,资阳市,区法院,,39,13,43,12,24,123,,78,78,9,20,5,8,0.5,0.7
2024-06-24T1700,1631A,118.0414,36.8103,淄博市,人民公园,颗粒物(PM10),52,53,155,19,45,149,,136,136,4,10,10,13,0.1,0.1
2024-06-24T1700,1633A,117.8525,36.4847,淄博市,双山,"颗粒物(PM10),细颗粒物(PM2.5)",75,100,168,55,58,162,,148,148,14,22,8,13,0.5,0.6
2024-06-24T1700,1634A,117.9592,36.6331,淄博市,气象站,颗粒物(PM10),67,83,165,39,57,166,,147,147,9,17,11,15,0.4,0.6
2024-06-24T1700,1635A,118.3092,36.8194,淄博市,莆田园,颗粒物(PM10),62,73,140,29,46,145,,135,135,12,16,9,11,0.4,0.4
2024-06-24T1700,3363A,117.9883,36.8372,淄博市,新区,颗粒物(PM10),57,63,147,24,46,136,,130,130,10,17,5,10,0.3,0.3
2024-06-24T1700,3644A,117.8661,36.805,淄博市,三金集团,颗粒物(PM10),57,64,154,27,51,150,,135,135,14,21,9,11,0.3,0.4
2024-06-24T1700,3645A,118.0253,36.8406,淄博市,东风化工厂,颗粒物(PM10),63,75,165,24,43,147,,138,138,11,15,9,12,0.2,0.2
2024-06-24T1700,3027A,104.72,29.3427,自贡市,青杠林路,,30,30,28,20,17,53,,39,33,20,18,8,8,0.4,0.4
2024-06-24T1700,3028A,104.776,29.3627,自贡市,檀木林体育馆,,31,31,28,21,18,58,,36,33,15,19,6,7,0.3,0.3
2024-06-24T1700,3360A,104.7894,29.3194,自贡市,南湖救助站,,42,36,29,29,26,44,,35,26,23,21,9,11,0.5,0.4
2024-06-24T1700,3638A,104.7636,29.3338,自贡市,轻化工大学,,27,27,24,9,11,59,,46,40,21,20,7,8,0.4,0.4
2024-06-24T1700,1911A,106.9222,27.6869,遵义市,丁字口,,19,12,23,3,11,58,,53,53,8,9,5,4,0.2,0.2
2024-06-24T1700,1912A,106.9242,27.7019,遵义市,凤凰山,,23,,13,6,10,72,,64,64,4,6,3,3,0.4,0.4
2024-06-24T1700,1913A,106.8906,27.6486,遵义市,忠庄,,36,27,25,9,11,114,,52,,7,11,1,2,0.3,0.4
2024-06-24T1700,1914A,106.9231,27.6506,遵义市,舟水桥,,23,18,26,8,9,73,,61,61,12,15,1,2,0.4,0.5
2024-06-24T1700,1915A,106.9178,27.72,遵义市,干田坝,,26,,14,18,13,72,,65,65,8,12,4,5,0.2,0.3
2024-06-24T1700,3536A,106.8547,27.5919,遵义市,第十二小学,,26,11,22,3,13,81,,65,65,6,10,3,3,0.2,0.3
