timepoint,stationcode,longitude,latitude,area,positionname,primarypollutant,aqi,pm10,pm10_24h,pm2_5,pm2_5_24h,o3,o3_24h,o3_8h,o3_8h_24h,no2,no2_24h,so2,so2_24h,co,co_24h
2024-02-07T0100,2566A,102.1879,31.914,阿坝藏族羌族自治州,州农科所,,29,29,29,6,9,20,,,,6,10,6,7,0.8,0.8
2024-02-07T0100,2568A,102.2502,31.8896,阿坝藏族羌族自治州,马师校,,24,14,11,9,8,76,,,,4,7,4,4,0.5,0.5
2024-02-07T0100,3994A,102.2165,31.9024,阿坝藏族羌族自治州,马尔康中学西区,,22,10,12,6,8,68,,,,6,5,5,5,0.5,0.5
2024-02-07T0100,2695A,80.292,41.1694,阿克苏地区,电视台,细颗粒物(PM2.5),72,80,67,52,38,46,,,,35,31,4,6,1.2,1
2024-02-07T0100,2696A,80.2613,41.1551,阿克苏地区,艺术中心,颗粒物(PM10),77,103,68,48,36,39,,,,44,32,7,6,0.7,0.7
2024-02-07T0100,2204A,105.6467,38.8363,阿拉善盟,西城区西花园,细颗粒物(PM2.5),54,49,46,38,27,60,,,,16,9,9,8,0.6,0.5
2024-02-07T0100,2205A,105.6985,38.8411,阿拉善盟,蒙二幼,颗粒物(PM10),53,55,46,34,26,61,,,,17,11,8,9,1.1,0.9
2024-02-07T0100,2206A,105.724,38.8516,阿拉善盟,环保局新楼,颗粒物(PM10),53,55,38,33,23,76,,,,10,10,6,5,0.6,0.6
2024-02-07T0100,2708A,88.1264,47.8517,阿勒泰地区,市站,,25,,10,5,7,80,,,,6,19,4,5,0.3,0.4
2024-02-07T0100,2630A,80.1161,32.5,阿里地区,阿里监测站,,26,6,7,3,4,82,,,,10,5,8,10,0.5,0.4
2024-02-07T0100,3192A,80.0903,32.5028,阿里地区,阿里藏医院,,30,5,12,4,5,93,,,,2,6,5,9,0.4,0.5
2024-02-07T0100,2642A,109.0318,32.6537,安康市,香溪洞,细颗粒物(PM2.5),72,62,46,52,41,53,,,,9,7,6,7,0.8,0.9
2024-02-07T0100,2643A,109.0281,32.6939,安康市,安康市监测站,细颗粒物(PM2.5),87,70,57,64,53,36,,,,22,19,9,26,1.0,0.9
2024-02-07T0100,2644A,109.0072,32.6975,安康市,汉滨区检察院,细颗粒物(PM2.5),75,61,51,55,47,53,,,,16,13,15,15,0.8,0.7
2024-02-07T0100,2291A,117.0809,30.5177,安庆市,环科院,细颗粒物(PM2.5),104,94,80,78,67,71,,,,14,13,7,7,0.7,0.6
2024-02-07T0100,2292A,117.0331,30.5119,安庆市,马山宾馆,颗粒物(PM10),117,183,89,81,69,75,,,,10,12,5,5,0.8,0.7
2024-02-07T0100,2294A,116.9896,30.6145,安庆市,安庆大学,细颗粒物(PM2.5),108,101,78,81,69,82,,,,14,13,7,7,0.7,0.6
2024-02-07T0100,3173A,117.0598,30.5351,安庆市,市人大,细颗粒物(PM2.5),107,94,80,80,70,72,,,,17,18,4,3,0.8,0.7
2024-02-07T0100,3122A,105.9606,26.2611,安顺市,伍家关,,,,,,,,,,,,,,,,
2024-02-07T0100,3123A,105.9408,26.2431,安顺市,凤凰山,,14,12,17,8,14,42,,,,10,12,16,19,0.7,0.8
2024-02-07T0100,3124A,105.9439,26.2564,安顺市,金钟山,,13,11,18,7,16,40,,,,9,10,17,17,0.6,0.7
2024-02-07T0100,3125A,105.8983,26.2481,安顺市,娄家坡,,15,12,19,10,17,39,,,,9,10,14,17,0.8,0.9
2024-02-07T0100,1818A,114.4839,36.0621,安阳市,棉研所,,,,,,,,,,,,,,,,
2024-02-07T0100,1819A,114.3551,36.1017,安阳市,红庙街,细颗粒物(PM2.5),160,126,133,122,131,67,,,,24,25,5,5,1.3,1.3
2024-02-07T0100,1820A,114.361,36.0681,安阳市,银杏小区,细颗粒物(PM2.5),186,140,124,140,137,67,,,,22,24,4,5,1.4,1.4
2024-02-07T0100,3141A,114.3922,36.0878,安阳市,信访局,细颗粒物(PM2.5),162,,129,123,140,92,,,,17,24,6,5,1.1,1.2
2024-02-07T0100,3669A,114.4705,36.0637,安阳市,左辅环卫站,细颗粒物(PM2.5),193,158,144,145,134,29,,,,63,31,4,5,1.4,1.3
2024-02-07T0100,3703A,114.2917,36.0949,安阳市,安钢职工学校,细颗粒物(PM2.5),193,,157,145,145,57,,,,27,27,12,8,1.2,1.3
2024-02-07T0100,1748A,123.044,41.1196,鞍山市,深沟寺,细颗粒物(PM2.5),72,71,94,52,75,49,,,,46,32,7,11,0.6,0.8
2024-02-07T0100,1749A,123.011,41.0931,鞍山市,太阳城,细颗粒物(PM2.5),58,61,84,41,68,62,,,,33,30,12,16,0.7,1
2024-02-07T0100,1750A,123.0485,41.1442,鞍山市,太平,细颗粒物(PM2.5),89,92,102,66,79,46,,,,50,36,12,11,1.2,1.2
2024-02-07T0100,1751A,122.9642,41.0971,鞍山市,铁西三道街,细颗粒物(PM2.5),72,74,106,52,78,50,,,,47,51,17,22,0.8,2.3
2024-02-07T0100,1752A,122.9341,41.0833,鞍山市,铁西工业园区,细颗粒物(PM2.5),75,73,85,55,70,41,,,,52,44,18,23,1.0,1.4
2024-02-07T0100,1753A,123.022,41.0821,鞍山市,明达新区,细颗粒物(PM2.5),54,54,78,38,69,72,,,,23,32,14,16,0.7,1
2024-02-07T0100,1754A,123.1289,41.0228,鞍山市,千山,,,,,,,,,,,,,,,,
2024-02-07T0100,2195A,107.4212,40.761,巴彦淖尔市,附二中,颗粒物(PM10),69,88,43,48,23,44,,,,29,20,20,8,0.6,0.5
2024-02-07T0100,2196A,107.37,40.7372,巴彦淖尔市,市环保大楼,细颗粒物(PM2.5),60,63,39,43,21,6,,,,62,19,5,6,1.1,0.5
2024-02-07T0100,1956A,86.1472,41.7538,巴音郭楞蒙古自治州,孔雀公园,颗粒物(PM10),62,74,63,34,33,39,,,,38,27,4,5,0.7,0.7
2024-02-07T0100,1957A,86.1972,41.7166,巴音郭楞蒙古自治州,棉纺厂,"颗粒物(PM10),细颗粒物(PM2.5)",70,90,76,51,34,19,,,,49,46,2,3,0.8,0.6
2024-02-07T0100,1958A,86.2357,41.7173,巴音郭楞蒙古自治州,经济开发区,细颗粒物(PM2.5),53,51,54,37,30,45,,,,24,29,3,4,0.4,0.5
2024-02-07T0100,2914A,106.7677,31.8794,巴中市,苏山坪,,42,34,35,29,26,73,,,,6,8,4,4,0.6,0.6
2024-02-07T0100,3182A,106.7656,31.8545,巴中市,丽阳花园,细颗粒物(PM2.5),53,46,46,37,35,10,,,,30,24,4,4,1.0,0.9
2024-02-07T0100,3183A,106.7418,31.8654,巴中市,圣泉水务公司,细颗粒物(PM2.5),53,43,39,37,34,7,,,,30,24,2,3,0.8,0.8
2024-02-07T0100,3616A,106.7616,31.8344,巴中市,市中心医院,细颗粒物(PM2.5),72,65,46,52,36,2,,,,34,20,5,5,1.0,0.8
2024-02-07T0100,2235A,122.7911,45.6077,白城市,洮北区环保局,细颗粒物(PM2.5),108,113,83,81,59,54,,,,18,20,8,9,0.9,0.7
2024-02-07T0100,2236A,122.8738,45.5725,白城市,市环保局,细颗粒物(PM2.5),95,78,69,71,52,4,,,,61,36,6,8,1.0,0.9
2024-02-07T0100,2231A,126.4219,41.9171,白山市,喜丰,细颗粒物(PM2.5),75,85,60,55,35,71,,,,27,25,16,29,1.3,1.2
2024-02-07T0100,2232A,126.4077,41.9419,白山市,环保局,颗粒物(PM10),70,89,74,47,37,62,,,,29,30,14,21,1.3,1.3
2024-02-07T0100,2647A,104.1724,36.5446,白银市,第三小学,,49,49,56,27,31,82,,,,10,18,10,38,0.8,0.9
2024-02-07T0100,2648A,104.1465,36.5482,白银市,动力公司,,43,34,51,30,36,85,,,,12,17,7,20,0.7,0.8
2024-02-07T0100,2512A,106.6103,23.9011,百色市,市监测站,,17,17,26,9,10,19,,,,13,12,9,10,0.8,0.8
2024-02-07T0100,2513A,106.6538,23.8859,百色市,市中心血站,,22,22,21,11,11,22,,,,11,11,7,8,0.9,0.9
2024-02-07T0100,3406A,106.6085,23.8798,百色市,祈福高中,,22,22,33,12,15,23,,,,11,12,8,10,0.9,1
2024-02-07T0100,2270A,117.396,32.939,蚌埠市,工人疗养院,细颗粒物(PM2.5),115,94,85,87,78,90,,,,22,14,8,7,0.8,0.6
2024-02-07T0100,2271A,117.3605,32.9427,蚌埠市,百货大楼,细颗粒物(PM2.5),122,102,85,92,75,94,,,,31,23,5,4,1.2,0.9
2024-02-07T0100,2273A,117.4185,32.8911,蚌埠市,蚌埠学院,细颗粒物(PM2.5),100,83,79,75,72,100,,,,17,16,8,6,1.0,0.8
2024-02-07T0100,2274A,117.3533,32.9673,蚌埠市,淮上区政府,细颗粒物(PM2.5),145,122,90,111,82,97,,,,25,21,8,6,1.2,0.9
2024-02-07T0100,2275A,117.3145,32.8977,蚌埠市,高新区,细颗粒物(PM2.5),124,102,77,94,74,86,,,,29,21,18,27,1.0,0.8
2024-02-07T0100,3715A,117.3092,32.9314,蚌埠市,蚌埠田家炳中学,细颗粒物(PM2.5),139,123,93,106,80,92,,,,28,28,8,6,0.9,0.7
2024-02-07T0100,1585A,109.8756,40.6532,包头市,市环境监测站,,25,8,13,7,10,78,,,,11,14,8,7,0.5,0.5
2024-02-07T0100,1587A,109.9991,40.5842,包头市,包头八中,细颗粒物(PM2.5),85,90,37,63,25,6,,,,69,31,17,11,1.5,0.8
2024-02-07T0100,1588A,109.8538,40.6821,包头市,青山宾馆,,26,16,15,6,8,82,,,,10,16,8,8,0.5,0.5
2024-02-07T0100,1589A,109.8642,40.6288,包头市,惠龙物流,,18,,18,12,13,57,,,,27,15,9,8,0.7,0.5
2024-02-07T0100,1590A,110.0377,40.5546,包头市,东河鸿龙湾,细颗粒物(PM2.5),87,98,34,64,25,26,,,,76,31,10,8,1.7,0.7
2024-02-07T0100,3283A,109.9154,40.5685,包头市,滨河大厦,细颗粒物(PM2.5),93,80,30,69,23,34,,,,59,24,13,7,1.1,0.7
2024-02-07T0100,3419A,109.9447,40.6261,包头市,包头市委党校,,40,40,30,14,20,9,,,,67,26,13,11,0.8,0.4
2024-02-07T0100,3683A,109.8331,40.6576,包头市,昆区政府,,24,7,14,6,9,75,,,,14,14,7,8,0.6,0.6
2024-02-07T0100,1930A,107.185,34.3063,宝鸡市,庙沟村,细颗粒物(PM2.5),137,,73,104,75,41,,,,17,9,4,4,1.2,1
2024-02-07T0100,1931A,107.0708,34.3017,宝鸡市,竹园沟,细颗粒物(PM2.5),122,,75,92,74,35,,,,18,16,4,4,1.3,1.2
2024-02-07T0100,1932A,107.1906,34.3672,宝鸡市,三陆医院,细颗粒物(PM2.5),159,,95,121,93,26,,,,53,32,5,5,1.2,1.1
2024-02-07T0100,1933A,107.1431,34.3547,宝鸡市,监测站,细颗粒物(PM2.5),143,,89,109,87,33,,,,27,27,3,3,1.2,1.1
2024-02-07T0100,1934A,107.1186,34.3739,宝鸡市,技工学校,细颗粒物(PM2.5),138,,87,105,87,41,,,,30,24,5,7,1.2,1.1
2024-02-07T0100,1935A,107.3906,34.3528,宝鸡市,陈仓区环保局家属楼,细颗粒物(PM2.5),152,129,108,116,101,26,,,,46,38,7,8,1.4,1.3
2024-02-07T0100,1936A,107.2058,34.3497,宝鸡市,文理学院,细颗粒物(PM2.5),149,118,95,114,89,35,,,,37,31,6,6,1.4,1.3
2024-02-07T0100,1937A,107.2386,34.3622,宝鸡市,三迪小学,细颗粒物(PM2.5),162,,94,123,93,40,,,,38,29,7,7,1.4,1.2
2024-02-07T0100,1051A,115.493,38.8632,保定市,游泳馆,细颗粒物(PM2.5),179,172,150,135,124,6,,,,69,38,2,2,1.4,1.2
2024-02-07T0100,1052A,115.5213,38.8959,保定市,华电二区,细颗粒物(PM2.5),178,146,113,134,116,9,,,,64,26,4,4,0.9,0.9
2024-02-07T0100,1053A,115.4713,38.9108,保定市,接待中心,细颗粒物(PM2.5),160,123,120,122,120,34,,,,28,22,4,5,1.0,1.1
2024-02-07T0100,1054A,115.4612,38.8416,保定市,地表水厂,细颗粒物(PM2.5),162,145,150,123,112,7,,,,65,40,3,3,1.6,1.4
2024-02-07T0100,3581A,115.31981,38.95208,保定市,满城区生态环境分局,细颗粒物(PM2.5),153,134,121,117,113,1,,,,69,34,4,4,1.6,1.3
2024-02-07T0100,3582A,115.47694,38.76408,保定市,清苑区第二中学,细颗粒物(PM2.5),168,162,145,127,116,24,,,,53,33,3,4,1.1,1.1
2024-02-07T0100,3583A,115.62909,39.02311,保定市,徐水物探局,细颗粒物(PM2.5),147,129,134,112,110,28,,,,51,40,2,2,0.9,0.9
2024-02-07T0100,4004A,115.4202,38.8656,保定市,双鹰农机,细颗粒物(PM2.5),130,116,121,99,107,15,,,,52,37,2,2,0.9,1
2024-02-07T0100,4034A,115.5150,38.8590,保定市,植保所站,细颗粒物(PM2.5),168,,124,127,127,18,,,,55,40,2,3,1.2,0.9
2024-02-07T0100,2594A,99.1678,25.1081,保山市,市环境监测站,颗粒物(PM10),53,56,41,35,22,93,,,,6,8,6,6,0.4,0.6
2024-02-07T0100,2595A,99.1711,25.1328,保山市,市环保局,,,,37,,22,,,75,,,4,,6,,0.6
2024-02-07T0100,1866A,109.2262,21.588,北海市,牛尾岭水库,,,,,,,,,,,,,,,,
2024-02-07T0100,1867A,109.1436,21.4086,北海市,海滩公园,,18,,38,12,20,14,,,,12,14,6,6,0.7,0.8
2024-02-07T0100,1868A,109.0981,21.4661,北海市,新市环保局,,35,,23,24,19,20,,,,11,11,6,6,1.0,0.9
2024-02-07T0100,1869A,109.1778,21.5233,北海市,北海工业园,,22,17,30,15,21,15,,,,12,13,8,8,0.8,0.8
2024-02-07T0100,3400A,109.1911,21.4415,北海市,龙潭自来水厂,,28,28,32,15,23,14,,,,10,11,8,7,0.7,0.7
2024-02-07T0100,1001A,116.3621,39.8784,北京市,万寿西宫,,23,19,45,14,36,72,,,,13,26,1,1,0.3,0.4
2024-02-07T0100,1002A,116.2202,40.2915,北京市,定陵,,25,16,32,11,26,77,,,,5,7,1,2,0.3,0.4
2024-02-07T0100,1003A,116.4174,39.9289,北京市,东四,,25,20,45,13,35,77,,,,7,20,3,4,0.3,0.5
2024-02-07T0100,1004A,116.4072,39.8863,北京市,天坛,,25,19,44,13,36,78,,,,10,21,1,2,0.2,0.4
2024-02-07T0100,1005A,116.462,39.9365,北京市,农展馆,,23,18,44,13,34,72,,,,10,26,3,3,0.2,0.4
2024-02-07T0100,1006A,116.3392,39.9295,北京市,官园,,25,20,43,13,33,80,,,,14,23,2,2,0.3,0.5
2024-02-07T0100,1007A,116.2878,39.9611,北京市,海淀万柳,,23,20,40,13,29,72,,,,18,30,3,3,0.4,0.5
2024-02-07T0100,1008A,116.6636,40.135,北京市,顺义新城,,28,22,44,19,34,80,,,,2,17,1,1,0.3,0.4
2024-02-07T0100,1009A,116.6275,40.3275,北京市,怀柔镇,,25,17,35,13,26,79,,,,3,15,3,4,0.3,0.5
2024-02-07T0100,1010A,116.2296,40.217,北京市,昌平镇,,27,20,36,12,24,85,,,,2,9,3,3,0.2,0.3
2024-02-07T0100,1011A,116.3966,39.9821,北京市,奥体中心,,24,18,38,11,29,76,,,,4,21,3,3,0.3,0.5
2024-02-07T0100,1012A,116.184,39.9136,北京市,古城,,20,20,40,13,30,59,,,,1,14,3,2,0.4,0.5
2024-02-07T0100,3281A,115.9718,40.4529,北京市,延庆夏都,,24,24,32,15,24,59,,,,7,10,1,2,0.3,0.4
2024-02-07T0100,3417A,117.0709,40.1465,北京市,平谷新城,,,20,54,16,42,,,,,2,12,2,2,0.3,0.6
2024-02-07T0100,3418A,116.8336,40.4095,北京市,密云新城,,27,21,37,13,25,84,,,,2,9,1,1,0.2,0.4
2024-02-07T0100,3671A,116.088,39.9726,北京市,门头沟三家店,,,,,,,,,,,,,,,,
2024-02-07T0100,3672A,116.1541,39.8204,北京市,丰台云岗,,26,18,43,12,32,83,,,,7,14,3,3,0.2,0.3
2024-02-07T0100,3673A,116.6804,39.9081,北京市,通州东关,,37,37,68,17,42,71,,,,4,21,2,2,0.4,0.6
2024-02-07T0100,3674A,115.9577,39.7603,北京市,房山燕山,,28,18,64,17,60,89,,,,6,18,3,3,0.2,0.5
2024-02-07T0100,3675A,116.4672,39.7733,北京市,大兴旧宫,,23,18,50,13,42,71,,,,9,19,1,2,0.2,0.4
2024-02-07T0100,3694A,115.986,40.4563,北京市,延庆石河营,,25,25,34,16,23,65,,,,5,11,3,2,0.3,0.5
2024-02-07T0100,3695A,116.6151,40.3053,北京市,怀柔新城,,26,17,35,12,24,81,,,,2,9,2,2,0.2,0.3
2024-02-07T0100,3696A,116.2545,39.8768,北京市,丰台小屯,,24,24,50,15,36,71,,,,16,31,1,2,0.3,0.4
2024-02-07T0100,3697A,116.84,40.3844,北京市,密云镇,,25,20,40,15,29,77,,,,3,16,4,4,0.3,0.4
2024-02-07T0100,1761A,123.8275,41.3064,本溪市,大峪,细颗粒物(PM2.5),77,76,110,56,84,60,,,,36,41,8,15,2.5,1.5
2024-02-07T0100,1762A,123.7567,41.3325,本溪市,溪湖,细颗粒物(PM2.5),108,122,126,81,90,44,,,,40,33,12,17,1.2,1
2024-02-07T0100,1763A,123.7169,41.3094,本溪市,彩屯,细颗粒物(PM2.5),83,73,120,61,93,60,,,,35,45,8,13,1.0,1.1
2024-02-07T0100,1764A,123.7669,41.2864,本溪市,东明,细颗粒物(PM2.5),102,,102,76,98,33,,,,57,44,8,14,1.2,1.3
2024-02-07T0100,1765A,123.7992,41.2664,本溪市,新立屯,细颗粒物(PM2.5),84,,106,62,86,56,,,,42,52,8,12,0.7,1.5
2024-02-07T0100,1766A,123.8142,41.3472,本溪市,威宁,细颗粒物(PM2.5),102,104,125,76,96,24,,,,63,54,5,8,0.9,1.1
2024-02-07T0100,2587A,105.2864,27.3125,毕节市,八中,,10,10,16,6,10,20,,,,10,11,6,6,0.8,0.8
2024-02-07T0100,2588A,105.31,27.2944,毕节市,师专,,9,8,14,6,13,23,,,,10,11,5,7,0.7,0.8
2024-02-07T0100,3537A,105.3631,27.3533,毕节市,长征村,,10,9,14,7,11,23,,,,9,9,6,6,0.9,0.9
2024-02-07T0100,1629A,118.0018,37.3617,滨州市,第二水厂,细颗粒物(PM2.5),147,136,98,112,74,47,,,,38,34,8,13,1.2,1
2024-02-07T0100,1630A,117.9776,37.393,滨州市,北中新校,细颗粒物(PM2.5),195,179,106,146,77,29,,,,62,40,13,14,1.4,1
2024-02-07T0100,3514A,117.9378,37.3956,滨州市,中海酒店,细颗粒物(PM2.5),205,189,99,155,81,25,,,,71,41,13,16,2.0,1.3
2024-02-07T0100,3515A,117.9378,37.3553,滨州市,开发区一中,细颗粒物(PM2.5),172,158,114,130,88,45,,,,47,41,18,22,1.1,1
2024-02-07T0100,3516A,118.0917,37.694,滨州市,金海六路,细颗粒物(PM2.5),175,179,136,132,99,14,,,,69,53,18,14,1.3,1.2
2024-02-07T0100,4028A,117.9956,37.3753,滨州市,滨州市西街道办事处,细颗粒物(PM2.5),180,167,102,136,75,43,,,,38,31,15,17,1.3,1.1
2024-02-07T0100,2311A,115.8072,33.8399,亳州市,污水处理厂,细颗粒物(PM2.5),165,138,121,125,114,75,,,,27,19,6,7,1.1,1
2024-02-07T0100,2312A,115.7789,33.8518,亳州市,三国揽胜宫,细颗粒物(PM2.5),165,175,136,125,98,73,,,,32,22,8,9,1.2,1
2024-02-07T0100,3332A,115.7633,33.8034,亳州市,亳州学院,细颗粒物(PM2.5),162,146,115,123,98,81,,,,24,18,4,7,1.1,1
2024-02-07T0100,2693A,82.0485,44.8556,博尔塔拉蒙古自治州,市党校,细颗粒物(PM2.5),82,97,95,60,68,76,,,,21,25,12,20,0.9,1
2024-02-07T0100,2694A,82.0806,44.8969,博尔塔拉蒙古自治州,市环保局,细颗粒物(PM2.5),108,134,124,81,70,42,,,,61,40,8,14,1.5,1.1
2024-02-07T0100,1071A,116.8842,38.2991,沧州市,沧县城建局,细颗粒物(PM2.5),122,114,110,92,95,51,,,,37,43,6,5,1.0,1
2024-02-07T0100,1072A,116.8584,38.3254,沧州市,电视转播站,细颗粒物(PM2.5),147,129,108,112,92,17,,,,55,33,12,7,1.0,0.8
2024-02-07T0100,1073A,116.8709,38.3228,沧州市,市环保局,细颗粒物(PM2.5),129,110,107,98,89,45,,,,38,32,5,6,0.9,0.9
2024-02-07T0100,3324A,116.8136,38.3004,沧州市,河北水利电力学院,细颗粒物(PM2.5),135,122,108,103,93,38,,,,40,30,9,10,0.9,0.8
2024-02-07T0100,2622A,97.1806,31.1273,昌都市,昌都监测站,,45,45,26,15,11,46,,,,23,16,7,7,0.8,0.5
2024-02-07T0100,3719A,97.1714,31.1406,昌都市,昌都会议中心,,22,10,12,10,8,69,,,,10,7,5,4,0.5,0.4
2024-02-07T0100,2690A,88.1236,43.8886,昌吉回族自治州,天山天池,,23,,9,6,7,73,,,,4,5,6,6,0.5,0.5
2024-02-07T0100,2692A,87.2717,44.0297,昌吉回族自治州,新区政务中心,细颗粒物(PM2.5),232,255,261,182,198,58,,,,57,31,4,5,2.2,2.3
2024-02-07T0100,3613A,87.3095,44.0142,昌吉回族自治州,亚心广场,细颗粒物(PM2.5),260,261,275,210,226,99,,,,42,37,6,8,2.1,2.3
2024-02-07T0100,1119A,125.3325,43.9166,长春市,食品厂,细颗粒物(PM2.5),203,168,102,153,96,10,,,,99,51,10,14,1.9,1
2024-02-07T0100,1120A,125.2863,43.9027,长春市,客车厂,细颗粒物(PM2.5),195,147,89,146,85,11,,,,104,56,10,14,1.4,0.9
2024-02-07T0100,1121A,125.2841,43.8463,长春市,邮电学院,细颗粒物(PM2.5),202,168,97,152,79,10,,,,108,52,10,21,1.5,0.8
2024-02-07T0100,1122A,125.3716,43.8772,长春市,劳动公园,细颗粒物(PM2.5),208,186,101,158,82,11,,,,90,48,3,8,1.6,0.8
2024-02-07T0100,1123A,125.3297,43.8805,长春市,园林处,细颗粒物(PM2.5),180,160,85,136,72,14,,,,,37,8,18,1.6,0.9
2024-02-07T0100,1124A,125.4605,43.79,长春市,净月潭,细颗粒物(PM2.5),137,125,83,104,70,42,,,,44,20,9,13,1.0,0.7
2024-02-07T0100,1125A,125.7194,43.515,长春市,甩湾子,,,,,,,,,,,,,,,,
2024-02-07T0100,1126A,125.3863,43.8447,长春市,经开区环卫处,细颗粒物(PM2.5),170,182,109,129,80,6,,,,86,53,7,15,1.6,1.1
2024-02-07T0100,1127A,125.245,43.7783,长春市,高新区管委会,细颗粒物(PM2.5),232,,127,182,112,7,,,,75,68,6,18,2.0,1.3
2024-02-07T0100,1128A,125.1761,43.8325,长春市,岱山公园,细颗粒物(PM2.5),162,156,98,123,90,20,,,,89,54,7,15,1.2,0.9
2024-02-07T0100,1335A,113.0833,28.2325,长沙市,经开区环保局,细颗粒物(PM2.5),79,59,42,58,38,72,,,,14,12,2,3,0.7,0.6
2024-02-07T0100,1336A,112.8872,28.2189,长沙市,高开区环保局,细颗粒物(PM2.5),85,74,51,63,46,94,,,,9,11,2,2,0.7,0.7
2024-02-07T0100,1337A,113.0792,28.2053,长沙市,马坡岭,细颗粒物(PM2.5),87,65,44,64,38,68,,,,14,12,5,4,0.8,0.7
2024-02-07T0100,1338A,112.9394,28.19,长沙市,湖南师范大学,细颗粒物(PM2.5),84,64,45,62,36,83,,,,13,13,7,7,0.7,0.7
2024-02-07T0100,1339A,113.0178,28.1322,长沙市,雨花区环保局,细颗粒物(PM2.5),77,69,38,56,36,71,,,,11,11,1,2,0.9,0.8
2024-02-07T0100,1340A,112.9792,28.2597,长沙市,伍家岭,细颗粒物(PM2.5),92,83,50,68,42,74,,,,13,13,4,3,0.8,0.8
2024-02-07T0100,1341A,113.0014,28.1944,长沙市,火车新站,细颗粒物(PM2.5),89,67,43,66,40,79,,,,11,10,2,2,0.7,0.7
2024-02-07T0100,1342A,112.9844,28.1178,长沙市,天心区环保局,细颗粒物(PM2.5),87,,40,64,39,78,,,,10,9,3,3,0.5,0.5
2024-02-07T0100,1343A,112.8908,28.1308,长沙市,湖南中医药大学,细颗粒物(PM2.5),89,70,47,66,42,90,,,,9,10,3,3,0.6,0.6
2024-02-07T0100,1344A,112.9581,28.3611,长沙市,沙坪,细颗粒物(PM2.5),78,63,39,57,35,51,,,,5,3,3,3,0.9,0.8
2024-02-07T0100,1727A,113.1147,36.1547,长治市,清华站,细颗粒物(PM2.5),119,104,99,90,92,52,,,,33,40,21,25,1.2,1.2
2024-02-07T0100,1728A,113.1031,36.1989,长治市,监测站,细颗粒物(PM2.5),107,87,93,80,95,61,,,,34,49,26,30,1.8,1.3
2024-02-07T0100,1730A,113.0886,36.2125,长治市,审计局,细颗粒物(PM2.5),110,88,95,83,92,64,,,,27,38,31,31,1.9,1.4
2024-02-07T0100,1731A,113.0844,36.1856,长治市,长治八中,,,113,110,,,26,,,,62,56,22,26,1.6,1.5
2024-02-07T0100,2845A,113.1569,36.1911,长治市,德盛苑,细颗粒物(PM2.5),119,,90,90,87,88,,,,22,28,26,26,2.0,1.5
2024-02-07T0100,3568A,113.06,36.0464,长治市,向阳小学,细颗粒物(PM2.5),153,139,116,117,102,82,,,,31,38,30,31,1.7,1.3
2024-02-07T0100,3569A,112.8792,36.3144,长治市,屯留一中,细颗粒物(PM2.5),98,87,98,73,84,34,,,,50,30,33,22,1.2,1.3
2024-02-07T0100,3570A,113.235,36.3489,长治市,潞城四中,细颗粒物(PM2.5),168,150,123,127,112,53,,,,45,36,16,16,2.0,1.5
2024-02-07T0100,1854A,111.6975,28.9703,常德市,市二中,细颗粒物(PM2.5),107,81,87,80,85,74,,,,16,15,5,5,0.9,0.9
2024-02-07T0100,1857A,111.7158,29.1456,常德市,白鹤山,细颗粒物(PM2.5),90,90,92,67,73,53,,,,6,6,2,1,0.7,0.7
2024-02-07T0100,3138A,111.7153,29.0289,常德市,武陵区永安,细颗粒物(PM2.5),97,84,87,72,76,78,,,,15,16,6,6,0.8,0.8
2024-02-07T0100,3139A,111.6892,28.9881,常德市,鼎城区玉霞,细颗粒物(PM2.5),118,89,87,89,87,67,,,,22,16,7,6,1.0,0.9
2024-02-07T0100,3140A,111.6625,29.0531,常德市,武陵区长庚,细颗粒物(PM2.5),115,106,97,87,84,63,,,,21,16,3,3,1.0,0.9
2024-02-07T0100,1196A,119.9633,31.762,常州市,市监测站,,50,40,71,35,61,71,,,,16,23,7,9,0.6,0.7
2024-02-07T0100,1200A,119.9468,31.7069,常州市,武进监测站,细颗粒物(PM2.5),57,52,66,40,55,58,,,,23,25,3,3,0.7,0.7
2024-02-07T0100,1201A,119.9255,31.9087,常州市,安家,,46,32,61,32,57,67,,,,17,22,7,7,0.5,0.6
2024-02-07T0100,3002A,119.9805,31.8174,常州市,行政中心,,40,32,63,28,55,73,,,,13,21,6,7,0.7,0.9
2024-02-07T0100,3003A,120.0522,31.7748,常州市,经开区,,46,41,65,32,54,64,,,,19,21,8,9,0.4,0.6
2024-02-07T0100,3010A,119.9025,31.7964,常州市,钟楼,细颗粒物(PM2.5),73,59,66,53,59,55,,,,23,25,7,7,0.8,0.9
2024-02-07T0100,3429A,119.8598,31.7066,常州市,武进经发区,细颗粒物(PM2.5),67,62,69,48,59,61,,,,23,26,6,6,1.1,1
2024-02-07T0100,3430A,119.5826,31.7245,常州市,金坛城区,细颗粒物(PM2.5),79,70,68,58,58,57,,,,21,18,9,8,0.8,0.7
2024-02-07T0100,2220A,120.4318,41.5881,朝阳市,西梁,细颗粒物(PM2.5),149,,84,114,54,11,,,,49,36,21,19,2.6,1.5
2024-02-07T0100,2221A,120.4521,41.5646,朝阳市,河畔小区,细颗粒物(PM2.5),107,84,56,80,44,18,,,,42,30,10,10,1.7,1.2
2024-02-07T0100,2222A,120.4176,41.5648,朝阳市,八里堡,细颗粒物(PM2.5),110,108,82,83,52,12,,,,53,39,13,16,2.0,1.6
2024-02-07T0100,2223A,120.3806,41.5969,朝阳市,农业园区,细颗粒物(PM2.5),109,,59,82,46,27,,,,42,31,12,13,1.1,1
2024-02-07T0100,1705A,116.6367,23.6719,潮州市,西园路,,,,36,29,22,68,,,,15,14,4,4,0.4,0.5
2024-02-07T0100,3026A,116.6183,23.6608,潮州市,市政府,,43,43,29,26,20,69,,,,12,12,5,5,0.6,0.8
2024-02-07T0100,4036A,116.6461,23.6761,潮州市,金山,,46,33,33,32,32,67,,,,12,13,6,6,0.6,0.7
2024-02-07T0100,2472A,113.0073,25.9061,郴州市,马头岭,,18,18,16,8,12,57,,,,4,5,3,3,1.3,1.3
2024-02-07T0100,2473A,113.0116,25.8226,郴州市,市职中,,29,,14,20,13,54,,,,7,9,2,2,0.9,0.8
2024-02-07T0100,2474A,113.0161,25.8001,郴州市,兴隆步行街,,25,20,16,17,14,55,,,,7,11,2,2,0.8,0.8
2024-02-07T0100,2475A,113.0383,25.8071,郴州市,市审计局,,20,14,14,14,11,52,,,,9,11,3,3,1.1,1
2024-02-07T0100,2476A,113.0348,25.7759,郴州市,市环保局,,26,,16,18,13,49,,,,12,15,2,2,0.9,1
2024-02-07T0100,1431A,103.9728,30.7236,成都市,金泉两河,细颗粒物(PM2.5),59,47,37,42,25,8,,,,29,15,3,3,1.1,0.7
2024-02-07T0100,1432A,104.176,30.6872,成都市,十里店,,45,,39,31,36,28,,,,21,20,3,2,0.7,0.7
2024-02-07T0100,1433A,104.079,30.5706,成都市,三瓦窑,,31,31,48,15,28,47,,,,8,27,3,2,0.7,0.8
2024-02-07T0100,1434A,104.1114,30.63,成都市,沙河铺,,41,41,46,16,34,30,,,,16,20,2,2,0.6,0.6
2024-02-07T0100,1437A,104.0786,30.6531,成都市,君平街,,39,33,41,27,37,36,,,,23,24,4,4,0.9,0.7
2024-02-07T0100,1438A,103.613,31.0283,成都市,灵岩寺,细颗粒物(PM2.5),60,49,19,43,23,49,,,,116,56,7,7,0.9,0.9
2024-02-07T0100,2880A,104.0239,30.65639,成都市,大石西路,,29,,40,20,34,35,,,,25,29,3,4,0.8,0.7
2024-02-07T0100,3136A,104.2725,30.5589,成都市,龙泉驿区区政府,,35,27,42,24,36,42,,,,8,16,1,2,0.6,0.7
2024-02-07T0100,3357A,104.0106,30.6931,成都市,金博路,,43,37,45,30,31,20,,,,31,24,3,3,0.8,0.8
2024-02-07T0100,3359A,104.0578,30.5225,成都市,华阳,,45,31,48,31,38,27,,,,18,20,3,2,0.7,0.7
2024-02-07T0100,3487A,104.2394,30.5319,成都市,车城东七路,,49,44,48,34,38,35,,,,16,18,3,2,0.8,0.8
2024-02-07T0100,3488A,104.3853,30.7453,成都市,青白江技师分院,,29,29,46,17,33,8,,,,35,22,6,7,0.8,0.8
2024-02-07T0100,3489A,104.0789,30.4072,成都市,科学城,,49,39,45,34,39,37,,,,6,13,3,3,0.8,0.9
2024-02-07T0100,4011A,103.8506,30.6947,成都市,光华大道三段,细颗粒物(PM2.5),72,70,42,52,26,22,,,,18,18,3,3,0.9,0.9
2024-02-07T0100,1062A,117.9531,40.9081,承德市,铁路,,42,42,47,21,25,53,,,,23,23,9,9,0.6,0.6
2024-02-07T0100,1063A,117.9392,40.9763,承德市,中国银行,,46,46,57,26,29,46,,,,20,25,8,9,0.6,0.7
2024-02-07T0100,1064A,117.9503,40.928,承德市,开发区,,48,48,52,30,29,40,,,,33,26,4,5,0.7,0.6
2024-02-07T0100,1065A,117.8051,40.9655,承德市,文化中心,,34,34,57,7,23,79,,,,9,23,5,5,0.3,0.5
2024-02-07T0100,1066A,117.9268,41.0026,承德市,离宫,,40,38,42,28,30,57,,,,12,14,4,5,0.5,0.5
2024-02-07T0100,2314A,117.47,30.6618,池州市,池州学院,细颗粒物(PM2.5),155,138,106,118,91,67,,,,14,15,7,5,0.8,0.7
2024-02-07T0100,3237A,117.4918,30.6617,池州市,展览馆,细颗粒物(PM2.5),156,134,108,119,88,68,,,,16,17,19,14,0.9,0.7
2024-02-07T0100,3333A,117.5627,30.695,池州市,第八中学,细颗粒物(PM2.5),150,136,104,115,88,72,,,,14,17,5,2,0.9,0.7
2024-02-07T0100,3334A,117.5038,30.6243,池州市,第十二中学,细颗粒物(PM2.5),148,124,103,113,93,68,,,,14,17,5,3,1.0,0.9
2024-02-07T0100,1744A,118.9233,42.2816,赤峰市,松山一中,,49,49,56,25,34,60,,,,21,32,12,14,0.8,1.1
2024-02-07T0100,1745A,118.9576,42.2728,赤峰市,哈达街,,48,48,51,24,30,43,,,,26,28,15,16,1.1,1.1
2024-02-07T0100,1746A,118.8788,42.2554,赤峰市,天义路,,49,37,41,34,32,43,,,,23,26,9,13,0.8,0.9
2024-02-07T0100,3058A,119.2658,42.0353,赤峰市,银河街,,45,40,60,31,40,61,,,,17,23,29,23,0.6,1
2024-02-07T0100,3286A,118.9359,42.3147,赤峰市,桥北物流园区,,48,,44,33,38,62,,,,19,21,10,12,0.7,0.9
2024-02-07T0100,2521A,107.3476,22.4136,崇左市,市环保局江州分局,,15,,19,10,12,19,,,,7,12,6,6,0.5,0.6
2024-02-07T0100,2522A,107.3702,22.3707,崇左市,城南新区,,13,13,15,9,11,13,,,,11,14,6,6,0.5,0.6
2024-02-07T0100,2298A,118.3093,32.3153,滁州市,老年大学,细颗粒物(PM2.5),102,84,71,76,64,76,,,,20,18,6,6,1.0,0.8
2024-02-07T0100,2299A,118.3244,32.2786,滁州市,人大宾馆,细颗粒物(PM2.5),87,80,75,64,60,80,,,,25,18,7,8,0.8,0.7
2024-02-07T0100,3207A,118.3118,32.3038,滁州市,市政府原办公楼,细颗粒物(PM2.5),85,74,65,63,58,82,,,,20,20,3,5,0.7,0.6
2024-02-07T0100,3331A,118.3267,32.2634,滁州市,图书馆,细颗粒物(PM2.5),80,86,76,59,58,80,,,,23,20,9,7,0.9,0.7
2024-02-07T0100,2605A,101.5482,25.0441,楚雄彝族自治州,州环境监测站,,29,21,26,20,18,86,,,,4,9,5,6,0.5,0.6
2024-02-07T0100,2606A,101.538,25.0492,楚雄彝族自治州,市经济开发区,,33,31,30,23,20,76,,,,9,14,6,6,0.5,0.6
2024-02-07T0100,2548A,107.5277,31.2827,达州市,达州职业技术学院,,45,44,42,31,28,24,,,,25,26,9,11,0.8,0.8
2024-02-07T0100,2549A,107.5086,31.2186,达州市,市环境监测站,,49,41,45,34,29,22,,,,33,30,10,11,0.8,0.8
2024-02-07T0100,2550A,107.4988,31.2132,达州市,凤凰小区,,42,39,40,29,29,26,,,,33,27,9,10,0.7,0.7
2024-02-07T0100,2551A,107.5082,31.1986,达州市,达县机关宾馆,,43,39,44,30,32,23,,,,37,31,9,9,0.9,0.9
2024-02-07T0100,2552A,107.4644,31.2124,达州市,市政中心,,35,35,47,22,28,36,,,,30,29,13,10,0.9,1
2024-02-07T0100,2614A,100.1542,25.7054,大理白族自治州,大理市环境监测站,,26,,24,17,22,83,,,,6,6,6,6,0.5,0.5
2024-02-07T0100,2615A,100.2171,25.5811,大理白族自治州,大理古城,,25,11,17,11,14,78,,,,5,8,6,6,0.5,0.6
2024-02-07T0100,1109A,121.612,38.9741,大连市,甘井子,,26,24,30,18,26,79,,,,9,12,6,6,0.7,0.7
2024-02-07T0100,1110A,121.565,38.9511,大连市,周水子,,32,26,32,22,26,72,,,,17,15,11,7,0.6,0.6
2024-02-07T0100,1111A,121.5637,38.8845,大连市,星海三站,,30,30,37,21,27,81,,,,10,16,8,10,0.5,0.6
2024-02-07T0100,1112A,121.6302,38.9117,大连市,青泥洼桥,,28,26,35,19,25,73,,,,9,15,12,12,0.6,0.6
2024-02-07T0100,1113A,121.6251,38.8638,大连市,傅家庄,,29,29,34,20,24,75,,,,7,11,15,15,0.6,0.9
2024-02-07T0100,1114A,121.5213,38.8661,大连市,七贤岭,,35,,28,24,22,75,,,,12,12,14,13,0.5,0.6
2024-02-07T0100,1115A,121.2529,38.8061,大连市,旅顺,,35,24,26,24,24,67,,,,14,15,8,10,0.7,0.8
2024-02-07T0100,1116A,121.7485,39.1311,大连市,金州,,29,23,32,20,28,72,,,,15,10,7,7,0.7,0.6
2024-02-07T0100,1117A,121.7811,39.0496,大连市,开发区,,30,28,36,21,26,62,,,,24,16,25,10,0.8,0.7
2024-02-07T0100,1118A,121.9762,39.0631,大连市,双D港,,29,29,37,20,27,75,,,,11,12,10,9,0.9,0.8
2024-02-07T0100,1789A,124.81117,46.03138,大庆市,大同区,细颗粒物(PM2.5),104,85,111,78,92,55,,,,18,30,10,11,0.9,1
2024-02-07T0100,1790A,125.129,46.533,大庆市,龙凤区,细颗粒物(PM2.5),79,102,93,58,57,29,,,,59,52,9,12,1.0,1
2024-02-07T0100,1791A,124.902,46.408,大庆市,红岗区,颗粒物(PM10),70,89,53,49,39,68,,,,19,25,9,11,0.7,0.8
2024-02-07T0100,1792A,125.153,46.586,大庆市,萨尔图区,细颗粒物(PM2.5),120,109,81,91,58,38,,,,61,47,9,11,1.3,0.9
2024-02-07T0100,1793A,124.9042,46.6215,大庆市,让胡路区,颗粒物(PM10),77,103,69,55,39,58,,,,29,37,10,12,0.7,0.7
2024-02-07T0100,3481A,125.141,46.634,大庆市,萨区政府监测点,细颗粒物(PM2.5),125,113,63,95,52,44,,,,48,32,10,13,1.0,0.7
2024-02-07T0100,1721A,113.3819,40.1097,大同市,果树场,,,,,,,,,,,,,,,,
2024-02-07T0100,1723A,113.2994,40.0758,大同市,云冈宾馆,,28,28,28,10,23,65,,,,17,16,12,10,0.6,0.7
2024-02-07T0100,1724A,113.3444,40.0917,大同市,大同大学,,22,22,30,15,22,69,,,,20,21,15,11,0.8,0.7
2024-02-07T0100,1725A,113.2661,40.1269,大同市,安家小村,,34,34,35,18,24,63,,,,15,13,13,12,1.0,0.8
2024-02-07T0100,1726A,113.2711,40.0844,大同市,教育学院,,40,31,36,28,25,51,,,,26,24,22,10,0.8,0.7
2024-02-07T0100,3282A,113.3397,40.0597,大同市,大同市卫生学校,,,,28,,23,,,81,,,11,,8,,0.9
2024-02-07T0100,3565A,113.1367,40.1122,大同市,云冈站,"颗粒物(PM10),细颗粒物(PM2.5)",53,55,42,37,30,36,,,,30,18,27,21,0.9,0.7
2024-02-07T0100,3566A,113.1186,40.2556,大同市,图书馆,细颗粒物(PM2.5),67,54,48,48,35,32,,,,20,16,10,17,1.1,1
2024-02-07T0100,3567A,113.5931,40.0461,大同市,区一中,,33,33,59,15,41,61,,,,7,13,32,32,0.5,0.7
2024-02-07T0100,3676A,113.2802,40.0995,大同市,第二人民医院,,40,,39,28,22,60,,,,20,15,10,6,0.7,0.7
2024-02-07T0100,2269A,124.1069,50.4097,大兴安岭地区,科技局,,38,34,20,26,20,58,,,,6,8,8,8,0.4,0.4
2024-02-07T0100,3663A,124.1164,50.4278,大兴安岭地区,红旗社区,细颗粒物(PM2.5),77,70,37,56,26,2,,,,59,27,11,9,0.9,0.6
2024-02-07T0100,1600A,124.3303,40.0625,丹东市,江湾东路,细颗粒物(PM2.5),88,76,70,65,63,87,,,,18,20,13,16,1.0,1.1
2024-02-07T0100,1601A,124.4256,40.1503,丹东市,临江后街,细颗粒物(PM2.5),84,84,84,62,62,95,,,,18,30,9,14,0.9,1.3
2024-02-07T0100,1602A,124.3933,40.1461,丹东市,元宝山,细颗粒物(PM2.5),89,80,72,66,63,76,,,,24,25,10,13,1.0,1.3
2024-02-07T0100,1603A,124.3633,40.1092,丹东市,民主桥,细颗粒物(PM2.5),74,80,77,54,57,78,,,,21,28,13,15,0.9,1.1
2024-02-07T0100,3541A,109.5726,19.5167,儋州市,第一中学子站,,45,45,31,27,21,37,,,,7,4,5,5,0.5,0.4
2024-02-07T0100,3542A,109.5567,19.5187,儋州市,东坡学校子站,颗粒物(PM10),56,62,32,37,20,26,,,,10,5,5,6,0.7,0.5
2024-02-07T0100,2616A,98.5842,24.428,德宏傣族景颇族自治州,德宏州监测站,细颗粒物(PM2.5),70,68,56,51,40,50,,,,17,26,3,8,0.7,0.7
2024-02-07T0100,3677A,98.5881,24.4368,德宏傣族景颇族自治州,芒市人民政府综合楼,细颗粒物(PM2.5),59,64,55,42,35,48,,,,13,23,7,15,0.7,0.7
2024-02-07T0100,1901A,104.4239,31.1208,德阳市,东山公园,,45,32,42,31,37,46,,,,8,11,3,2,0.6,0.6
2024-02-07T0100,1902A,104.3826,31.1317,德阳市,西小区,,43,38,54,30,43,42,,,,16,23,3,3,0.7,0.8
2024-02-07T0100,1904A,104.3553,31.1091,德阳市,耐火材料厂,,38,34,50,26,41,34,,,,17,17,1,3,0.4,0.5
2024-02-07T0100,3639A,104.4019,31.1244,德阳市,市教育局,,45,36,47,31,38,33,,,,20,22,1,2,0.7,0.7
2024-02-07T0100,1622A,116.3032,37.4674,德州市,儿童乐园,细颗粒物(PM2.5),132,122,120,100,94,74,,,,29,30,9,9,1.2,1.2
2024-02-07T0100,1624A,116.2991,37.4451,德州市,监理站,细颗粒物(PM2.5),195,182,126,146,101,27,,,,76,39,13,10,1.8,1.2
2024-02-07T0100,3066A,116.2721,37.4379,德州市,九衢泉纯净水厂,细颗粒物(PM2.5),186,172,130,140,101,55,,,,34,40,11,10,1.4,1.1
2024-02-07T0100,3371A,116.3728,37.4403,德州市,开发区人民医院,细颗粒物(PM2.5),144,153,127,110,88,19,,,,67,47,9,9,1.4,1
2024-02-07T0100,3372A,116.3572,37.4094,德州市,太阳城中学,细颗粒物(PM2.5),156,141,117,119,95,10,,,,78,30,9,8,1.5,1.1
2024-02-07T0100,3511A,116.5652,37.3319,德州市,陵城艺术中心,细颗粒物(PM2.5),235,239,171,185,130,14,,,,62,43,9,9,2.0,1.4
2024-02-07T0100,2621A,99.7056,27.8317,迪庆藏族自治州,迪庆州站,,29,15,20,12,13,90,,,,6,8,8,9,0.3,0.4
2024-02-07T0100,3180A,99.7136,27.8094,迪庆藏族自治州,质量技术监督局,,32,,18,22,12,87,,,,5,5,8,8,0.4,0.5
2024-02-07T0100,2663A,104.6241,35.5734,定西市,东关小学,细颗粒物(PM2.5),73,76,60,53,42,34,,,,24,17,11,13,1.0,0.7
2024-02-07T0100,2664A,104.6194,35.5934,定西市,供电公司,颗粒物(PM10),69,87,61,48,44,12,,,,42,16,5,7,0.8,0.6
2024-02-07T0100,1389A,113.7547,23.0494,东莞市,莞城梨川,,30,30,30,19,19,10,,,,22,21,7,7,1.0,0.9
2024-02-07T0100,1390A,113.7944,23.0128,东莞市,东城石井,,32,32,29,21,19,10,,,,21,19,6,7,1.1,0.9
2024-02-07T0100,1391A,113.7383,22.9658,东莞市,南城西平,,36,36,31,21,18,9,,,,27,26,7,7,1.1,0.9
2024-02-07T0100,3319A,113.7338,23.0381,东莞市,万江金泰,,29,29,29,20,19,6,,,,18,17,7,8,1.2,1
2024-02-07T0100,3626A,113.7533,23.0202,东莞市,南城元岭,,30,30,29,18,18,11,,,,17,18,9,9,1.2,1
2024-02-07T0100,3627A,113.7875,23.0457,东莞市,东城主山,,28,26,26,19,17,7,,,,19,17,8,8,1.1,0.9
2024-02-07T0100,1666A,118.6614,37.4309,东营市,市环保局,细颗粒物(PM2.5),55,53,62,39,46,65,,,,23,31,9,21,0.5,0.7
2024-02-07T0100,3036A,118.6904,37.4338,东营市,开发区管委会,细颗粒物(PM2.5),52,46,64,36,48,58,,,,26,32,3,10,0.4,0.6
2024-02-07T0100,3365A,118.5719,37.565,东营市,垦利区民丰路,颗粒物(PM10),51,51,74,34,52,60,,,,31,39,9,14,0.7,1
2024-02-07T0100,3498A,118.5055,37.8612,东营市,河口城区,细颗粒物(PM2.5),64,68,111,46,80,67,,,,21,33,4,6,0.7,1
2024-02-07T0100,3646A,118.4978,37.4623,东营市,胜利站,细颗粒物(PM2.5),94,108,94,70,67,37,,,,50,45,9,24,0.6,0.7
2024-02-07T0100,3734A,118.35,37.26,东营市,理想之城,颗粒物(PM10),59,68,80,41,51,17,,,,69,53,3,13,0.8,0.9
2024-02-07T0100,1591A,110.0023,39.8129,鄂尔多斯市,综合楼,细颗粒物(PM2.5),55,46,35,39,23,80,,,,25,24,15,9,0.8,0.6
2024-02-07T0100,1592A,109.9486,39.8261,鄂尔多斯市,巴音孟克林场办事处,细颗粒物(PM2.5),67,56,35,48,26,68,,,,26,25,12,10,0.9,0.7
2024-02-07T0100,1593A,109.7736,39.5986,鄂尔多斯市,康泽苑,细颗粒物(PM2.5),58,,31,41,25,67,,,,19,18,5,7,1.0,0.7
2024-02-07T0100,1594A,109.8119,39.5989,鄂尔多斯市,华泰汽车城,细颗粒物(PM2.5),55,46,38,39,28,36,,,,41,25,5,7,1.0,0.7
2024-02-07T0100,1595A,109.9734,39.7884,鄂尔多斯市,奥林花园,颗粒物(PM10),57,63,40,39,25,70,,,,26,23,10,8,0.9,0.6
2024-02-07T0100,2436A,114.8938,30.3994,鄂州市,市政府,细颗粒物(PM2.5),97,75,60,72,60,62,,,,23,24,4,5,1.2,1.2
2024-02-07T0100,2437A,114.8989,30.3714,鄂州市,赵家坝,细颗粒物(PM2.5),105,,52,79,63,65,,,,18,19,3,3,1.0,1
2024-02-07T0100,3654A,114.8094,30.4089,鄂州市,精准医疗中心,细颗粒物(PM2.5),82,84,70,60,60,80,,,,10,10,8,7,0.7,0.8
2024-02-07T0100,2454A,109.4978,30.2981,恩施土家族苗族自治州,湖北民院,颗粒物(PM10),53,56,49,34,31,50,,,,11,13,12,12,1.3,1.2
2024-02-07T0100,2455A,109.4707,30.2798,恩施土家族苗族自治州,州电力总公司,细颗粒物(PM2.5),55,58,36,39,30,47,,,,22,20,5,5,1.1,1.1
2024-02-07T0100,3549A,109.5061,30.3772,恩施土家族苗族自治州,龙凤新区,细颗粒物(PM2.5),57,,32,40,34,46,,,,14,15,6,6,1.1,1.1
2024-02-07T0100,2499A,108.3411,21.6158,防城港市,沙万,,9,7,9,3,4,27,,,,9,9,2,2,0.6,0.5
2024-02-07T0100,2500A,108.3514,21.7731,防城港市,防城档案局,,10,6,12,5,7,30,,,,12,14,5,4,0.6,0.6
2024-02-07T0100,2501A,108.3506,21.6414,防城港市,大海花园,,10,10,11,2,4,27,,,,8,11,3,2,0.7,0.9
2024-02-07T0100,1371A,113.1294,23.0067,佛山市,湾梁,,22,22,24,8,10,10,,,,14,17,8,9,0.9,0.9
2024-02-07T0100,1372A,113.1083,23.0478,佛山市,华材职中,,15,,20,10,11,11,,,,19,23,7,8,0.9,0.9
2024-02-07T0100,1373A,113.144,23.0453,佛山市,南海气象局,,17,17,18,10,12,11,,,,20,22,6,6,0.8,0.8
2024-02-07T0100,1374A,113.2881,22.8094,佛山市,顺德苏岗,,29,29,22,9,11,5,,,,19,23,7,8,0.8,0.8
2024-02-07T0100,1376A,112.8383,22.8678,佛山市,高明孔堂,,9,6,31,0,10,22,,,,7,12,4,4,0.9,0.8
2024-02-07T0100,1377A,112.8836,23.1588,佛山市,三水监测站,,9,5,15,2,5,17,,,,9,11,5,6,0.9,0.9
2024-02-07T0100,1378A,112.867,23.185,佛山市,三水云东海,,11,11,15,4,8,19,,,,13,16,6,6,0.8,0.8
2024-02-07T0100,3625A,113.2544,22.7642,佛山市,容桂街道办,,20,17,18,14,10,7,,,,18,21,5,6,0.9,0.8
2024-02-07T0100,1280A,119.3903,26.0543,福州市,鼓山,,,,,,,,,,,,,,,,
2024-02-07T0100,1282A,119.2681,26.0504,福州市,师大,,17,5,21,2,16,54,,,,11,14,5,5,0.6,0.7
2024-02-07T0100,1283A,119.2984,26.1028,福州市,五四北路,,,,16,0,14,53,,,,8,13,2,2,0.5,0.7
2024-02-07T0100,1284A,119.2648,26.0768,福州市,杨桥西路,,17,5,19,2,13,54,,,,9,11,3,3,0.5,0.7
2024-02-07T0100,1285A,119.317,26.0746,福州市,紫阳,,15,6,21,3,15,48,,,,10,11,5,5,0.6,0.7
2024-02-07T0100,3048A,119.5799,26.0936,福州市,九龙,,17,3,21,0,16,54,,,,8,10,2,2,0.5,0.6
2024-02-07T0100,3526A,119.5189,25.9664,福州市,吴航,,19,2,23,2,16,58,,,,8,9,3,3,0.5,0.5
2024-02-07T0100,1755A,123.7977,41.8491,抚顺市,望花区,细颗粒物(PM2.5),127,119,89,96,75,31,,,,51,30,10,18,1.5,1
2024-02-07T0100,1756A,123.9161,41.8822,抚顺市,顺城区,细颗粒物(PM2.5),113,122,122,85,105,44,,,,45,39,5,9,1.3,1.2
2024-02-07T0100,1757A,124.0436,41.8611,抚顺市,东洲区,细颗粒物(PM2.5),114,127,150,86,118,64,,,,22,34,8,12,0.9,1.3
2024-02-07T0100,1758A,123.9247,41.8642,抚顺市,新抚区,细颗粒物(PM2.5),124,129,119,94,95,30,,,,49,45,4,8,1.4,1.1
2024-02-07T0100,1759A,124.0972,41.8961,抚顺市,大伙房水库,细颗粒物(PM2.5),109,101,130,82,108,74,,,,15,32,7,10,0.8,1
2024-02-07T0100,1760A,123.7086,41.8391,抚顺市,沈抚新城,细颗粒物(PM2.5),113,91,85,85,66,50,,,,40,23,8,9,1.5,1
2024-02-07T0100,2376A,116.2127,28.0814,抚州市,桐源党溪,,46,46,34,31,23,41,,,,6,8,2,2,0.8,0.8
2024-02-07T0100,2377A,116.3544,27.9831,抚州市,市站,,46,44,29,32,20,45,,,,12,13,6,4,1.3,1.3
2024-02-07T0100,2378A,116.3565,27.963,抚州市,血防站,,50,50,36,33,19,46,,,,6,8,5,4,1.0,1.1
2024-02-07T0100,2379A,116.3564,28.0007,抚州市,采茶剧团,,49,39,26,34,21,44,,,,8,9,4,4,0.9,0.9
2024-02-07T0100,2380A,116.385,27.9647,抚州市,医学分院,,45,45,29,28,16,44,,,,10,10,4,4,1.0,1
2024-02-07T0100,2207A,121.6094,41.998,阜新市,工业园区,颗粒物(PM10),123,195,69,60,41,38,,,,27,27,11,15,1.5,0.9
2024-02-07T0100,2208A,121.6697,42.0279,阜新市,长青街,细颗粒物(PM2.5),103,97,43,77,38,9,,,,49,20,7,10,8.1,1.5
2024-02-07T0100,2209A,121.6673,42.0705,阜新市,农业园区,,41,41,35,27,22,76,,,,11,10,17,17,1.0,0.6
2024-02-07T0100,2210A,121.6717,42.0224,阜新市,东苑,细颗粒物(PM2.5),113,104,48,85,34,5,,,,57,25,13,11,7.9,2.1
2024-02-07T0100,2211A,121.6506,42.0498,阜新市,玉龙新城,细颗粒物(PM2.5),59,58,41,42,36,13,,,,51,27,6,8,2.8,1.1
2024-02-07T0100,2301A,115.8277,32.8929,阜阳市,市监测站,细颗粒物(PM2.5),182,,107,137,104,108,,,,31,24,7,6,0.9,0.8
2024-02-07T0100,2303A,115.8554,32.8605,阜阳市,开发区,细颗粒物(PM2.5),143,164,130,109,97,104,,,,33,30,6,5,1.3,1.2
2024-02-07T0100,2875A,115.784,32.8892,阜阳市,阜阳职业技术学院,细颗粒物(PM2.5),149,129,105,114,95,101,,,,35,24,4,4,1.0,0.9
2024-02-07T0100,3468A,115.7901,32.8613,阜阳市,市规划展馆,细颗粒物(PM2.5),139,119,109,106,91,112,,,,30,25,7,6,0.9,0.8
2024-02-07T0100,3469A,115.836,32.9183,阜阳市,枣园社区,细颗粒物(PM2.5),178,170,128,134,104,108,,,,28,29,6,5,1.0,0.9
2024-02-07T0100,2669A,102.9099,34.9841,甘南藏族自治州,州政府,细颗粒物(PM2.5),60,47,54,43,45,79,,,,11,10,7,8,0.9,0.6
2024-02-07T0100,3380A,102.8914,34.9617,甘南藏族自治州,甘肃民族师范学院,细颗粒物(PM2.5),62,57,56,44,45,72,,,,14,10,7,10,1.0,0.9
2024-02-07T0100,2570A,101.9603,30.0475,甘孜藏族自治州,水桥子,,14,,5,8,5,42,,,,5,6,10,10,0.7,0.7
2024-02-07T0100,3065A,101.9533,29.9972,甘孜藏族自治州,州环保局,,13,8,9,7,5,41,,,,6,6,8,8,0.6,0.6
2024-02-07T0100,3414A,115.8347,28.932,赣江新区,桑海产业园,细颗粒物(PM2.5),70,,44,51,40,46,,,,14,14,2,3,0.9,0.8
2024-02-07T0100,2362A,114.9017,25.9149,赣州市,通天岩,,,,,,,,,,,,,,,,
2024-02-07T0100,2363A,114.9367,25.8664,赣州市,地委,,16,,15,11,16,43,,,,11,7,10,11,1.2,1.2
2024-02-07T0100,2364A,114.9461,25.8481,赣州市,气象台,,18,,15,12,16,45,,,,11,9,6,6,1.2,1.2
2024-02-07T0100,2365A,114.9322,25.8333,赣州市,市图书馆,,16,9,17,6,11,39,,,,7,9,9,14,1.6,1.5
2024-02-07T0100,2366A,114.8905,25.8471,赣州市,华坚鞋城,,23,,17,16,13,42,,,,7,9,4,3,1.3,1.3
2024-02-07T0100,3109A,115.0093,25.8613,赣州市,赣县区卫计委,,23,,14,16,12,37,,,,8,9,5,5,1.3,1.3
2024-02-07T0100,2683A,106.2319,36.1417,固原市,马园,细颗粒物(PM2.5),74,79,58,54,37,56,,,,21,14,6,5,0.8,0.7
2024-02-07T0100,2684A,106.2792,36.0022,固原市,监测站,细颗粒物(PM2.5),79,68,55,58,46,72,,,,16,17,5,4,0.7,0.7
2024-02-07T0100,2685A,106.2375,36.0211,固原市,新区,细颗粒物(PM2.5),74,68,56,54,40,66,,,,16,16,5,5,0.6,0.5
2024-02-07T0100,3522A,106.2177,35.9959,固原市,原州区十五小,细颗粒物(PM2.5),78,76,62,57,45,64,,,,15,14,7,6,0.9,0.7
2024-02-07T0100,2543A,106.6308,30.5278,广安市,小平旧居,,,,,,,,,,,,,,,,
2024-02-07T0100,2544A,106.6303,30.4576,广安市,市委,细颗粒物(PM2.5),62,44,50,44,40,32,,,,10,17,5,5,0.7,0.8
2024-02-07T0100,2545A,106.6271,30.4663,广安市,友谊中学,,49,42,45,34,36,32,,,,13,18,4,4,0.7,0.8
2024-02-07T0100,2547A,106.6388,30.4551,广安市,广电花园,细颗粒物(PM2.5),64,,42,46,41,33,,,,11,17,3,3,0.9,1
2024-02-07T0100,2902A,106.6351,30.4865,广安市,北辰小学,细颗粒物(PM2.5),59,,45,42,38,33,,,,11,15,5,5,0.8,0.8
2024-02-07T0100,2523A,105.8945,32.4535,广元市,黑石坡,,36,36,33,18,29,76,,,,8,9,4,4,0.6,0.6
2024-02-07T0100,2524A,105.821,32.4444,广元市,老城,,42,42,44,26,27,60,,,,8,13,1,2,0.7,0.7
2024-02-07T0100,2526A,105.8628,32.4287,广元市,监测站,,32,31,34,22,27,59,,,,9,8,2,2,0.8,0.8
2024-02-07T0100,3617A,105.8047,32.4166,广元市,经开区,,43,43,35,29,26,60,,,,10,14,2,2,0.8,0.8
2024-02-07T0100,1345A,113.2347,23.1423,广州市,广雅中学,,17,17,22,10,14,12,,,,17,23,4,5,1.1,1
2024-02-07T0100,1346A,113.2612,23.105,广州市,市五中,,21,21,26,13,17,10,,,,20,24,4,5,1.1,1
2024-02-07T0100,1348A,113.3478,23.0916,广州市,广东商学院,,25,25,27,14,16,7,,,,21,21,4,4,1.0,0.9
2024-02-07T0100,1349A,113.4332,23.1047,广州市,市八十六中,,37,37,30,20,17,13,,,,15,22,5,5,1.0,0.8
2024-02-07T0100,1350A,113.3505,22.9483,广州市,番禺中学,,33,33,28,18,16,10,,,,24,28,4,5,1.1,1
2024-02-07T0100,1351A,113.2146,23.3916,广州市,花都师范,,9,7,14,4,8,18,,,,12,14,4,4,0.9,0.8
2024-02-07T0100,1352A,113.2597,23.1331,广州市,市监测站,,19,18,25,13,17,10,,,,21,25,4,5,1.0,0.9
2024-02-07T0100,1353A,113.5618,23.312,广州市,九龙镇镇龙,,16,14,19,11,15,11,,,,13,13,5,5,1.1,1
2024-02-07T0100,1354A,113.2765,23.1544,广州市,麓湖,,17,17,23,9,13,10,,,,18,21,4,5,1.1,1
2024-02-07T0100,1355A,113.443,23.3035,广州市,帽峰山森林公园,,14,14,17,9,12,18,,,,10,10,6,6,1.1,1
2024-02-07T0100,2846A,113.3221,23.1322,广州市,体育西,,20,20,24,14,17,9,,,,18,19,6,7,1.0,0.9
2024-02-07T0100,3298A,113.5717,23.5491,广州市,从化街口,,9,9,20,6,14,9,,,,12,13,3,6,0.9,0.9
2024-02-07T0100,3299A,113.3472,23.3692,广州市,白云竹料,,13,12,17,9,13,15,,,,11,13,5,5,1.1,1
2024-02-07T0100,3300A,113.2981,23.237,广州市,白云嘉禾,,15,13,19,8,14,7,,,,30,23,5,6,1.0,0.9
2024-02-07T0100,3301A,113.4256,23.1716,广州市,黄埔科学城,,24,24,22,15,15,13,,,,12,17,4,4,1.1,1
2024-02-07T0100,3302A,113.3942,23.0483,广州市,番禺大学城,,41,41,32,16,16,5,,,,26,24,5,5,0.9,0.8
2024-02-07T0100,3303A,113.4922,22.8168,广州市,南沙黄阁,,31,31,35,18,17,9,,,,26,25,4,5,1.1,1
2024-02-07T0100,3304A,113.5342,22.7896,广州市,南沙街,,41,41,33,22,20,4,,,,32,28,4,5,1.0,0.9
2024-02-07T0100,3443A,113.2902,23.5544,广州市,花都梯面,,9,2,11,2,10,17,,,,17,12,5,5,0.9,0.9
2024-02-07T0100,3445A,113.7858,23.7478,广州市,从化良口,,8,7,14,5,9,14,,,,9,7,5,6,0.8,0.8
2024-02-07T0100,3446A,113.8051,23.2614,广州市,增城荔城,,32,28,24,22,19,8,,,,15,11,6,6,1.0,0.7
2024-02-07T0100,2505A,109.568,23.1478,贵港市,德智高中,,16,14,10,11,7,35,,,,8,7,4,4,1.0,0.9
2024-02-07T0100,2506A,109.6047,23.0666,贵港市,江南子站,,18,,16,12,13,31,,,,9,11,5,5,0.9,0.9
2024-02-07T0100,2507A,109.6014,23.0948,贵港市,贵城子站,,22,15,17,15,15,26,,,,10,12,6,6,1.1,1
2024-02-07T0100,2508A,109.5669,23.1065,贵港市,荷城子站,,13,12,12,9,6,30,,,,7,7,8,8,1.1,1
2024-02-07T0100,3405A,109.5886,23.1172,贵港市,新世纪学校,,17,17,16,7,12,31,,,,7,8,4,4,1.1,1
2024-02-07T0100,1439A,106.6899,26.5998,贵阳市,马鞍山,,16,7,13,5,11,49,,,,6,10,7,9,0.5,0.6
2024-02-07T0100,1440A,106.6971,26.5694,贵阳市,市环保站,,20,,12,7,16,64,,,,7,12,6,8,0.3,0.5
2024-02-07T0100,1441A,106.6243,26.6266,贵阳市,鉴湖路,,18,14,28,5,18,56,,,,5,10,4,5,0.6,0.8
2024-02-07T0100,1442A,106.7487,26.6343,贵阳市,燕子冲,,18,5,13,5,10,57,,,,5,7,6,8,0.6,0.6
2024-02-07T0100,1443A,106.6555,26.4365,贵阳市,碧云窝,,18,14,24,2,9,56,,,,7,10,10,14,0.5,0.6
2024-02-07T0100,1444A,106.694,26.5161,贵阳市,中院村,,20,7,17,5,12,64,,,,8,12,10,12,0.5,0.6
2024-02-07T0100,1445A,106.7109,26.6027,贵阳市,红边门,,18,9,17,5,11,55,,,,6,10,8,11,0.5,0.6
2024-02-07T0100,1446A,106.7164,26.5699,贵阳市,新华路,,19,14,19,5,12,60,,,,7,10,4,6,0.5,0.6
2024-02-07T0100,1447A,106.674,26.5424,贵阳市,太慈桥,,18,7,20,2,9,57,,,,8,13,6,7,0.3,0.6
2024-02-07T0100,1552A,106.805,26.3003,贵阳市,桐木岭,,,,,,,,,,,,,,,,
2024-02-07T0100,1862A,110.4144,25.3167,桂林市,电子科大尧山校区,,21,,9,7,9,65,,,,5,5,4,4,0.8,0.9
2024-02-07T0100,1863A,110.2819,25.2697,桂林市,监测站,,17,,14,9,14,54,,,,8,11,7,6,0.8,0.8
2024-02-07T0100,1864A,110.3089,25.2708,桂林市,龙隐路小学,,20,,12,14,16,56,,,,7,8,4,4,0.8,0.8
2024-02-07T0100,1865A,110.2869,25.2178,桂林市,八中,,16,,14,10,15,51,,,,8,10,4,4,0.8,0.8
2024-02-07T0100,3403A,110.1764,25.2381,桂林市,创业大厦,,16,2,10,2,10,50,,,,5,5,6,6,0.8,0.8
2024-02-07T0100,3531A,110.296,25.1253,桂林市,旅游学院,,17,,5,9,8,53,,,,7,8,3,4,0.9,0.9
2024-02-07T0100,2674A,100.2561,34.4714,果洛藏族自治州,玛沁县大武镇,,36,36,32,17,17,85,,,,12,14,11,16,0.4,0.5
2024-02-07T0100,1129A,126.5422,45.755,哈尔滨市,岭北,细颗粒物(PM2.5),224,220,106,174,91,23,,,,99,47,6,11,0.2,0.4
2024-02-07T0100,1130A,126.561,45.8167,哈尔滨市,松北商大,细颗粒物(PM2.5),166,158,87,126,63,19,,,,80,42,6,12,1.5,0.9
2024-02-07T0100,1131A,126.979,45.5419,哈尔滨市,阿城会宁,细颗粒物(PM2.5),192,146,167,144,145,65,,,,25,52,16,20,1.2,1.3
2024-02-07T0100,1132A,126.599,45.7222,哈尔滨市,南岗学府路,细颗粒物(PM2.5),192,199,108,144,67,9,,,,97,51,8,30,1.9,0.9
2024-02-07T0100,1133A,126.689,45.7733,哈尔滨市,太平宏伟公园,细颗粒物(PM2.5),358,327,109,308,85,13,,,,88,33,19,35,3.2,1.1
2024-02-07T0100,1134A,126.635,45.7667,哈尔滨市,道外承德广场,细颗粒物(PM2.5),159,160,89,121,60,13,,,,100,41,7,18,1.4,0.8
2024-02-07T0100,1135A,126.685,45.7319,哈尔滨市,香坊红旗大街,细颗粒物(PM2.5),258,267,91,208,75,13,,,,107,49,22,22,3.0,1.1
2024-02-07T0100,1136A,126.6411,45.7258,哈尔滨市,动力和平路,细颗粒物(PM2.5),162,140,86,123,63,16,,,,85,41,11,23,1.4,0.9
2024-02-07T0100,1137A,126.593,45.7478,哈尔滨市,道里建国路,细颗粒物(PM2.5),169,189,90,128,75,8,,,,91,39,4,11,1.3,0.4
2024-02-07T0100,1138A,126.615,45.61,哈尔滨市,平房东轻厂,细颗粒物(PM2.5),176,134,119,133,95,45,,,,55,58,10,20,1.0,1
2024-02-07T0100,1139A,126.595,45.9855,哈尔滨市,呼兰师专,细颗粒物(PM2.5),189,170,152,142,134,54,,,,49,43,22,20,1.2,1.2
2024-02-07T0100,1140A,126.6206,45.6842,哈尔滨市,省农科院,细颗粒物(PM2.5),169,161,118,128,89,34,,,,74,58,8,30,1.3,1.1
2024-02-07T0100,2688A,93.5128,42.8172,哈密市,地区监测站,颗粒物(PM10),75,100,60,48,32,9,,,,74,34,4,4,1.3,0.6
2024-02-07T0100,2689A,93.4961,42.8328,哈密市,哈密师范学校,颗粒物(PM10),63,75,65,39,30,4,,,,74,38,4,6,1.0,0.9
2024-02-07T0100,2671A,100.9048,36.9639,海北藏族自治州,海晏县西海镇,细颗粒物(PM2.5),79,74,52,58,37,64,,,,22,15,25,24,1.0,0.8
2024-02-07T0100,3867A,102.0738,36.5056,海东市,平安区公安北苑,细颗粒物(PM2.5),77,79,52,56,40,69,,,,9,18,13,19,0.6,0.6
2024-02-07T0100,1409A,110.576,19.9507,海口市,东寨港,,,,,,,,,,,,,,,,
2024-02-07T0100,1410A,110.3232,20.0574,海口市,海南大学,,22,22,20,13,11,54,,,,5,4,9,9,0.3,0.3
2024-02-07T0100,1411A,110.283,20.0053,海口市,秀英海南医院,,27,27,20,13,12,54,,,,2,4,8,8,0.3,0.3
2024-02-07T0100,1412A,110.338,19.9969,海口市,海南师范大学,,30,30,21,14,13,54,,,,4,4,7,7,0.4,0.3
2024-02-07T0100,1413A,110.33,20.0356,海口市,龙华路环保局宿舍,,24,24,25,14,12,50,,,,6,5,7,7,0.3,0.2
2024-02-07T0100,3539A,110.5111,19.9736,海口市,桂林洋子站,,20,20,20,14,13,51,,,,2,2,6,6,0.3,0.2
2024-02-07T0100,2673A,100.6188,36.2866,海南藏族自治州,共和县恰卜恰镇,颗粒物(PM10),54,57,39,29,23,55,,,,22,17,13,14,0.6,0.5
2024-02-07T0100,2676A,97.3731,37.3753,海西蒙古族藏族自治州,德令哈市,,31,21,26,10,9,97,,,,5,6,12,13,0.4,0.5
2024-02-07T0100,1048A,114.5302,36.6116,邯郸市,东污水处理厂,细颗粒物(PM2.5),195,151,135,146,138,54,,,,27,24,5,5,1.3,1.1
2024-02-07T0100,1049A,114.4918,36.5713,邯郸市,矿院,细颗粒物(PM2.5),192,157,143,144,133,44,,,,28,22,6,4,1.3,1.2
2024-02-07T0100,1050A,114.484,36.6133,邯郸市,丛台公园,细颗粒物(PM2.5),199,173,139,149,120,53,,,,45,37,5,5,1.3,1.2
2024-02-07T0100,3458A,114.7895,36.5593,邯郸市,香泉濮院小区,细颗粒物(PM2.5),217,,123,167,119,74,,,,29,18,15,17,1.4,1
2024-02-07T0100,3579A,114.50634,36.77178,邯郸市,永年区实验高中,细颗粒物(PM2.5),206,165,141,156,134,35,,,,47,36,8,8,1.2,1
2024-02-07T0100,3580A,114.20016,36.44293,邯郸市,峰峰矿区临水派出所,细颗粒物(PM2.5),221,175,160,171,153,63,,,,24,28,10,10,1.4,1.4
2024-02-07T0100,2634A,106.9893,33.1842,汉中市,汉川机床厂子校,细颗粒物(PM2.5),54,,33,38,34,56,,,,5,5,3,3,0.7,0.7
2024-02-07T0100,2635A,107.0154,33.0706,汉中市,市监测站,细颗粒物(PM2.5),64,49,44,46,43,60,,,,12,16,7,7,0.8,0.9
2024-02-07T0100,2636A,107.0089,33.1138,汉中市,鑫源开发区,细颗粒物(PM2.5),67,,39,48,43,63,,,,12,14,6,7,0.8,0.8
2024-02-07T0100,2637A,107.007,33.0323,汉中市,南郑大河坎水厂,细颗粒物(PM2.5),65,51,50,47,45,62,,,,12,16,10,10,0.8,0.9
2024-02-07T0100,1223A,120.2072,30.2111,杭州市,滨江,细颗粒物(PM2.5),104,81,61,78,59,61,,,,23,21,7,6,1.0,0.8
2024-02-07T0100,1224A,120.0633,30.2747,杭州市,西溪,细颗粒物(PM2.5),80,76,65,59,53,62,,,,17,18,7,7,0.9,0.9
2024-02-07T0100,1226A,120.3461,30.3153,杭州市,下沙,细颗粒物(PM2.5),105,100,85,79,70,59,,,,15,16,7,6,1.0,0.8
2024-02-07T0100,1227A,120.1269,30.2456,杭州市,卧龙桥,细颗粒物(PM2.5),90,76,61,67,57,52,,,,12,14,5,5,1.2,1
2024-02-07T0100,1228A,120.1903,30.2692,杭州市,浙江农大,细颗粒物(PM2.5),102,84,67,76,60,56,,,,21,19,9,9,0.9,0.8
2024-02-07T0100,1230A,120.1197,30.3119,杭州市,和睦小学,细颗粒物(PM2.5),92,80,58,68,54,57,,,,21,20,6,6,1.1,0.9
2024-02-07T0100,1231A,120.3019,30.4183,杭州市,临平镇,细颗粒物(PM2.5),107,109,91,80,68,56,,,,13,11,6,5,1.2,1
2024-02-07T0100,1232A,120.2697,30.1819,杭州市,城厢镇,细颗粒物(PM2.5),105,86,71,79,64,59,,,,22,22,6,6,1.1,0.9
2024-02-07T0100,1233A,120.0883,30.1808,杭州市,云栖,细颗粒物(PM2.5),87,78,57,64,46,58,,,,17,17,7,7,1.0,0.8
2024-02-07T0100,3557A,119.9464,30.0494,杭州市,镇二中,细颗粒物(PM2.5),72,,39,52,42,70,,,,15,19,6,6,0.9,0.8
2024-02-07T0100,3558A,119.7183,30.2367,杭州市,市府大楼,细颗粒物(PM2.5),72,57,57,52,51,62,,,,12,14,4,4,0.8,0.8
2024-02-07T0100,3656A,120.1556,30.2864,杭州市,消防大队,细颗粒物(PM2.5),99,87,66,74,58,61,,,,21,20,7,7,1.0,0.9
2024-02-07T0100,1270A,117.1959,31.7848,合肥市,明珠广场,细颗粒物(PM2.5),64,70,75,46,61,86,,,,22,24,6,5,0.9,0.7
2024-02-07T0100,1271A,117.3072,31.8764,合肥市,三里街,细颗粒物(PM2.5),64,70,72,46,62,71,,,,32,22,6,5,0.7,0.5
2024-02-07T0100,1272A,117.2588,31.8707,合肥市,琥珀山庄,细颗粒物(PM2.5),62,63,71,44,55,87,,,,17,15,5,5,0.9,0.8
2024-02-07T0100,1273A,117.1604,31.9052,合肥市,董铺水库,细颗粒物(PM2.5),79,75,80,58,62,93,,,,6,5,4,3,0.7,0.5
2024-02-07T0100,1274A,117.25,31.8571,合肥市,长江中路,细颗粒物(PM2.5),70,63,70,51,65,82,,,,21,18,7,6,0.8,0.7
2024-02-07T0100,1275A,117.266,31.9436,合肥市,庐阳区,细颗粒物(PM2.5),58,63,74,41,55,86,,,,17,16,4,4,0.9,0.7
2024-02-07T0100,1276A,117.336,31.8586,合肥市,瑶海区,细颗粒物(PM2.5),74,66,70,54,64,83,,,,20,16,2,2,0.7,0.6
2024-02-07T0100,1277A,117.3027,31.7964,合肥市,包河区,细颗粒物(PM2.5),83,78,73,61,62,65,,,,37,25,3,3,1.0,0.9
2024-02-07T0100,1278A,117.2776,31.7385,合肥市,滨湖新区,细颗粒物(PM2.5),92,80,77,68,64,81,,,,19,15,5,4,0.8,0.6
2024-02-07T0100,1279A,117.1318,31.8403,合肥市,高新区,细颗粒物(PM2.5),95,90,76,71,65,85,,,,22,20,4,4,0.9,0.7
2024-02-07T0100,3464A,117.3803,31.9147,合肥市,高教基地,细颗粒物(PM2.5),65,65,72,47,54,79,,,,16,12,4,4,0.7,0.5
2024-02-07T0100,3614A,79.924,37.0877,和田地区,地区环保局,细颗粒物(PM2.5),104,114,69,78,38,32,,,,63,22,16,7,1.6,0.7
2024-02-07T0100,3615A,79.9131,37.113,和田地区,市环保局,细颗粒物(PM2.5),80,84,55,59,33,24,,,,72,20,8,5,7.5,2.5
2024-02-07T0100,2516A,108.2011,24.715,河池市,东仁乐园,,12,12,9,6,6,33,,,,3,3,3,3,0.8,0.7
2024-02-07T0100,2517A,108.0497,24.6947,河池市,市环保站,,12,8,9,8,6,38,,,,7,8,6,6,0.6,0.6
2024-02-07T0100,2518A,108.0983,24.6989,河池市,市疾控中心,,14,3,8,2,4,43,,,,6,7,7,7,0.6,0.6
2024-02-07T0100,1696A,114.6778,23.7569,河源市,源西,,15,14,18,10,13,22,,,,6,8,4,4,0.9,0.9
2024-02-07T0100,1697A,114.6944,23.7586,河源市,东埔,,22,22,22,14,16,21,,,,6,7,6,6,0.8,0.8
2024-02-07T0100,1698A,114.6892,23.7233,河源市,老城,,19,16,22,13,16,22,,,,8,8,5,5,0.9,0.9
2024-02-07T0100,1718A,115.4208,35.2464,菏泽市,气象局,细颗粒物(PM2.5),163,128,134,124,122,77,,,,30,31,3,3,1.0,1.1
2024-02-07T0100,1719A,115.4747,35.2375,菏泽市,市政协,细颗粒物(PM2.5),190,161,130,143,108,58,,,,39,28,4,4,1.3,1
2024-02-07T0100,3374A,115.5564,35.0891,菏泽市,定陶老年大学,细颗粒物(PM2.5),140,122,137,107,121,70,,,,31,31,4,5,0.9,1
2024-02-07T0100,3647A,115.4702,35.2706,菏泽市,菏泽医专,细颗粒物(PM2.5),153,129,122,117,109,85,,,,29,26,5,6,1.0,0.9
2024-02-07T0100,2514A,111.5264,24.4172,贺州市,环保小区,,13,13,16,9,13,40,,,,8,9,8,8,0.8,0.8
2024-02-07T0100,2515A,111.5608,24.4078,贺州市,政协大楼,,12,10,19,4,13,38,,,,8,8,6,8,1.0,1
2024-02-07T0100,3534A,111.4744,24.4553,贺州市,西湾,,22,,13,15,15,39,,,,6,7,7,7,1.0,1
2024-02-07T0100,2385A,114.17,35.9019,鹤壁市,市监测站,细颗粒物(PM2.5),205,174,173,155,153,22,,,,38,33,2,5,1.2,1.2
2024-02-07T0100,2386A,114.2956,35.7511,鹤壁市,市交警支队,细颗粒物(PM2.5),169,162,156,128,136,32,,,,48,42,5,4,1.1,1
2024-02-07T0100,2387A,114.2878,35.7306,鹤壁市,迎宾馆,细颗粒物(PM2.5),200,,128,150,137,42,,,,45,36,6,7,2.2,1.1
2024-02-07T0100,3474A,114.2617,35.6822,鹤壁市,大新区,细颗粒物(PM2.5),213,163,133,163,142,28,,,,56,35,6,7,1.3,1.1
2024-02-07T0100,3596A,114.1572,35.9603,鹤壁市,南山宾馆,细颗粒物(PM2.5),210,175,169,160,159,62,,,,25,24,9,10,1.4,1.3
2024-02-07T0100,2244A,130.2537,47.3416,鹤岗市,哈啤分公司,,21,18,35,14,27,66,,,,7,21,14,17,0.8,0.9
2024-02-07T0100,2245A,130.2684,47.3086,鹤岗市,斯达机电,,33,32,39,23,26,75,,,,5,20,10,11,0.2,0.4
2024-02-07T0100,2246A,130.3114,47.3388,鹤岗市,东山纸板厂,细颗粒物(PM2.5),69,78,136,50,42,16,,,,45,47,21,19,1.3,1.5
2024-02-07T0100,2247A,130.1097,47.3382,鹤岗市,五号水库,,20,20,24,12,19,61,,,,9,11,8,9,0.4,0.5
2024-02-07T0100,2263A,127.4833,50.2524,黑河市,交通局,,23,,27,16,20,63,,,,6,13,6,6,0.4,0.5
2024-02-07T0100,2264A,127.5144,50.2341,黑河市,环保局,细颗粒物(PM2.5),63,56,42,45,34,31,,,,28,29,5,8,0.5,0.6
2024-02-07T0100,2265A,127.5291,50.2472,黑河市,大黑河岛,,,24,19,16,18,60,,,,130,238,9,12,,
2024-02-07T0100,1074A,115.6838,37.7541,衡水市,电机北厂,细颗粒物(PM2.5),186,156,115,140,99,23,,,,48,20,2,3,1.2,0.9
2024-02-07T0100,1075A,115.6303,37.7316,衡水市,市监测站,细颗粒物(PM2.5),149,133,103,114,93,39,,,,31,28,3,5,1.1,0.9
2024-02-07T0100,3188A,115.6683,37.7217,衡水市,市城管局,细颗粒物(PM2.5),149,,110,114,101,60,,,,25,24,6,6,1.0,0.9
2024-02-07T0100,3459A,115.5989,37.5491,衡水市,地表水厂,细颗粒物(PM2.5),172,147,110,130,107,26,,,,57,43,4,4,1.3,1.1
2024-02-07T0100,2456A,112.5003,26.9167,衡阳市,原169医院,,28,25,20,19,17,68,,,,13,13,1,3,1.0,0.9
2024-02-07T0100,2457A,112.6194,26.9258,衡阳市,衡阳化工总厂,,33,,26,23,25,75,,,,7,10,9,7,1.0,1
2024-02-07T0100,2458A,112.6211,26.8956,衡阳市,珠晖区环保局,,38,,24,26,26,71,,,,7,12,5,6,1.0,1
2024-02-07T0100,2459A,112.6197,26.8733,衡阳市,市委党校,,40,28,22,28,22,76,,,,10,11,6,7,1.0,0.9
2024-02-07T0100,2460A,112.6006,26.8919,衡阳市,市监测站,,35,29,32,24,29,74,,,,13,17,6,7,0.9,0.9
2024-02-07T0100,2461A,112.5664,26.9056,衡阳市,真空机电公司,,45,,22,31,37,66,,,,13,15,8,5,1.1,1
2024-02-07T0100,3399A,112.6703,26.882,衡阳市,师范学院,,38,,25,26,23,78,,,,8,9,7,7,0.9,0.9
2024-02-07T0100,2608A,103.3772,23.3993,红河哈尼族彝族自治州,污水处理厂,细颗粒物(PM2.5),52,44,41,36,34,85,,,,6,7,7,7,0.5,0.4
2024-02-07T0100,2609A,103.3861,23.35,红河哈尼族彝族自治州,监测站,,49,43,51,34,38,72,,,,10,8,7,19,0.5,0.5
2024-02-07T0100,3038A,103.3758,23.368,红河哈尼族彝族自治州,州图书馆,,46,39,37,32,32,79,,,,6,7,9,8,0.5,0.5
2024-02-07T0100,1090A,111.6507,40.7517,呼和浩特市,呼市一监,细颗粒物(PM2.5),93,73,46,69,36,50,,,,30,21,3,6,0.8,0.5
2024-02-07T0100,1091A,111.6572,40.8033,呼和浩特市,小召,细颗粒物(PM2.5),54,53,23,38,14,55,,,,40,19,5,5,0.6,0.4
2024-02-07T0100,1094A,111.7516,40.8369,呼和浩特市,如意水处理厂,细颗粒物(PM2.5),59,,22,42,18,22,,,,67,27,11,10,0.7,0.5
2024-02-07T0100,1095A,111.7276,40.8062,呼和浩特市,二十九中,颗粒物(PM10),54,57,32,31,22,43,,,,41,23,9,9,0.6,0.5
2024-02-07T0100,1096A,111.5512,40.7866,呼和浩特市,工大金川校区,细颗粒物(PM2.5),58,,52,41,37,31,,,,47,23,6,11,0.9,0.6
2024-02-07T0100,1097A,111.717,40.7612,呼和浩特市,化肥厂生活区,细颗粒物(PM2.5),53,44,42,37,36,48,,,,34,27,9,10,0.9,0.8
2024-02-07T0100,3698A,111.5968,40.8178,呼和浩特市,红旗小学,,20,19,12,12,9,55,,,,40,12,7,6,0.4,0.3
2024-02-07T0100,3699A,111.6518,40.8389,呼和浩特市,海东办,,27,27,15,18,9,58,,,,36,18,8,7,0.3,0.2
2024-02-07T0100,2192A,119.7594,49.2261,呼伦贝尔市,区环保局,,32,,31,22,25,74,,,,12,25,4,4,0.4,0.6
2024-02-07T0100,3061A,119.7512,49.1577,呼伦贝尔市,国华电力东,,26,25,36,18,30,75,,,,10,15,5,5,0.2,0.3
2024-02-07T0100,1250A,120.0751,30.8669,湖州市,城西水厂,细颗粒物(PM2.5),89,75,69,66,59,43,,,,23,23,3,3,0.8,0.7
2024-02-07T0100,2873A,120.0875,30.8955,湖州市,仁皇山新区,细颗粒物(PM2.5),89,78,70,66,60,46,,,,25,22,6,5,0.9,0.8
2024-02-07T0100,2907A,120.1844,30.8596,湖州市,吴兴区站,细颗粒物(PM2.5),95,84,75,71,63,46,,,,24,21,6,5,0.8,0.7
2024-02-07T0100,3562A,120.4148,30.8538,湖州市,南浔区站,细颗粒物(PM2.5),88,79,77,65,67,51,,,,27,25,7,6,0.8,0.7
2024-02-07T0100,1607A,120.9092,40.7136,葫芦岛市,龙港区,细颗粒物(PM2.5),138,122,58,105,43,16,,,,69,21,16,22,1.3,0.7
2024-02-07T0100,1608A,120.8392,40.7514,葫芦岛市,化工街,细颗粒物(PM2.5),107,127,73,80,47,9,,,,54,25,18,20,1.8,1.1
2024-02-07T0100,1609A,120.8341,40.7073,葫芦岛市,新区,细颗粒物(PM2.5),142,138,63,108,54,6,,,,73,33,17,20,1.8,0.9
2024-02-07T0100,1610A,120.8695,40.7677,葫芦岛市,东城区,细颗粒物(PM2.5),115,131,72,87,62,3,,,,57,31,28,26,1.9,1.3
2024-02-07T0100,2482A,109.5981,27.5721,怀化市,林科所,细颗粒物(PM2.5),53,42,28,37,29,72,,,,4,4,9,9,0.7,0.8
2024-02-07T0100,2483A,109.9453,27.5444,怀化市,河西地税局,细颗粒物(PM2.5),62,46,46,44,43,69,,,,2,3,4,4,0.9,0.9
2024-02-07T0100,2484A,109.9781,27.5342,怀化市,市四医院,细颗粒物(PM2.5),74,58,45,54,44,63,,,,3,4,2,2,0.7,0.7
2024-02-07T0100,2485A,109.9972,27.5578,怀化市,监测楼,细颗粒物(PM2.5),73,56,41,53,39,53,,,,6,7,4,9,0.7,0.7
2024-02-07T0100,2486A,110.0394,27.583,怀化市,市委党校,细颗粒物(PM2.5),89,69,48,66,45,61,,,,2,3,4,4,0.9,0.8
2024-02-07T0100,1210A,119.036,33.5981,淮安市,钵池山,细颗粒物(PM2.5),83,73,75,61,62,50,,,,32,25,6,7,0.9,0.8
2024-02-07T0100,1211A,119.007,33.575,淮安市,北京南路,细颗粒物(PM2.5),79,83,74,58,60,43,,,,39,25,7,8,1.1,0.9
2024-02-07T0100,1212A,118.989,33.6067,淮安市,市监测站,细颗粒物(PM2.5),94,92,82,70,73,52,,,,35,28,9,7,1.5,1.1
2024-02-07T0100,1213A,119.135,33.5039,淮安市,楚州区监测站,细颗粒物(PM2.5),73,73,72,53,55,51,,,,33,26,7,7,1.0,1
2024-02-07T0100,1214A,119.0186,33.6297,淮安市,淮阴区监测站,细颗粒物(PM2.5),93,100,93,69,67,42,,,,42,32,6,5,1.2,0.8
2024-02-07T0100,3426A,118.8755,33.2894,淮安市,新华书店,细颗粒物(PM2.5),90,83,91,67,73,60,,,,32,30,7,8,0.9,0.9
2024-02-07T0100,2282A,116.8004,33.975,淮北市,监测站,细颗粒物(PM2.5),99,104,99,74,89,38,,,,52,37,6,9,1.6,1.3
2024-02-07T0100,2283A,116.8091,33.9007,淮北市,烈山区政府,细颗粒物(PM2.5),148,135,112,113,100,65,,,,35,30,6,6,1.1,0.8
2024-02-07T0100,3330A,116.8873,33.9836,淮北市,杜集区检察院,细颗粒物(PM2.5),169,156,131,128,102,61,,,,36,25,9,8,1.3,1
2024-02-07T0100,4017A,116.7923,33.9535,淮北市,市博物馆,细颗粒物(PM2.5),153,154,124,117,101,16,,,,78,38,7,8,1.6,1.1
2024-02-07T0100,2277A,116.8305,32.7727,淮南市,潘集区政府,细颗粒物(PM2.5),133,119,99,101,87,108,,,,21,22,6,6,1.0,0.7
2024-02-07T0100,2278A,117.0067,32.6524,淮南市,师范学院,细颗粒物(PM2.5),114,103,92,86,71,91,,,,32,24,7,5,0.9,0.8
2024-02-07T0100,2279A,116.8569,32.5951,淮南市,谢家集区政府,细颗粒物(PM2.5),105,93,87,79,79,108,,,,26,22,9,5,0.8,0.6
2024-02-07T0100,2280A,116.8281,32.633,淮南市,八公山区政府,细颗粒物(PM2.5),108,104,91,81,76,106,,,,21,19,4,4,0.8,0.7
2024-02-07T0100,2281A,116.6325,32.6201,淮南市,焦岗湖风景区管理处,细颗粒物(PM2.5),93,87,81,69,65,91,,,,25,21,2,3,0.6,0.4
2024-02-07T0100,2894A,117.0566,32.6531,淮南市,经济技术开发区消防队,细颗粒物(PM2.5),100,108,87,75,70,90,,,,20,17,4,5,0.8,0.6
2024-02-07T0100,3329A,117.0108,32.5893,淮南市,山南新区,细颗粒物(PM2.5),103,91,88,77,80,88,,,,25,15,4,5,0.7,0.5
2024-02-07T0100,2446A,114.9028,30.4742,黄冈市,职工中心,细颗粒物(PM2.5),84,76,68,62,59,77,,,,8,8,8,7,0.7,0.7
2024-02-07T0100,2929A,114.8858,30.4519,黄冈市,红卫路,细颗粒物(PM2.5),94,77,68,70,62,69,,,,8,10,5,5,0.8,0.9
2024-02-07T0100,3398A,114.9136,30.4445,黄冈市,市林业局,细颗粒物(PM2.5),92,74,64,68,58,74,,,,12,10,6,7,0.5,0.6
2024-02-07T0100,2672A,102.0199,35.5102,黄南藏族自治州,同仁县隆务镇,细颗粒物(PM2.5),64,53,66,46,52,86,,,,10,14,12,9,0.6,0.9
2024-02-07T0100,2295A,118.2903,29.6963,黄山市,延安路89号,,31,31,37,15,21,49,,,,7,9,4,4,0.4,0.5
2024-02-07T0100,2296A,118.327,29.7178,黄山市,黄山东路89号,,25,19,29,17,22,44,,,,9,10,4,4,0.7,0.7
2024-02-07T0100,2297A,118.1371,30.2756,黄山市,黄山区政府5号楼,细颗粒物(PM2.5),74,,43,54,38,49,,,,15,15,4,3,0.7,0.8
2024-02-07T0100,2423A,115.0601,30.2313,黄石市,沈家营,细颗粒物(PM2.5),97,,66,72,58,72,,,,17,20,7,6,1.0,1
2024-02-07T0100,2424A,115.0817,30.2006,黄石市,陈家湾,细颗粒物(PM2.5),100,75,64,75,71,74,,,,20,25,6,6,0.7,0.8
2024-02-07T0100,2426A,114.8988,30.2019,黄石市,铁山,细颗粒物(PM2.5),119,,56,90,70,76,,,,18,22,5,5,0.9,0.8
2024-02-07T0100,2427A,115.0307,30.2092,黄石市,团城山,细颗粒物(PM2.5),95,74,67,71,55,77,,,,14,16,5,5,0.9,1
2024-02-07T0100,3149A,115.0235,30.1578,黄石市,笔架山北路,细颗粒物(PM2.5),108,,59,81,60,77,,,,16,21,4,6,1.1,1.1
2024-02-07T0100,1392A,114.4183,23.0528,惠州市,河南岸金山湖子站,,24,24,22,16,14,72,,,,4,7,4,4,0.5,0.6
2024-02-07T0100,1393A,114.4053,23.0822,惠州市,下埔横江三路子站,,25,25,23,14,13,73,,,,7,10,4,5,0.6,0.7
2024-02-07T0100,1394A,114.4103,23.1142,惠州市,江北云山西路子站,,24,24,21,15,15,76,,,,3,7,8,8,0.6,0.7
2024-02-07T0100,1395A,114.4645,22.7833,惠州市,惠阳区承修路船湖子站,,30,30,21,15,12,76,,,,8,12,7,7,0.6,0.6
2024-02-07T0100,1396A,114.5317,22.7422,惠州市,大亚湾管委会子站,,31,31,29,15,12,82,,,,9,12,6,6,0.6,0.6
2024-02-07T0100,3314A,114.4338,22.8134,惠州市,惠阳秋长,,29,29,22,14,13,82,,,,6,6,6,6,0.7,0.7
2024-02-07T0100,3452A,114.6517,22.775,惠州市,大亚湾霞涌,,24,24,24,13,14,75,,,,7,9,6,6,0.6,0.7
2024-02-07T0100,2240A,130.9762,45.3001,鸡西市,环保局,,,,54,,46,,,55,,,26,,9,,0.6
2024-02-07T0100,2243A,130.9429,45.3039,鸡西市,第一中学,,43,42,50,30,42,74,,,,11,18,9,18,0.3,0.5
2024-02-07T0100,3707A,131.0207,45.3073,鸡西市,欧美日汽修厂,细颗粒物(PM2.5),83,81,82,61,67,51,,,,27,39,18,33,1.7,2.4
2024-02-07T0100,3709A,130.9967,45.3106,鸡西市,市政设施管理处,细颗粒物(PM2.5),69,77,62,50,51,42,,,,40,42,3,4,0.7,0.8
2024-02-07T0100,2367A,114.9754,27.0803,吉安市,红声器材厂,,27,27,34,14,17,30,,,,25,19,12,10,1.0,1
2024-02-07T0100,2368A,114.9658,27.0999,吉安市,市森林工业局,,21,21,24,9,18,35,,,,15,13,7,7,0.4,0.6
2024-02-07T0100,2369A,114.99,27.1312,吉安市,市环境监测站,,22,17,24,15,15,31,,,,24,19,7,6,0.6,0.8
2024-02-07T0100,2370A,115.0093,27.0968,吉安市,青原区法院,,18,16,24,12,16,32,,,,18,15,8,8,0.7,0.8
2024-02-07T0100,1772A,126.54,43.8622,吉林市,哈达湾,细颗粒物(PM2.5),163,147,154,124,131,55,,,,49,46,18,32,1.4,1.5
2024-02-07T0100,1773A,126.5844,43.8358,吉林市,东局子,细颗粒物(PM2.5),118,106,150,89,130,38,,,,43,52,10,25,1.6,1.7
2024-02-07T0100,1774A,126.5052,43.8245,吉林市,电力学院,细颗粒物(PM2.5),168,134,172,127,155,43,,,,43,46,10,47,1.7,1.8
2024-02-07T0100,1775A,126.6133,43.8972,吉林市,江北,细颗粒物(PM2.5),132,124,141,100,114,52,,,,43,42,11,21,1.6,1.7
2024-02-07T0100,1776A,126.555,43.8306,吉林市,江南公园,细颗粒物(PM2.5),193,168,158,145,141,21,,,,69,54,9,27,1.7,1.9
2024-02-07T0100,1778A,126.7061,43.7133,吉林市,丰满,,,,,,,,,,,,,,,,
2024-02-07T0100,2868A,126.4739,43.953,吉林市,九站,细颗粒物(PM2.5),182,167,177,137,151,16,,,,83,59,8,40,1.6,1.5
2024-02-07T0100,1299A,116.9862,36.6114,济南市,科干所,细颗粒物(PM2.5),102,100,92,76,72,60,,,,34,45,8,11,1.0,1.1
2024-02-07T0100,1300A,116.9376,36.665,济南市,农科所,细颗粒物(PM2.5),117,120,95,88,72,4,,,,78,49,12,11,1.2,1
2024-02-07T0100,1301A,117.1265,36.6734,济南市,开发区,细颗粒物(PM2.5),108,95,89,81,72,56,,,,22,35,6,7,0.9,1
2024-02-07T0100,1303A,117.0624,36.6868,济南市,省种子仓库,细颗粒物(PM2.5),117,112,98,88,75,8,,,,74,54,6,8,1.0,0.9
2024-02-07T0100,1304A,116.9489,36.6447,济南市,机床二厂,细颗粒物(PM2.5),132,120,99,100,82,8,,,,73,48,41,25,1.7,1.4
2024-02-07T0100,1305A,117.0495,36.663,济南市,市监测站,细颗粒物(PM2.5),113,107,93,85,73,32,,,,65,50,11,13,1.0,0.9
2024-02-07T0100,1306A,116.7675,36.5484,济南市,长清党校,细颗粒物(PM2.5),138,134,101,105,79,32,,,,64,44,13,11,1.1,1
2024-02-07T0100,1616A,117.6795,36.229,济南市,技术学院,细颗粒物(PM2.5),175,149,110,132,93,8,,,,89,62,10,13,2.1,1.7
2024-02-07T0100,1961A,117.532,36.6868,济南市,东山小学,细颗粒物(PM2.5),104,93,96,78,78,66,,,,27,27,7,8,0.5,0.6
2024-02-07T0100,3059A,117.7161,36.2049,济南市,泰兴公司,细颗粒物(PM2.5),188,175,135,141,106,5,,,,82,62,10,12,2.4,2.1
2024-02-07T0100,3064A,117.6867,36.2171,济南市,莱芜战役纪念馆,细颗粒物(PM2.5),188,171,121,141,98,7,,,,84,59,11,13,1.8,1.5
2024-02-07T0100,3494A,117.1673,36.9782,济南市,济阳区政府,细颗粒物(PM2.5),140,137,123,107,94,15,,,,70,40,10,15,0.9,0.9
2024-02-07T0100,3495A,117.1171,36.63,济南市,锦屏中学,细颗粒物(PM2.5),108,90,82,81,71,70,,,,29,36,6,7,0.7,0.7
2024-02-07T0100,3682A,116.9814,36.6819,济南市,济南四建,细颗粒物(PM2.5),135,117,84,103,78,5,,,,88,56,25,17,1.4,1.2
2024-02-07T0100,1653A,116.6251,35.4302,济宁市,火炬城,细颗粒物(PM2.5),163,139,103,124,94,59,,,,33,35,6,6,1.3,1.2
2024-02-07T0100,1655A,116.5491,35.4042,济宁市,电化厂,细颗粒物(PM2.5),195,178,134,146,107,45,,,,48,39,14,11,1.4,1.3
2024-02-07T0100,3500A,116.5814,35.3707,济宁市,北湖一中,细颗粒物(PM2.5),163,143,108,124,98,50,,,,33,33,6,8,1.0,1.1
2024-02-07T0100,3501A,116.8249,35.5593,济宁市,服务中心,细颗粒物(PM2.5),172,156,146,130,109,56,,,,30,34,8,8,1.2,1.2
2024-02-07T0100,3678A,116.5907,35.4054,济宁市,市第七中学,细颗粒物(PM2.5),160,135,102,122,95,57,,,,34,31,8,8,1.2,1.1
2024-02-07T0100,2255A,130.2751,46.8028,佳木斯市,佳纺,细颗粒物(PM2.5),117,94,119,88,106,37,,,,55,52,8,12,1.3,1.3
2024-02-07T0100,2256A,130.3995,46.8307,佳木斯市,发电厂,细颗粒物(PM2.5),102,94,87,76,74,47,,,,53,36,8,12,1.2,1
2024-02-07T0100,2257A,130.3258,46.7975,佳木斯市,环保局,细颗粒物(PM2.5),110,84,101,83,97,37,,,,62,50,9,12,1.1,1
2024-02-07T0100,2258A,130.3648,46.8032,佳木斯市,十一中,细颗粒物(PM2.5),143,112,107,109,101,12,,,,89,62,7,10,1.5,1.3
2024-02-07T0100,2259A,130.3794,46.7588,佳木斯市,四丰,颗粒物(PM10),63,75,78,41,49,113,,,,4,6,1,1,0.7,0.6
2024-02-07T0100,1252A,120.7436,30.778,嘉兴市,清河小学,细颗粒物(PM2.5),103,89,80,77,67,39,,,,20,16,6,6,1.4,1.1
2024-02-07T0100,1253A,120.726,30.7478,嘉兴市,嘉兴学院,细颗粒物(PM2.5),93,91,77,69,59,41,,,,30,26,6,5,1.2,0.8
2024-02-07T0100,2872A,120.7846,30.7525,嘉兴市,南湖区残联,细颗粒物(PM2.5),102,101,88,76,68,43,,,,26,21,7,6,1.2,0.9
2024-02-07T0100,3407A,120.6916,30.7739,嘉兴市,秀洲住建,细颗粒物(PM2.5),102,87,76,76,71,40,,,,25,22,10,9,1.1,0.8
2024-02-07T0100,1945A,98.2908,39.7711,嘉峪关市,气象局,细颗粒物(PM2.5),67,73,60,48,38,59,,,,15,22,4,3,0.4,0.4
2024-02-07T0100,2884A,98.2672,39.7978,嘉峪关市,酒钢宾馆,细颗粒物(PM2.5),64,75,68,46,40,43,,,,32,21,2,10,0.6,0.7
2024-02-07T0100,3248A,98.2643,39.7724,嘉峪关市,雄关区,颗粒物(PM10),61,71,55,36,31,40,,,,27,20,6,5,0.5,0.5
2024-02-07T0100,1383A,113.1064,22.6058,江门市,北街,,20,,24,14,17,9,,,,26,29,6,7,0.9,0.9
2024-02-07T0100,1384A,113.0731,22.5835,江门市,西区,,23,22,33,16,17,11,,,,19,26,6,6,0.8,0.8
2024-02-07T0100,1385A,113.0219,22.5311,江门市,圭峰西,,25,,34,17,29,12,,,,18,28,5,6,0.8,0.9
2024-02-07T0100,1386A,113.0828,22.5947,江门市,东湖,,23,23,30,13,16,11,,,,18,23,6,7,0.8,0.8
2024-02-07T0100,3311A,113.1075,22.5647,江门市,江海富民,,35,34,30,24,16,10,,,,22,26,6,7,0.8,0.8
2024-02-07T0100,3449A,113.05,22.4667,江门市,新会银湖,,32,,33,22,24,13,,,,16,19,5,6,0.9,0.9
2024-02-07T0100,1828A,113.227,35.2125,焦作市,市环保局,细颗粒物(PM2.5),248,226,197,198,169,18,,,,53,40,5,12,1.8,1.7
2024-02-07T0100,1830A,113.1992,35.2590,焦作市,影视城,,,,,,,,,,,,,,,,
2024-02-07T0100,3169A,113.2725,35.2067,焦作市,太极体育中心,细颗粒物(PM2.5),266,239,208,216,178,26,,,,48,36,6,10,2.0,1.8
2024-02-07T0100,3335A,113.3137,35.2641,焦作市,马村街道办,细颗粒物(PM2.5),227,186,178,177,163,54,,,,30,29,6,10,1.3,1.5
2024-02-07T0100,3336A,113.2465,35.2373,焦作市,焦作技师学院,细颗粒物(PM2.5),213,189,179,163,157,42,,,,34,32,11,15,1.6,1.5
2024-02-07T0100,3477A,113.1656,35.2539,焦作市,中站许衡医院,细颗粒物(PM2.5),196,176,176,147,145,39,,,,51,37,6,13,1.3,1.4
2024-02-07T0100,3981A,113.2449,35.1803,焦作市,原李万街道办,细颗粒物(PM2.5),255,236,198,205,172,41,,,,51,43,4,6,1.6,1.6
2024-02-07T0100,1708A,116.3701,23.5345,揭阳市,新兴,,50,39,29,35,22,64,,,,18,13,10,8,1.0,0.9
2024-02-07T0100,1709A,116.3264,23.5443,揭阳市,西马,颗粒物(PM10),58,65,31,31,21,72,,,,13,11,10,8,0.8,0.7
2024-02-07T0100,1710A,116.3611,23.5626,揭阳市,东兴,,40,33,29,28,21,73,,,,11,8,9,8,0.8,0.8
2024-02-07T0100,1711A,116.4151,23.5294,揭阳市,渔湖,,32,32,27,21,14,70,,,,12,11,8,8,0.7,0.7
2024-02-07T0100,3320A,116.403,23.5699,揭阳市,曲溪,,36,36,31,20,19,75,,,,10,10,3,3,0.7,0.7
2024-02-07T0100,1944A,102.1692,38.5167,金昌市,天庆家园,颗粒物(PM10),65,79,83,40,46,68,,,,24,24,2,23,0.9,1
2024-02-07T0100,3170A,102.1864,38.5253,金昌市,市委党校,细颗粒物(PM2.5),87,93,90,64,55,77,,,,18,19,4,7,1.0,0.9
2024-02-07T0100,4022A,102.1647,38.5371,金昌市,金川区人防中心,颗粒物(PM10),70,89,76,50,45,66,,,,18,17,8,8,1.0,1.1
2024-02-07T0100,1262A,119.647,29.077,金华市,十五中,,40,31,33,28,28,39,,,,22,21,2,2,0.8,0.6
2024-02-07T0100,1263A,119.686,29.1029,金华市,监测站,,43,32,36,30,31,40,,,,20,17,2,2,1.0,0.7
2024-02-07T0100,3659A,119.656,29.1131,金华市,气象局,,39,32,34,27,27,38,,,,23,20,2,2,1.2,1
2024-02-07T0100,1767A,121.1115,41.0879,锦州市,南山,细颗粒物(PM2.5),176,,46,133,47,10,,,,62,23,19,28,2.6,1
2024-02-07T0100,1768A,121.0533,40.8434,锦州市,开发区,细颗粒物(PM2.5),147,,60,112,49,6,,,,64,37,22,21,1.4,0.9
2024-02-07T0100,1769A,121.1836,41.1119,锦州市,百股街道,细颗粒物(PM2.5),94,95,50,70,36,18,,,,47,22,16,37,1.4,0.9
2024-02-07T0100,1770A,121.1178,41.1222,锦州市,天安街道,细颗粒物(PM2.5),122,122,53,92,38,25,,,,41,26,9,15,1.9,0.7
2024-02-07T0100,1771A,121.1303,41.1386,锦州市,北湖公园,细颗粒物(PM2.5),102,,42,76,38,19,,,,43,19,14,21,1.7,0.9
2024-02-07T0100,2160A,112.85,35.5051,晋城市,自来水公司,细颗粒物(PM2.5),203,,117,153,108,80,,,,33,30,6,12,1.5,1.9
2024-02-07T0100,2161A,112.8318,35.4936,晋城市,白云商贸,细颗粒物(PM2.5),119,111,112,90,89,63,,,,33,28,6,10,1.1,1.4
2024-02-07T0100,2162A,112.8508,35.4887,晋城市,市环保局,细颗粒物(PM2.5),192,159,140,144,108,78,,,,31,32,7,12,1.6,1.9
2024-02-07T0100,2163A,112.8676,35.4897,晋城市,技术学院,细颗粒物(PM2.5),195,168,135,146,117,64,,,,44,39,5,11,1.4,1.9
2024-02-07T0100,2165A,112.8453,35.546,晋城市,白马寺,,,,,,,,,,,,,,,,
2024-02-07T0100,3620A,112.8271,35.4828,晋城市,泽州一中,细颗粒物(PM2.5),140,135,97,107,79,76,,,,34,32,8,10,1.4,1.3
2024-02-07T0100,2171A,112.7532,37.6945,晋中市,锦纶小区,细颗粒物(PM2.5),100,90,128,75,105,48,,,,27,36,12,12,0.7,1.1
2024-02-07T0100,2173A,112.7249,37.7067,晋中市,南都小区,细颗粒物(PM2.5),100,124,142,75,101,26,,,,49,45,13,14,1.0,1.2
2024-02-07T0100,2174A,112.6991,37.6982,晋中市,榆次区政府,颗粒物(PM10),84,117,129,61,95,15,,,,59,40,14,14,0.9,1.2
2024-02-07T0100,2865A,112.7195,37.6828,晋中市,榆次三中,细颗粒物(PM2.5),100,102,133,75,98,33,,,,39,38,12,13,0.9,1.2
2024-02-07T0100,2439A,112.2014,31.0481,荆门市,竹园小学,细颗粒物(PM2.5),99,89,101,74,87,81,,,,16,17,10,8,0.9,0.9
2024-02-07T0100,2440A,112.1969,30.9891,荆门市,掇刀,细颗粒物(PM2.5),105,88,95,79,86,88,,,,14,15,7,10,0.8,0.9
2024-02-07T0100,2441A,112.2213,31.0386,荆门市,石化一小,细颗粒物(PM2.5),109,104,103,82,88,82,,,,16,17,12,13,0.8,0.8
2024-02-07T0100,3012A,112.1849,31.0362,荆门市,西山林语,细颗粒物(PM2.5),95,83,94,71,84,91,,,,12,12,8,8,0.7,0.8
2024-02-07T0100,3547A,112.1632,31.0138,荆门市,龙泉中学南校,细颗粒物(PM2.5),94,,95,70,85,99,,,,7,8,10,11,0.6,0.8
2024-02-07T0100,1844A,112.2494,30.3197,荆州市,市图书馆,细颗粒物(PM2.5),138,,81,105,93,67,,,,21,21,6,6,1.1,1
2024-02-07T0100,1845A,112.2008,30.3544,荆州市,市委党校,细颗粒物(PM2.5),149,,88,114,93,59,,,,27,20,6,5,1.3,1.2
2024-02-07T0100,3194A,112.2747,30.3122,荆州市,管委会,细颗粒物(PM2.5),142,,82,108,97,69,,,,20,18,7,7,1.1,1
2024-02-07T0100,3548A,112.1655,30.3364,荆州市,学苑路,细颗粒物(PM2.5),137,,75,104,86,55,,,,26,21,7,7,1.2,1
2024-02-07T0100,2342A,117.3102,29.3867,景德镇市,王港中学,,15,,14,10,14,39,,,,2,3,2,2,0.4,0.4
2024-02-07T0100,2343A,117.2117,29.2933,景德镇市,老干部活动中心,,11,7,15,6,13,34,,,,7,9,3,3,0.5,0.5
2024-02-07T0100,2344A,117.1894,29.2789,景德镇市,兽医站,,15,15,18,4,13,35,,,,2,5,4,4,0.5,0.5
2024-02-07T0100,2345A,117.1547,29.2617,景德镇市,台达陶瓷,,17,17,14,9,14,35,,,,7,10,4,4,0.5,0.5
2024-02-07T0100,2346A,117.2461,29.2956,景德镇市,陶研所,,15,,15,10,11,33,,,,7,9,3,4,0.5,0.5
2024-02-07T0100,1803A,115.9872,29.6815,九江市,十里,细颗粒物(PM2.5),74,57,56,54,48,54,,,,20,17,8,8,0.8,0.7
2024-02-07T0100,1804A,115.9584,29.7046,九江市,茅山头,细颗粒物(PM2.5),73,,55,53,50,46,,,,26,21,9,8,0.8,0.7
2024-02-07T0100,1805A,115.9877,29.7295,九江市,西园,细颗粒物(PM2.5),82,60,54,60,55,52,,,,25,19,7,6,0.8,0.7
2024-02-07T0100,1806A,116.0172,29.6547,九江市,五七二七厂,细颗粒物(PM2.5),73,67,59,53,50,45,,,,17,15,7,7,0.8,0.7
2024-02-07T0100,1808A,115.9114,29.6038,九江市,综合工业园,细颗粒物(PM2.5),82,65,55,60,58,52,,,,20,24,9,9,0.9,0.8
2024-02-07T0100,1809A,116.0721,29.7535,九江市,石化总厂,细颗粒物(PM2.5),82,70,52,60,49,62,,,,19,17,6,6,0.8,0.6
2024-02-07T0100,1810A,115.9773,29.5698,九江市,庐山气象台,,22,,8,15,11,58,,,,4,4,8,10,1.2,1.3
2024-02-07T0100,3190A,116.0254,29.6994,九江市,外国语学校,细颗粒物(PM2.5),70,66,57,51,51,45,,,,28,23,12,8,0.7,0.6
2024-02-07T0100,2658A,98.5061,39.7443,酒泉市,仓门街子站,颗粒物(PM10),60,70,70,42,40,63,,,,15,16,3,3,0.7,0.7
2024-02-07T0100,2659A,98.4989,39.7256,酒泉市,油田生活基地,细颗粒物(PM2.5),83,92,81,61,48,57,,,,15,17,4,5,0.8,0.7
2024-02-07T0100,2698A,76.0072,39.4467,喀什地区,巡警大队,颗粒物(PM10),68,86,74,34,34,55,,,,38,28,4,4,1.3,1.2
2024-02-07T0100,2699A,75.9755,39.4694,喀什地区,吾办,颗粒物(PM10),57,64,97,38,67,53,,,,37,32,6,6,0.9,1.1
2024-02-07T0100,4027A,75.9483,39.4689,喀什地区,老干局,细颗粒物(PM2.5),100,129,83,75,43,17,,,,70,29,3,5,3.1,1.5
2024-02-07T0100,1824A,114.3389,34.7781,开封市,肿瘤医院,细颗粒物(PM2.5),207,181,141,157,134,66,,,,37,32,2,3,1.1,1.1
2024-02-07T0100,1826A,114.2885,34.7965,开封市,世纪星幼儿园,细颗粒物(PM2.5),205,,130,155,137,95,,,,27,32,4,6,1.1,1
2024-02-07T0100,3147A,114.3438,34.8106,开封市,龙亭公园,细颗粒物(PM2.5),276,298,142,226,145,32,,,,75,32,3,4,1.5,1.1
2024-02-07T0100,3210A,114.3644,34.7964,开封市,汴京公园,细颗粒物(PM2.5),253,203,143,203,147,42,,,,59,34,1,3,1.2,1.1
2024-02-07T0100,3473A,114.2485,34.8306,开封市,技师学院,细颗粒物(PM2.5),192,169,123,144,133,78,,,,28,22,3,5,1.2,1.2
2024-02-07T0100,3592A,114.4644,34.7556,开封市,祥符区生态环境局,,,,181,,164,,,49,,,51,,1,,0.8
2024-02-07T0100,1951A,84.895,45.6094,克拉玛依市,长征新村,细颗粒物(PM2.5),99,114,104,74,68,79,,,,42,45,9,8,1.0,1
2024-02-07T0100,1952A,84.8988,45.5893,克拉玛依市,南林小区,细颗粒物(PM2.5),107,124,108,80,71,68,,,,50,48,4,4,1.0,1.2
2024-02-07T0100,1954A,84.905,44.3396,克拉玛依市,独山子区,细颗粒物(PM2.5),185,177,171,139,142,65,,,,52,55,4,5,1.3,1.4
2024-02-07T0100,1955A,85.6979,46.098,克拉玛依市,乌尔禾区商贸楼,细颗粒物(PM2.5),110,83,101,83,86,61,,,,50,58,5,6,1.4,1.4
2024-02-07T0100,3612A,85.1045,45.6899,克拉玛依市,白碱滩区新站,颗粒物(PM10),76,102,117,54,64,78,,,,32,40,9,9,0.8,0.9
2024-02-07T0100,2697A,76.1454,39.7142,克孜勒苏柯尔克孜自治州,市人民政府,,49,49,52,30,32,67,,,,15,14,5,4,0.6,0.6
2024-02-07T0100,3665A,76.1658,39.7157,克孜勒苏柯尔克孜自治州,克州文化中心,细颗粒物(PM2.5),53,52,56,37,33,65,,,,18,16,8,8,0.6,0.7
2024-02-07T0100,1450A,102.8204,24.8886,昆明市,呈贡新区,,36,30,25,25,17,79,,,,7,7,6,5,0.6,0.6
2024-02-07T0100,1451A,102.6251,24.9608,昆明市,西山森林公园,,32,20,21,18,12,101,,,,4,5,6,7,0.6,0.6
2024-02-07T0100,1452A,102.7252,25.0902,昆明市,龙泉镇,,34,34,27,22,17,64,,,,13,21,9,8,0.4,0.3
2024-02-07T0100,1453A,102.7266,25.0375,昆明市,东风东路,,31,31,26,19,18,81,,,,11,13,10,10,0.5,0.5
2024-02-07T0100,1454A,102.6742,25.0669,昆明市,金鼎山,,39,37,28,27,17,75,,,,11,14,19,15,0.7,0.6
2024-02-07T0100,1455A,102.6644,25.0401,昆明市,碧鸡广场,,36,34,28,25,20,72,,,,14,15,8,9,0.6,0.5
2024-02-07T0100,3179A,102.7494,25.0119,昆明市,官渡区博物馆,,27,26,24,17,16,85,,,,4,6,7,8,0.4,0.4
2024-02-07T0100,3375A,102.8017,24.8336,昆明市,青年创业园,,32,32,24,20,16,79,,,,8,5,8,9,0.4,0.4
2024-02-07T0100,3550A,102.7997,24.9786,昆明市,昆明学院,,29,29,24,20,15,78,,,,4,3,11,10,0.4,0.4
2024-02-07T0100,3551A,102.5967,24.6736,昆明市,晋宁区生态环境分局,,45,45,31,17,16,92,,,,6,9,4,4,0.4,0.5
2024-02-07T0100,3552A,102.6678,24.9856,昆明市,云天化总部,,29,26,22,16,14,91,,,,3,6,5,6,0.6,0.5
2024-02-07T0100,1456A,91.1319,29.6514,拉萨市,八廓街,颗粒物(PM10),53,55,44,20,16,92,,,,10,18,7,7,0.4,0.5
2024-02-07T0100,1457A,91.1221,29.6747,拉萨市,市环保局,颗粒物(PM10),56,61,52,20,22,88,,,,12,22,7,8,0.6,0.9
2024-02-07T0100,1458A,91.0874,29.6475,拉萨市,区监测站,颗粒物(PM10),55,59,37,14,12,97,,,,6,16,4,4,0.5,0.6
2024-02-07T0100,1459A,91.1774,29.6541,拉萨市,西藏大学,颗粒物(PM10),51,51,38,16,11,99,,,,2,8,4,4,0.2,0.3
2024-02-07T0100,1460A,90.9798,29.6588,拉萨市,区辐射站,颗粒物(PM10),72,94,47,33,17,80,,,,13,16,5,5,0.6,0.6
2024-02-07T0100,1461A,91.0834,29.6292,拉萨市,拉萨火车站,颗粒物(PM10),62,73,44,24,14,80,,,,16,17,4,5,0.3,0.4
2024-02-07T0100,2520A,109.2203,23.7256,来宾市,来宾技工学校,,22,22,19,11,7,34,,,,7,9,5,5,0.9,0.9
2024-02-07T0100,3535A,109.1781,23.7297,来宾市,兴宾区政府,,18,,19,12,12,36,,,,6,8,7,6,0.9,0.9
2024-02-07T0100,4002A,109.2416,23.7461,来宾市,中南小学,,28,28,20,11,10,35,,,,7,10,4,3,0.9,1.1
2024-02-07T0100,1476A,103.631,36.1031,兰州市,兰炼宾馆,细颗粒物(PM2.5),60,53,57,43,40,78,,,,22,29,18,17,0.5,0.7
2024-02-07T0100,1477A,104.1373,35.9454,兰州市,榆中兰大校区,,,,,,,,,,,,,,,,
2024-02-07T0100,1478A,103.8412,36.0726,兰州市,生物制品所,细颗粒物(PM2.5),70,51,59,51,48,72,,,,25,28,16,16,0.9,0.9
2024-02-07T0100,1479A,103.831,36.0464,兰州市,铁路设计院,细颗粒物(PM2.5),57,54,60,40,43,71,,,,29,42,18,17,0.7,0.8
2024-02-07T0100,3186A,103.7158,36.1058,兰州市,教育港,细颗粒物(PM2.5),55,56,50,39,37,82,,,,27,34,15,12,0.6,0.7
2024-02-07T0100,3241A,103.7439,36.0842,兰州市,百合公园,,47,47,50,32,36,76,,,,24,30,13,13,0.8,0.8
2024-02-07T0100,3242A,103.9611,35.998,兰州市,和平,细颗粒物(PM2.5),60,53,58,43,44,71,,,,22,29,9,12,0.8,0.8
2024-02-07T0100,3245A,103.6633,36.533,兰州新区,新区管委会,"颗粒物(PM10),细颗粒物(PM2.5)",52,54,48,36,33,83,,,,14,17,18,20,1.2,0.8
2024-02-07T0100,3246A,103.6975,36.4789,兰州新区,舟曲中学,颗粒物(PM10),52,53,48,34,33,81,,,,15,18,21,25,0.6,0.6
2024-02-07T0100,1067A,116.6708,39.5111,廊坊市,药材公司,,26,26,79,15,50,78,,,,11,27,1,2,0.4,0.7
2024-02-07T0100,1068A,116.7214,39.5589,廊坊市,开发区,,23,23,67,8,50,71,,,,11,25,1,2,0.3,0.6
2024-02-07T0100,1070A,116.7244,39.5269,廊坊市,北华航天学院,,30,30,78,9,56,78,,,,14,26,1,2,0.3,0.6
2024-02-07T0100,2919A,116.7022,39.5453,廊坊市,河北工业大学,,30,30,73,3,49,75,,,,12,25,1,2,0.3,0.6
2024-02-07T0100,2535A,103.7723,29.5462,乐山市,花湖湾,细颗粒物(PM2.5),85,,62,63,50,28,,,,17,17,5,9,0.7,0.7
2024-02-07T0100,2536A,103.7627,29.5844,乐山市,牛耳桥,细颗粒物(PM2.5),98,87,61,73,49,4,,,,40,30,4,4,0.9,0.8
2024-02-07T0100,2537A,103.7508,29.6006,乐山市,市第三水厂,细颗粒物(PM2.5),73,69,58,53,41,17,,,,34,27,4,3,0.9,0.9
2024-02-07T0100,2538A,103.7571,29.5664,乐山市,市监测站,细颗粒物(PM2.5),63,64,50,45,36,12,,,,31,16,5,7,1.2,1
2024-02-07T0100,3361A,103.7311,29.5628,乐山市,理工大学,细颗粒物(PM2.5),87,73,53,64,45,11,,,,32,21,3,4,0.9,0.7
2024-02-07T0100,2598A,100.2143,26.8576,丽江市,西南郊,,,,,,,,,,,,,,,,
2024-02-07T0100,2599A,100.2497,26.8802,丽江市,丽江古城,,25,20,30,12,18,77,,,,16,17,7,7,0.6,0.6
2024-02-07T0100,2600A,100.2203,26.8906,丽江市,市中心,,,,22,3,13,84,,,,5,10,8,8,0.4,0.7
2024-02-07T0100,1267A,119.914,28.4514,丽水市,监测站大楼,,13,,8,5,9,41,,,,12,11,3,3,0.5,0.6
2024-02-07T0100,1268A,119.93,28.4586,丽水市,莲都小学,,14,5,8,5,7,43,,,,6,5,3,3,0.5,0.6
2024-02-07T0100,1269A,119.879,28.4231,丽水市,余庄前,,13,5,10,4,8,40,,,,6,7,4,4,0.4,0.5
2024-02-07T0100,1173A,119.176,34.5885,连云港市,市环境监测站,细颗粒物(PM2.5),104,92,84,78,68,50,,,,44,46,12,14,1.4,1.3
2024-02-07T0100,3000A,119.3581,34.6972,连云港市,德源药业,细颗粒物(PM2.5),98,95,63,73,46,4,,,,92,48,9,10,1.3,1.3
2024-02-07T0100,3007A,119.178,34.844,连云港市,新城一中,细颗粒物(PM2.5),137,109,74,104,64,56,,,,38,32,17,16,1.3,1
2024-02-07T0100,3008A,119.3608,34.7519,连云港市,胡沟管理处,细颗粒物(PM2.5),94,90,53,70,34,62,,,,29,20,15,13,1.0,0.9
2024-02-07T0100,3009A,119.1478,34.5911,连云港市,矿山设计院,细颗粒物(PM2.5),107,110,92,80,68,46,,,,37,38,12,14,1.1,1.1
2024-02-07T0100,3434A,119.2413,34.6539,连云港市,工贸学校,细颗粒物(PM2.5),89,88,80,66,59,61,,,,25,31,13,18,1.0,1.1
2024-02-07T0100,3664A,119.4172,34.7341,连云港市,连云街道,细颗粒物(PM2.5),88,84,59,65,37,50,,,,37,32,8,15,1.2,1
2024-02-07T0100,2571A,102.3431,27.8099,凉山彝族自治州,青龙寺,,23,20,30,6,6,73,,,,4,4,4,4,1.1,1.1
2024-02-07T0100,2572A,102.2721,27.8415,凉山彝族自治州,邛海宾馆,,26,19,31,15,20,81,,,,4,6,9,12,0.6,0.8
2024-02-07T0100,2573A,102.2625,27.898,凉山彝族自治州,西昌市政府,,23,18,26,12,20,73,,,,6,6,10,10,0.8,0.8
2024-02-07T0100,2574A,102.2685,27.8851,凉山彝族自治州,凉山州政府,,25,19,28,15,22,77,,,,6,7,9,9,0.7,0.7
2024-02-07T0100,2575A,102.237,27.8914,凉山彝族自治州,长安,,26,17,28,11,18,83,,,,8,8,16,11,1.3,0.8
2024-02-07T0100,2212A,123.2,41.1953,辽阳市,宏伟区,细颗粒物(PM2.5),79,62,87,58,77,71,,,,22,29,16,16,1.0,1.1
2024-02-07T0100,2213A,123.1683,41.2495,辽阳市,新华园,细颗粒物(PM2.5),168,,87,127,86,30,,,,61,36,14,17,2.3,1.2
2024-02-07T0100,2214A,123.2354,41.2639,辽阳市,滨河路,细颗粒物(PM2.5),94,,81,70,92,66,,,,24,26,10,12,1.1,1.1
2024-02-07T0100,2215A,123.149,41.2991,辽阳市,铁西工业园,细颗粒物(PM2.5),112,91,80,84,82,40,,,,40,30,12,13,1.3,1
2024-02-07T0100,2227A,125.1358,42.8845,辽源市,环保局,细颗粒物(PM2.5),147,124,100,112,89,51,,,,34,31,5,17,1.6,1.2
2024-02-07T0100,3239A,125.0764,42.9078,辽源市,银鹰制药,细颗粒物(PM2.5),175,148,109,132,97,41,,,,40,28,4,12,1.6,1.1
2024-02-07T0100,1625A,115.9848,36.4372,聊城市,区政府,细颗粒物(PM2.5),144,152,118,110,91,52,,,,38,43,8,8,1.2,1.2
2024-02-07T0100,2878A,116.0072,36.4343,聊城市,聊大东校,细颗粒物(PM2.5),142,125,119,108,95,68,,,,30,39,8,8,1.2,1.1
2024-02-07T0100,3200A,115.9819,36.4978,聊城市,监控中心,细颗粒物(PM2.5),170,150,131,129,103,44,,,,50,60,12,10,1.5,1.4
2024-02-07T0100,3513A,116.0445,36.4361,聊城市,九州社区,细颗粒物(PM2.5),132,138,119,100,88,70,,,,25,35,6,7,1.1,1.2
2024-02-07T0100,4018A,116.0567,36.4608,聊城市,星美广场,细颗粒物(PM2.5),133,150,125,101,90,62,,,,33,44,6,8,1.1,1.2
2024-02-07T0100,2632A,94.3681,29.6376,林芝市,林芝监测站,,30,,6,6,4,93,,,,3,3,5,4,0.6,0.5
2024-02-07T0100,2633A,94.3616,29.6616,林芝市,林芝人民医院,,29,6,8,3,4,91,,,,4,5,9,9,0.5,0.5
2024-02-07T0100,2603A,100.0781,23.8982,临沧市,市环保局,,39,36,32,27,28,68,,,,8,11,8,7,0.4,0.4
2024-02-07T0100,2604A,100.0894,23.8822,临沧市,市气象局,细颗粒物(PM2.5),58,42,35,41,29,66,,,,12,12,6,7,0.4,0.5
2024-02-07T0100,1733A,111.5531,36.0783,临汾市,临钢医院,细颗粒物(PM2.5),230,256,196,180,153,55,,,,38,29,8,9,2.0,1.6
2024-02-07T0100,1734A,111.5028,36.0714,临汾市,技工学校,细颗粒物(PM2.5),244,255,197,194,165,51,,,,44,35,11,11,1.9,1.6
2024-02-07T0100,1736A,111.5018,36.0855,临汾市,市委,细颗粒物(PM2.5),257,251,199,207,163,42,,,,46,37,6,8,2.0,1.8
2024-02-07T0100,3018A,111.505,36.1014,临汾市,唐尧大酒店,细颗粒物(PM2.5),227,218,176,177,154,44,,,,48,35,8,11,1.9,1.6
2024-02-07T0100,3668A,111.5036,36.0414,临汾市,城南,细颗粒物(PM2.5),259,243,194,209,165,56,,,,42,38,8,8,2.1,1.8
2024-02-07T0100,2667A,103.2069,35.5993,临夏回族自治州,环保局,"颗粒物(PM10),细颗粒物(PM2.5)",58,66,48,41,29,46,,,,26,18,13,17,1.1,0.8
2024-02-07T0100,2668A,103.2417,35.6057,临夏回族自治州,建设大厦,颗粒物(PM10),53,55,44,36,28,41,,,,15,7,12,15,1.4,0.8
2024-02-07T0100,1618A,118.3429,35.0532,临沂市,沂河小区,细颗粒物(PM2.5),204,190,121,154,102,2,,,,100,37,30,11,2.7,1.2
2024-02-07T0100,1619A,118.295,35.0583,临沂市,鲁南制药厂,细颗粒物(PM2.5),219,207,127,169,102,6,,,,96,43,47,19,2.8,1.6
2024-02-07T0100,1620A,118.2794,34.9976,临沂市,新光毛纺厂,细颗粒物(PM2.5),156,153,119,119,94,14,,,,91,48,17,13,1.7,1.3
2024-02-07T0100,1621A,118.3956,35.0888,临沂市,河东保险公司,细颗粒物(PM2.5),168,149,116,127,98,30,,,,65,40,8,11,1.7,1.4
2024-02-07T0100,3370A,118.3564,35.0215,临沂市,十里堡居委,细颗粒物(PM2.5),192,175,118,144,97,7,,,,94,41,30,12,2.4,1.4
2024-02-07T0100,3496A,118.3604,35.1084,临沂市,南坊新区,细颗粒物(PM2.5),185,175,121,139,101,19,,,,79,40,11,13,1.7,1.3
2024-02-07T0100,3860A,118.3920,35.0300,临沂市,皇山花园小区,细颗粒物(PM2.5),153,153,116,117,88,39,,,,61,37,11,15,1.5,1.2
2024-02-07T0100,1870A,109.4856,24.3895,柳州市,柳东小学,,23,,15,16,11,36,,,,7,8,7,6,0.6,0.5
2024-02-07T0100,1871A,109.4157,24.3277,柳州市,环保监测站,,12,11,14,8,8,37,,,,7,6,7,6,0.6,0.6
2024-02-07T0100,1872A,109.389,24.341,柳州市,河西水厂,,26,26,18,18,12,15,,,,28,19,14,10,1.8,1.3
2024-02-07T0100,1873A,109.4311,24.2921,柳州市,市四中,,16,16,17,7,8,36,,,,8,8,5,5,0.6,0.7
2024-02-07T0100,1874A,109.4006,24.3631,柳州市,市九中,,10,10,13,7,8,32,,,,9,9,3,3,0.8,0.7
2024-02-07T0100,1875A,109.4958,24.3134,柳州市,古亭山,,13,13,10,6,6,30,,,,5,6,6,6,0.7,0.7
2024-02-07T0100,3402A,109.5422,24.3996,柳州市,市二中,,11,11,13,7,7,35,,,,8,5,6,6,1.0,0.9
2024-02-07T0100,2307A,116.5079,31.737,六安市,监测大楼,细颗粒物(PM2.5),120,91,70,91,70,85,,,,24,20,4,3,0.8,0.7
2024-02-07T0100,2308A,116.4738,31.7643,六安市,皖西学院,细颗粒物(PM2.5),110,104,81,83,67,75,,,,25,14,2,2,0.6,0.5
2024-02-07T0100,2309A,116.4996,31.7905,六安市,朝阳厂,细颗粒物(PM2.5),110,87,70,83,68,87,,,,17,14,3,4,0.6,0.5
2024-02-07T0100,2310A,116.5567,31.7886,六安市,开发区,细颗粒物(PM2.5),98,111,84,73,65,84,,,,20,14,3,3,0.6,0.5
2024-02-07T0100,2576A,104.8,26.5892,六盘水市,窑上,,,,,,,,,,,,,,,,
2024-02-07T0100,2577A,104.83,26.5917,六盘水市,黄土坡,,20,,33,14,25,25,,,,13,16,8,10,0.9,1.1
2024-02-07T0100,2578A,104.89,26.5939,六盘水市,水钢,,19,,25,13,19,29,,,,12,12,5,5,1.1,1.1
2024-02-07T0100,2579A,104.8475,26.5894,六盘水市,民中,,16,16,28,5,18,26,,,,11,14,7,8,0.9,1
2024-02-07T0100,2580A,104.9544,26.5506,六盘水市,双水,,14,14,20,5,16,28,,,,10,9,6,7,0.7,0.8
2024-02-07T0100,2335A,117.0189,25.1181,龙岩市,龙岩师专,,,,,,,,,,,,,,,,
2024-02-07T0100,2336A,117.0217,25.1033,龙岩市,龙岩市监测站,,26,23,17,18,12,26,,,,9,9,2,4,0.6,0.5
2024-02-07T0100,2337A,117.0258,25.0661,龙岩市,闽西职业技术学院,,35,,17,24,15,51,,,,6,6,2,2,0.6,0.6
2024-02-07T0100,2338A,117.0196,25.0306,龙岩市,龙岩学院,,40,,19,28,18,50,,,,7,7,3,4,0.6,0.6
2024-02-07T0100,2665A,105.0822,33.3261,陇南市,汉王镇固水子,,,,,,,,,,,,,,,,
2024-02-07T0100,2885A,104.9339,33.3826,陇南市,滨江中学,细颗粒物(PM2.5),64,57,61,46,42,69,,,,13,22,8,14,0.7,0.8
2024-02-07T0100,3247A,104.955,33.371,陇南市,市总工会,颗粒物(PM10),55,59,57,38,40,75,,,,9,16,4,9,0.5,0.6
2024-02-07T0100,2487A,111.9589,27.8901,娄底市,电视发射台,细颗粒物(PM2.5),59,65,55,42,30,66,,,,4,5,4,4,0.8,0.8
2024-02-07T0100,2488A,111.9975,27.725,娄底市,市监测站,细颗粒物(PM2.5),74,61,46,54,37,80,,,,12,12,8,7,0.9,0.9
2024-02-07T0100,2489A,112.0194,27.7314,娄底市,市委党校,细颗粒物(PM2.5),69,51,42,50,41,77,,,,12,11,4,4,0.8,0.7
2024-02-07T0100,2490A,111.9561,27.7569,娄底市,涟钢,细颗粒物(PM2.5),73,53,44,53,40,71,,,,8,14,11,11,0.9,0.9
2024-02-07T0100,2491A,111.9892,27.7044,娄底市,市政府,细颗粒物(PM2.5),83,,42,61,41,77,,,,14,15,5,6,0.8,0.8
2024-02-07T0100,1893A,105.4324,28.9634,泸州市,九狮山,细颗粒物(PM2.5),54,50,52,38,39,29,,,,14,16,4,5,0.5,0.6
2024-02-07T0100,1894A,105.4427,28.9063,泸州市,小市上码头,细颗粒物(PM2.5),75,68,47,55,41,24,,,,18,21,4,3,0.8,0.8
2024-02-07T0100,1895A,105.4241,28.8573,泸州市,兰田宪桥,细颗粒物(PM2.5),74,58,49,54,42,30,,,,16,22,2,3,0.6,0.6
2024-02-07T0100,1896A,105.4379,28.8833,泸州市,市环监站,细颗粒物(PM2.5),67,53,43,48,37,28,,,,13,20,1,3,0.6,0.7
2024-02-07T0100,3490A,105.3617,28.7703,泸州市,纳溪区环保局,细颗粒物(PM2.5),62,49,46,44,40,34,,,,14,16,3,3,0.9,0.9
2024-02-07T0100,2183A,111.1406,37.5211,吕梁市,环保局,"颗粒物(PM10),细颗粒物(PM2.5)",64,77,95,46,71,29,,,,43,34,3,7,0.6,0.8
2024-02-07T0100,2185A,111.1297,37.5136,吕梁市,自来水公司,细颗粒物(PM2.5),80,92,89,59,70,21,,,,54,37,9,9,0.7,0.9
2024-02-07T0100,2867A,111.1283,37.51,吕梁市,马茂庄小学,颗粒物(PM10),70,90,98,50,68,24,,,,51,36,2,4,0.3,0.4
2024-02-07T0100,1812A,112.3931,34.6516,洛阳市,市委党校,细颗粒物(PM2.5),249,218,160,199,147,31,,,,57,44,6,7,2.0,1.6
2024-02-07T0100,1814A,112.4657,34.6871,洛阳市,豫西宾馆,细颗粒物(PM2.5),229,229,172,179,132,23,,,,59,46,6,8,1.8,1.5
2024-02-07T0100,1815A,112.494,34.6886,洛阳市,河南林校,细颗粒物(PM2.5),230,199,148,180,134,28,,,,45,38,4,6,2.0,1.6
2024-02-07T0100,1816A,112.3844,34.623,洛阳市,开发区管委会,细颗粒物(PM2.5),218,192,147,168,131,41,,,,44,33,5,6,1.8,1.5
2024-02-07T0100,1817A,112.4267,34.6258,洛阳市,市委新办公区,细颗粒物(PM2.5),286,,149,236,152,56,,,,38,37,4,6,1.7,1.5
2024-02-07T0100,3340A,112.6005,34.6326,洛阳市,伊滨,细颗粒物(PM2.5),245,248,167,195,138,47,,,,37,30,4,6,1.9,1.6
2024-02-07T0100,3341A,112.4951,34.6332,洛阳市,中移产业园,细颗粒物(PM2.5),245,,144,195,150,40,,,,44,35,6,7,1.9,1.5
2024-02-07T0100,3593A,112.5736,34.8993,洛阳市,吉利监测站,细颗粒物(PM2.5),252,220,157,202,154,16,,,,59,38,5,6,1.9,1.7
2024-02-07T0100,3635A,112.3677,34.662,洛阳市,河科大西苑校区,,,,135,,118,,,,,,41,,8,,1.5
2024-02-07T0100,3636A,112.4388,34.6781,洛阳市,英才小学,细颗粒物(PM2.5),255,241,169,205,142,28,,,,57,46,3,5,1.9,1.4
2024-02-07T0100,2399A,114.051,33.5699,漯河市,三五一五工厂,细颗粒物(PM2.5),215,,127,165,127,82,,,,36,25,4,5,1.0,0.9
2024-02-07T0100,2400A,114.0055,33.5698,漯河市,漯河大学,细颗粒物(PM2.5),203,,120,153,121,78,,,,41,25,5,5,1.1,1
2024-02-07T0100,2401A,114.0138,33.5828,漯河市,市水利局,细颗粒物(PM2.5),208,,127,158,129,82,,,,33,17,7,7,0.9,0.9
2024-02-07T0100,2402A,114.0261,33.5698,漯河市,市广电局,,,,127,,127,95,,,,,35,,3,1.0,0.9
2024-02-07T0100,3478A,113.9749,33.5664,漯河市,市图书馆,细颗粒物(PM2.5),208,172,133,158,126,87,,,,30,23,7,7,1.0,1
2024-02-07T0100,3479A,114.0967,33.5906,漯河市,召陵区卫健委,细颗粒物(PM2.5),222,192,146,172,132,60,,,,42,27,6,6,1.1,1
2024-02-07T0100,1798A,118.5092,31.6837,马鞍山市,湖东路四小,细颗粒物(PM2.5),62,66,86,44,62,60,,,,29,25,8,7,0.9,0.9
2024-02-07T0100,1799A,118.5024,31.6449,马鞍山市,开发区,细颗粒物(PM2.5),68,55,78,49,69,63,,,,24,21,5,4,0.8,0.8
2024-02-07T0100,1800A,118.5228,31.7231,马鞍山市,慈湖,细颗粒物(PM2.5),77,,69,56,70,57,,,,30,29,6,5,0.6,0.6
2024-02-07T0100,1802A,118.6245,31.7241,马鞍山市,濮塘,细颗粒物(PM2.5),58,60,78,41,57,44,,,,17,16,4,5,0.7,0.7
2024-02-07T0100,3633A,118.4918,31.6809,马鞍山市,雨山,细颗粒物(PM2.5),72,81,90,52,68,55,,,,30,23,10,8,0.9,0.9
2024-02-07T0100,1686A,111.0286,21.4688,茂名市,电白南海,,35,31,31,24,22,45,,,,13,17,8,8,0.6,0.7
2024-02-07T0100,1687A,110.9294,21.6533,茂名市,茂石化七小,,29,29,34,17,25,34,,,,16,16,15,11,0.8,0.7
2024-02-07T0100,1688A,110.9107,21.6687,茂名市,健康路,,34,34,29,17,22,13,,,,15,12,15,7,1.1,0.8
2024-02-07T0100,1689A,110.8592,21.6828,茂名市,高岭,,39,34,35,27,27,0,,,,13,18,12,13,1.1,0.9
2024-02-07T0100,3450A,111.01,21.5165,茂名市,电白水东,,28,27,26,19,19,59,,,,10,12,4,5,0.8,0.8
2024-02-07T0100,2539A,104.0308,30.0478,眉山市,黑龙滩水库,细颗粒物(PM2.5),54,56,56,38,37,45,,,,3,9,2,2,0.7,0.7
2024-02-07T0100,2540A,103.8416,30.0874,眉山市,气象局,细颗粒物(PM2.5),77,65,58,56,42,18,,,,27,24,7,10,0.9,0.8
2024-02-07T0100,3137A,103.8578,30.0744,眉山市,市委党校,细颗粒物(PM2.5),73,63,56,53,44,12,,,,38,28,3,11,0.9,0.8
2024-02-07T0100,3148A,103.8291,30.0564,眉山市,区人社局,细颗粒物(PM2.5),77,,49,56,44,8,,,,44,31,6,21,1.0,0.9
2024-02-07T0100,1690A,116.1231,24.3284,梅州市,梅江月梅,,24,24,20,15,16,25,,,,7,9,7,7,0.8,0.8
2024-02-07T0100,1691A,116.0797,24.2719,梅州市,梅县新城,,15,11,24,10,18,27,,,,7,10,5,5,0.7,0.7
2024-02-07T0100,1692A,116.1248,24.2654,梅州市,环境监控中心,,21,21,24,14,18,25,,,,9,11,5,5,0.8,0.7
2024-02-07T0100,3315A,116.1233,24.2991,梅州市,梅龙,,22,22,19,13,16,25,,,,8,11,5,6,0.8,0.8
2024-02-07T0100,1878A,104.7778,31.4741,绵阳市,富乐山,,43,32,39,30,32,44,,,,6,14,6,6,0.6,0.7
2024-02-07T0100,1879A,104.7563,31.4535,绵阳市,市人大,细颗粒物(PM2.5),53,41,50,37,35,43,,,,17,26,5,5,0.8,0.9
2024-02-07T0100,1880A,104.6697,31.4668,绵阳市,高新区自来水公司,细颗粒物(PM2.5),53,42,51,37,40,35,,,,23,27,6,6,0.6,0.6
2024-02-07T0100,1881A,104.7287,31.5075,绵阳市,三水厂,,48,43,49,33,41,42,,,,10,20,5,6,0.7,0.7
2024-02-07T0100,3491A,104.69,31.5322,绵阳市,西科大附属小学,,50,48,48,35,38,20,,,,29,22,5,5,0.6,0.6
2024-02-07T0100,3492A,104.5648,31.5343,绵阳市,安州区旅游局,,39,39,47,22,39,26,,,,28,19,4,4,0.8,0.8
2024-02-07T0100,1784A,129.61,44.561,牡丹江市,环保大楼,细颗粒物(PM2.5),120,123,105,91,75,33,,,,62,56,9,18,1.2,1.1
2024-02-07T0100,1785A,129.6115,44.5782,牡丹江市,文化广场,细颗粒物(PM2.5),118,132,118,89,88,24,,,,59,61,14,21,1.4,1.4
2024-02-07T0100,1786A,129.5904,44.5963,牡丹江市,第一医院,细颗粒物(PM2.5),120,93,110,91,101,28,,,,51,55,13,17,1.2,1.2
2024-02-07T0100,1787A,129.6364,44.6075,牡丹江市,机车工厂,细颗粒物(PM2.5),114,130,108,86,79,6,,,,73,57,10,13,1.4,1
2024-02-07T0100,1788A,129.6386,44.5462,牡丹江市,第一中学,细颗粒物(PM2.5),62,,72,44,59,55,,,,22,32,10,15,0.6,0.8
2024-02-07T0100,2531A,105.0703,29.61,内江市,市监测站,细颗粒物(PM2.5),77,59,48,56,50,20,,,,24,23,8,8,0.9,0.9
2024-02-07T0100,2532A,105.0717,29.5947,内江市,东兴区政府,细颗粒物(PM2.5),67,,47,48,42,23,,,,14,16,8,8,0.7,0.7
2024-02-07T0100,2533A,105.0653,29.5817,内江市,内江二中,细颗粒物(PM2.5),67,51,45,48,39,27,,,,17,26,4,5,0.9,1
2024-02-07T0100,2534A,105.0406,29.5822,内江市,内江日报社,细颗粒物(PM2.5),72,80,51,52,42,27,,,,20,19,4,5,0.8,0.8
2024-02-07T0100,2628A,92.0657,31.4846,那曲市,那曲监测站,颗粒物(PM10),53,55,43,31,23,66,,,,13,9,8,6,1.9,1.2
2024-02-07T0100,3128A,92.0506,31.4797,那曲市,那曲会议中心,,35,35,35,11,14,83,,,,9,10,6,6,0.5,0.7
2024-02-07T0100,1290A,115.8931,28.6843,南昌市,省外办,细颗粒物(PM2.5),62,44,45,44,43,47,,,,12,13,4,4,0.7,0.7
2024-02-07T0100,1291A,115.8886,28.7003,南昌市,省林业公司,细颗粒物(PM2.5),58,41,35,41,40,46,,,,13,14,3,4,0.9,0.8
2024-02-07T0100,1292A,115.8126,28.7442,南昌市,林科所,,42,,27,29,28,53,,,,6,7,4,5,0.5,0.4
2024-02-07T0100,1294A,115.8518,28.687,南昌市,建工学校,,16,12,40,4,33,50,,,,13,18,8,9,0.4,0.4
2024-02-07T0100,1295A,115.8921,28.6424,南昌市,象湖,细颗粒物(PM2.5),57,,38,40,40,52,,,,15,16,6,6,0.8,0.7
2024-02-07T0100,1296A,115.7423,28.7996,南昌市,武术学校,,39,,29,27,32,54,,,,4,3,6,4,0.7,0.6
2024-02-07T0100,1298A,115.9314,28.6842,南昌市,省站,细颗粒物(PM2.5),57,50,42,40,42,50,,,,10,11,5,5,0.6,0.6
2024-02-07T0100,3046A,115.9084,28.6062,南昌市,机电学校,细颗粒物(PM2.5),52,42,41,36,39,50,,,,15,16,5,5,0.4,0.4
2024-02-07T0100,3690A,115.9721,28.7031,南昌市,外国语学校,细颗粒物(PM2.5),73,60,44,53,42,45,,,,11,13,7,7,0.5,0.6
2024-02-07T0100,1905A,106.056,30.8064,南充市,西山风景区,细颗粒物(PM2.5),58,,38,41,44,35,,,,9,10,2,3,0.8,0.8
2024-02-07T0100,1906A,106.0789,30.8023,南充市,南充市委,细颗粒物(PM2.5),55,48,52,39,35,25,,,,20,20,4,4,0.5,0.6
2024-02-07T0100,1907A,106.1031,30.8217,南充市,南充炼油厂,细颗粒物(PM2.5),60,53,56,43,44,40,,,,9,14,4,4,0.4,0.4
2024-02-07T0100,1908A,106.1064,30.7856,南充市,高坪区监测站,颗粒物(PM10),53,55,55,29,40,34,,,,16,15,5,5,0.6,0.6
2024-02-07T0100,1909A,106.0642,30.7636,南充市,嘉陵区环保局,细颗粒物(PM2.5),55,52,54,39,40,28,,,,16,20,2,2,0.7,0.7
2024-02-07T0100,1910A,106.1087,30.8388,南充市,市环境监测站,细颗粒物(PM2.5),57,53,54,40,43,36,,,,7,12,6,6,0.6,0.6
2024-02-07T0100,1151A,118.8086,32.1065,南京市,迈皋桥,细颗粒物(PM2.5),62,62,64,44,51,69,,,,16,17,3,4,0.5,0.4
2024-02-07T0100,1152A,118.7538,32.0551,南京市,草场门,细颗粒物(PM2.5),64,53,62,46,53,82,,,,21,20,2,3,0.6,0.5
2024-02-07T0100,1153A,118.7794,32.0745,南京市,山西路,细颗粒物(PM2.5),58,46,59,41,55,88,,,,17,23,4,4,0.7,0.7
2024-02-07T0100,1154A,118.7752,32.0023,南京市,中华门,细颗粒物(PM2.5),55,56,62,39,54,80,,,,20,22,7,7,0.3,0.4
2024-02-07T0100,1155A,118.8109,32.0309,南京市,瑞金路,颗粒物(PM10),59,68,66,36,51,72,,,,19,21,5,4,0.8,0.8
2024-02-07T0100,1156A,118.7997,32.0754,南京市,玄武湖,细颗粒物(PM2.5),60,67,71,43,50,80,,,,13,16,7,7,0.2,0.4
2024-02-07T0100,1157A,118.6414,32.0931,南京市,浦口,细颗粒物(PM2.5),84,94,73,62,54,74,,,,19,17,4,4,0.7,0.5
2024-02-07T0100,1158A,118.7356,31.9996,南京市,奥体中心,颗粒物(PM10),54,58,71,34,53,82,,,,20,22,6,5,0.8,0.7
2024-02-07T0100,1159A,118.9125,32.1028,南京市,仙林大学城,细颗粒物(PM2.5),64,51,57,46,48,77,,,,17,19,4,3,0.7,0.7
2024-02-07T0100,3422A,118.8436,31.9198,南京市,江宁彩虹桥,细颗粒物(PM2.5),64,74,77,46,56,74,,,,26,25,3,4,0.4,0.4
2024-02-07T0100,3423A,119.0138,31.6494,南京市,溧水永阳,细颗粒物(PM2.5),92,,69,68,70,64,,,,18,17,4,4,0.7,0.7
2024-02-07T0100,3424A,118.879,31.3302,南京市,高淳老职中,细颗粒物(PM2.5),105,92,80,79,71,58,,,,20,16,6,5,0.6,0.5
2024-02-07T0100,3427A,118.8554,32.3578,南京市,六合雄州,颗粒物(PM10),64,78,60,30,48,82,,,,17,15,2,2,0.8,0.6
2024-02-07T0100,1401A,108.3103,22.7881,南宁市,二十一中,,19,19,15,11,9,20,,,,17,17,6,6,0.9,0.9
2024-02-07T0100,1402A,108.3141,22.8528,南宁市,北湖,,24,24,17,9,9,21,,,,12,13,4,4,0.9,1
2024-02-07T0100,1403A,108.3206,22.8225,南宁市,市监测站,,19,17,18,13,12,6,,,,12,14,5,5,0.9,0.9
2024-02-07T0100,1404A,108.3829,22.8037,南宁市,大自然花园,,15,15,12,7,7,26,,,,13,15,6,6,0.7,0.7
2024-02-07T0100,1405A,108.4394,22.7904,南宁市,仙葫,,13,13,10,4,9,30,,,,11,13,5,5,0.9,0.9
2024-02-07T0100,1406A,108.2397,22.8467,南宁市,区农职院,,10,8,15,7,7,19,,,,17,19,7,7,1.0,1
2024-02-07T0100,1407A,108.3275,22.735,南宁市,英华嘉园,,8,7,11,3,5,23,,,,13,14,5,5,0.8,0.8
2024-02-07T0100,1408A,108.2257,22.7757,南宁市,沙井镇街道办,,16,14,18,11,10,20,,,,10,18,6,7,0.6,0.7
2024-02-07T0100,3401A,108.4834,22.7618,南宁市,红星社区,,21,21,14,7,8,32,,,,10,10,7,7,0.8,0.9
2024-02-07T0100,2331A,118.0966,26.6761,南平市,茫荡山,,,,,,,,,,,,,,,,
2024-02-07T0100,2332A,118.1681,26.6369,南平市,南平市监测站,,8,,9,5,8,10,,,,8,10,4,4,0.8,0.8
2024-02-07T0100,2333A,118.1825,26.6489,南平市,南平铝业有限公司,,8,7,14,3,8,12,,,,7,8,4,5,0.8,0.8
2024-02-07T0100,2334A,118.1756,26.6272,南平市,南平七中,,10,,12,4,8,11,,,,5,6,7,7,1.0,1
2024-02-07T0100,1168A,120.9098,31.9663,南通市,狼山街道,,27,18,52,10,44,84,,,,10,13,8,8,0.3,0.5
2024-02-07T0100,1169A,120.86,32.0005,南通市,虹桥,,30,30,57,18,47,74,,,,10,14,3,3,0.2,0.5
2024-02-07T0100,1170A,120.87,32.02,南通市,城中,,25,25,56,14,42,77,,,,10,13,3,3,0.4,0.5
2024-02-07T0100,1171A,120.94,31.93,南通市,星湖花园,,25,20,54,8,38,78,,,,10,15,4,5,0.3,0.6
2024-02-07T0100,1172A,120.81,32.0417,南通市,紫琅学院,,24,23,53,11,41,76,,,,11,14,6,6,0.5,0.6
2024-02-07T0100,3291A,121.067,32.062,南通市,通州监测站,,27,27,56,17,45,79,,,,9,11,6,6,0.4,0.6
2024-02-07T0100,3432A,120.9348,31.9883,南通市,环境教育馆,,27,27,51,14,44,80,,,,12,15,6,6,0.5,0.7
2024-02-07T0100,2404A,112.5224,33.0122,南阳市,瓦房庄,细颗粒物(PM2.5),110,96,111,83,119,109,,,,11,20,8,8,0.8,1
2024-02-07T0100,2405A,112.5003,32.9735,南阳市,汉画馆,细颗粒物(PM2.5),130,100,118,99,120,92,,,,15,25,7,8,1.1,1.3
2024-02-07T0100,2406A,112.5573,33.027,南阳市,气象站,细颗粒物(PM2.5),144,,115,110,124,98,,,,16,25,8,8,1.0,1.1
2024-02-07T0100,2407A,112.5481,32.9689,南阳市,理工学院,细颗粒物(PM2.5),133,,110,101,112,104,,,,12,22,5,7,0.8,0.9
2024-02-07T0100,4008A,112.5234,32.9922,南阳市,卧龙区政府,细颗粒物(PM2.5),122,98,113,92,106,106,,,,15,28,6,7,0.6,0.9
2024-02-07T0100,1234A,121.8358,29.911,宁波市,区环保大楼,细颗粒物(PM2.5),118,,59,89,56,37,,,,29,28,6,6,0.9,0.7
2024-02-07T0100,1235A,121.56,29.82,宁波市,万里学院,细颗粒物(PM2.5),97,82,60,72,49,43,,,,26,23,6,6,0.8,0.8
2024-02-07T0100,1236A,121.713,29.9572,宁波市,龙赛医院,细颗粒物(PM2.5),97,91,61,72,50,34,,,,44,32,6,4,0.9,0.8
2024-02-07T0100,1239A,121.633,29.7733,宁波市,钱湖水厂,细颗粒物(PM2.5),94,70,53,70,50,45,,,,16,15,4,6,1.0,0.8
2024-02-07T0100,1240A,121.5856,29.8635,宁波市,太古小学,细颗粒物(PM2.5),89,70,52,66,50,44,,,,21,20,6,6,1.1,0.9
2024-02-07T0100,1241A,121.524,29.8674,宁波市,市环境监测中心,颗粒物(PM10),60,70,54,42,30,45,,,,14,13,6,5,1.0,0.8
2024-02-07T0100,2871A,121.6147,29.9017,宁波市,万里国际学校,细颗粒物(PM2.5),108,,54,81,56,40,,,,24,23,6,6,0.9,0.8
2024-02-07T0100,3710A,121.5594,29.8975,宁波市,白沙活动中心,细颗粒物(PM2.5),64,73,55,46,31,42,,,,24,22,6,6,1.0,0.8
2024-02-07T0100,2339A,119.5001,26.6946,宁德市,金涵水库,,,,,,,,,,,,,,,,
2024-02-07T0100,2341A,119.5388,26.6612,宁德市,宁德市监测站,,,,19,8,21,46,,,,7,10,4,4,0.7,0.7
2024-02-07T0100,3209A,119.5231,26.6562,宁德市,宁德一中,,16,,20,11,19,49,,,,11,13,4,4,0.5,0.6
2024-02-07T0100,2618A,98.8601,25.8567,怒江傈僳族自治州,州监测站,,38,34,38,26,29,29,,,,6,9,10,10,0.6,0.6
2024-02-07T0100,2619A,98.8546,25.8417,怒江傈僳族自治州,泸水一中,细颗粒物(PM2.5),53,,36,37,33,18,,,,15,14,8,8,0.7,0.6
2024-02-07T0100,1888A,101.6891,26.571,攀枝花市,弄弄坪,,37,37,50,19,27,46,,,,30,31,25,34,1.0,1.7
2024-02-07T0100,1889A,101.5769,26.5928,攀枝花市,河门口,,31,31,45,16,26,50,,,,19,17,19,25,0.8,1
2024-02-07T0100,1890A,101.7169,26.585,攀枝花市,炳草岗,,32,32,34,14,17,48,,,,27,24,29,13,0.9,0.8
2024-02-07T0100,1891A,101.7369,26.5008,攀枝花市,仁和,,23,21,24,12,17,72,,,,8,14,5,7,0.5,0.7
2024-02-07T0100,2835A,101.7227,26.567,攀枝花市,四十中小,,24,24,29,12,16,47,,,,31,22,18,11,0.7,0.6
2024-02-07T0100,1604A,122.0303,41.1489,盘锦市,开发区,细颗粒物(PM2.5),77,60,40,56,37,35,,,,47,20,10,10,1.1,0.8
2024-02-07T0100,1605A,122.0485,41.0883,盘锦市,兴隆台,细颗粒物(PM2.5),62,54,37,44,29,52,,,,38,21,14,12,0.9,0.6
2024-02-07T0100,1606A,121.8297,41.1028,盘锦市,新生街道,细颗粒物(PM2.5),89,,38,66,26,13,,,,68,32,12,10,1.0,0.6
2024-02-07T0100,1832A,113.3257,33.742,平顶山市,新华旅馆,细颗粒物(PM2.5),202,188,172,152,145,71,,,,40,31,11,10,1.0,1
2024-02-07T0100,1833A,113.2919,33.737,平顶山市,规划设计院,细颗粒物(PM2.5),200,190,177,150,154,72,,,,34,32,9,10,1.4,1.3
2024-02-07T0100,1834A,113.182,33.774,平顶山市,平顶山工学院,细颗粒物(PM2.5),195,168,174,146,146,82,,,,31,27,5,6,1.2,1.1
2024-02-07T0100,3204A,113.3025,33.73,平顶山市,规划局,细颗粒物(PM2.5),221,212,190,171,163,70,,,,32,28,8,8,1.1,1.1
2024-02-07T0100,3594A,112.8867,33.9116,平顶山市,石龙区,细颗粒物(PM2.5),189,149,167,142,155,96,,,,19,24,5,9,1.1,1.3
2024-02-07T0100,2656A,106.6692,35.5461,平凉市,聚贤嘉苑,细颗粒物(PM2.5),94,100,85,70,56,76,,,,21,21,6,4,0.9,0.7
2024-02-07T0100,2657A,106.7021,35.5307,平凉市,博物馆,细颗粒物(PM2.5),95,104,86,71,63,79,,,,14,13,6,7,0.9,0.8
2024-02-07T0100,2347A,114.0997,27.5002,萍乡市,武功山,,16,,8,11,11,48,,,,10,10,7,7,0.8,0.8
2024-02-07T0100,2348A,113.8385,27.6434,萍乡市,中医院,,26,26,28,12,21,43,,,,14,20,6,6,0.9,1.1
2024-02-07T0100,2349A,113.8493,27.6253,萍乡市,市政府车库,,30,30,25,18,24,46,,,,11,15,7,8,0.7,0.8
2024-02-07T0100,2350A,113.8676,27.6435,萍乡市,市环保局,,35,29,24,24,23,41,,,,14,20,6,6,0.9,1
2024-02-07T0100,2351A,113.866,27.6198,萍乡市,安源区政府,,36,36,23,17,20,47,,,,11,14,9,8,0.7,0.8
2024-02-07T0100,2319A,119.0141,25.4325,莆田市,荔城区仓后路,,15,10,22,6,12,48,,,,11,11,7,7,0.7,0.8
2024-02-07T0100,2320A,119.0015,25.4553,莆田市,莆田市监测站,,13,8,16,7,13,41,,,,17,15,8,8,0.5,0.5
2024-02-07T0100,2321A,119.1119,25.4561,莆田市,涵江区六中,,17,11,20,1,12,53,,,,10,10,7,7,0.7,0.8
2024-02-07T0100,2322A,119.1013,25.3215,莆田市,秀屿区政府,,19,12,21,0,14,58,,,,8,8,4,4,0.8,0.8
2024-02-07T0100,2323A,118.981,25.4792,莆田市,东圳水库,,,,,,,,,,,,,,,,
2024-02-07T0100,2392A,115.0312,35.7636,濮阳市,环保局,细颗粒物(PM2.5),119,102,100,90,96,73,,,,20,25,5,5,0.7,0.9
2024-02-07T0100,2394A,115.0574,35.7609,濮阳市,油田运输公司,细颗粒物(PM2.5),142,115,114,108,97,52,,,,50,40,7,7,1.0,1.1
2024-02-07T0100,2395A,115.0866,35.7754,濮阳市,油田物探公司,细颗粒物(PM2.5),162,139,118,123,99,44,,,,46,33,4,5,1.0,0.9
2024-02-07T0100,3021A,115,35.7668,濮阳市,濮水河管理处,细颗粒物(PM2.5),145,134,110,111,104,49,,,,34,30,5,6,0.9,0.9
2024-02-07T0100,2601A,100.98,22.7633,普洱市,市环保局,,39,34,35,27,33,42,,,,9,10,4,5,0.4,0.5
2024-02-07T0100,2602A,100.9817,22.8322,普洱市,普洱第二中学,,45,34,33,31,21,20,,,,30,20,4,4,0.6,0.5
2024-02-07T0100,2262A,131.0518,45.8751,七台河市,新一中,细颗粒物(PM2.5),88,77,82,65,73,104,,,,14,17,12,12,0.9,1
2024-02-07T0100,3345A,131.0577,45.7879,七台河市,中波台,细颗粒物(PM2.5),130,104,104,99,93,73,,,,42,49,8,12,1.3,1.2
2024-02-07T0100,3637A,131.0176,45.7761,七台河市,人民广场,细颗粒物(PM2.5),124,,128,94,101,71,,,,49,55,14,16,1.4,1.4
2024-02-07T0100,3684A,130.8781,45.8222,七台河市,新建矿广场,细颗粒物(PM2.5),138,132,124,105,91,70,,,,48,38,17,17,1.3,1.2
2024-02-07T0100,1779A,123.9305,47.3636,齐齐哈尔市,安居小区,细颗粒物(PM2.5),128,109,117,97,83,17,,,,52,41,9,9,1.0,1.1
2024-02-07T0100,1780A,123.9488,47.3386,齐齐哈尔市,中心广场,细颗粒物(PM2.5),168,162,131,127,87,23,,,,47,51,14,10,1.4,1.2
2024-02-07T0100,1781A,123.9483,47.3227,齐齐哈尔市,农牧车辆厂,细颗粒物(PM2.5),134,119,119,102,83,23,,,,46,51,17,12,1.0,1.1
2024-02-07T0100,1783A,123.945,47.2988,齐齐哈尔市,市环境监测站,细颗粒物(PM2.5),145,142,132,111,89,8,,,,62,48,8,8,1.2,1.1
2024-02-07T0100,3662A,123.6333,47.2075,齐齐哈尔市,富区青少年活动中心,细颗粒物(PM2.5),123,,133,93,85,33,,,,29,33,17,19,1.0,1.2
2024-02-07T0100,2591A,107.9783,26.5747,黔东南苗族侗族自治州,市环境监测站,,21,14,14,11,11,67,,,,3,8,4,5,0.6,0.7
2024-02-07T0100,2881A,107.8908,26.5311,黔东南苗族侗族自治州,凯里学院,,23,15,13,12,10,71,,,,5,7,4,4,0.8,0.7
2024-02-07T0100,2593A,107.5228,26.2403,黔南布依族苗族自治州,小围寨,,18,,8,7,8,55,,,,6,8,4,4,0.8,0.8
2024-02-07T0100,3538A,107.5175,26.2978,黔南布依族苗族自治州,沙坝,,21,9,10,7,9,65,,,,2,5,3,4,0.6,0.7
2024-02-07T0100,2589A,104.9022,25.0925,黔西南布依族苗族自治州,场坝街,,20,20,24,13,17,23,,,,10,7,2,2,0.7,0.5
2024-02-07T0100,2590A,104.8811,25.0992,黔西南布依族苗族自治州,坪东大道,,38,38,24,23,18,21,,,,8,6,2,3,0.7,0.6
2024-02-07T0100,2502A,108.6236,21.9667,钦州市,市环保站,,14,14,14,9,11,24,,,,13,16,6,5,1.2,1.3
2024-02-07T0100,2503A,108.6549,21.9481,钦州市,沙埠小学,,34,34,17,6,8,22,,,,15,15,6,6,1.1,1
2024-02-07T0100,2504A,108.5989,21.7431,钦州市,港区一小,,,,25,19,12,19,,,,13,14,7,8,1.2,1.1
2024-02-07T0100,3404A,108.5959,21.9633,钦州市,北职校,,27,27,16,18,12,25,,,,12,11,6,5,1.0,0.9
2024-02-07T0100,1042A,119.5134,39.8207,秦皇岛市,北戴河环保局,颗粒物(PM10),53,56,30,31,19,22,,,,56,26,9,10,0.8,0.5
2024-02-07T0100,1043A,119.7493,40.0116,秦皇岛市,第一关,细颗粒物(PM2.5),65,54,48,47,34,6,,,,77,46,10,13,0.7,0.6
2024-02-07T0100,1044A,119.5897,39.9499,秦皇岛市,监测站,细颗粒物(PM2.5),74,78,55,54,36,9,,,,69,45,8,11,0.9,0.6
2024-02-07T0100,1046A,119.5251,39.9041,秦皇岛市,建设大厦,细颗粒物(PM2.5),90,94,55,67,41,7,,,,56,35,7,6,1.1,0.7
2024-02-07T0100,3132A,119.610547,39.943889,秦皇岛市,文明里,颗粒物(PM10),66,82,49,46,28,4,,,,79,41,8,10,0.8,0.6
2024-02-07T0100,1307A,120.6659,36.2403,青岛市,仰口,细颗粒物(PM2.5),64,56,44,46,35,82,,,,14,12,9,5,0.9,0.5
2024-02-07T0100,1310A,120.4134,36.0658,青岛市,市南区东部子站,细颗粒物(PM2.5),77,66,55,56,37,65,,,,18,23,11,10,1.0,0.8
2024-02-07T0100,1311A,120.3664,36.1032,青岛市,四方区子站,细颗粒物(PM2.5),77,68,56,56,44,55,,,,36,30,9,8,1.2,1
2024-02-07T0100,1312A,120.2994,36.054,青岛市,市南区西部子站,细颗粒物(PM2.5),64,63,54,46,35,67,,,,21,21,9,8,1.1,0.9
2024-02-07T0100,1313A,120.4581,36.0858,青岛市,崂山区子站,细颗粒物(PM2.5),67,61,51,48,33,73,,,,16,19,9,9,1.0,0.8
2024-02-07T0100,1314A,120.1983,35.9608,青岛市,黄岛区子站,细颗粒物(PM2.5),89,80,54,66,37,58,,,,37,32,12,9,1.0,0.8
2024-02-07T0100,1315A,120.3999,36.3083,青岛市,城阳区子站,颗粒物(PM10),53,56,57,29,31,58,,,,28,31,9,9,1.0,0.9
2024-02-07T0100,1966A,120.0405,35.8735,青岛市,黄岛区4号,细颗粒物(PM2.5),94,83,55,70,40,84,,,,19,15,13,10,1.0,0.9
2024-02-07T0100,3362A,120.5014,36.4034,青岛市,即墨2号,细颗粒物(PM2.5),62,64,60,44,44,57,,,,17,21,13,13,0.8,0.8
2024-02-07T0100,3642A,120.3503,36.0736,青岛市,市北区南部,"颗粒物(PM10),细颗粒物(PM2.5)",64,78,56,46,38,60,,,,30,35,8,8,1.1,0.9
2024-02-07T0100,3643A,120.3948,36.1805,青岛市,李沧区北部,细颗粒物(PM2.5),73,63,59,53,47,72,,,,23,33,12,12,1.0,0.9
2024-02-07T0100,1702A,113.0426,23.691,清远市,环保大楼,,8,3,8,2,6,18,,,,6,9,2,2,0.8,0.7
2024-02-07T0100,1703A,113.0208,23.7106,清远市,凤城街办,,8,7,15,3,7,22,,,,6,12,4,4,0.8,0.9
2024-02-07T0100,3025A,113.0477,23.6344,清远市,技师学院,,7,4,11,2,6,20,,,,8,9,4,4,0.7,0.7
2024-02-07T0100,3318A,112.9903,23.7403,清远市,清新太和,,8,4,14,2,6,22,,,,9,15,1,2,0.8,0.7
2024-02-07T0100,3455A,113.076,23.7198,清远市,清城东城,,11,1,7,1,4,21,,,,10,13,6,6,1.1,1
2024-02-07T0100,2661A,107.6325,35.7357,庆阳市,庆阳五中,细颗粒物(PM2.5),85,67,70,63,62,77,,,,9,12,7,13,0.8,0.8
2024-02-07T0100,2662A,107.6364,35.7067,庆阳市,市环保局,细颗粒物(PM2.5),70,67,71,51,56,70,,,,16,14,21,7,0.8,0.9
2024-02-07T0100,1916A,103.7897,25.5035,曲靖市,环境监测站,,25,15,25,8,14,78,,,,6,7,2,3,0.5,0.5
2024-02-07T0100,1917A,103.8,25.5364,曲靖市,烟厂办公区,,28,28,26,14,13,79,,,,6,8,4,4,0.4,0.5
2024-02-07T0100,3376A,103.7947,25.462,曲靖市,南苑二区,,28,28,25,18,14,70,,,,8,7,4,4,0.5,0.5
2024-02-07T0100,3377A,103.7444,25.5261,曲靖市,曲靖师范学院,,29,27,31,20,19,72,,,,12,13,7,6,0.4,0.4
2024-02-07T0100,1264A,118.8692,28.9398,衢州市,环保大楼,,26,19,23,18,19,38,,,,14,14,3,4,0.6,0.6
2024-02-07T0100,1265A,118.8709,28.9666,衢州市,实验学校,,25,18,18,17,14,43,,,,9,10,7,6,0.4,0.5
2024-02-07T0100,1266A,118.8621,28.9808,衢州市,衢州学院,,25,,19,17,18,40,,,,11,11,5,6,0.7,0.7
2024-02-07T0100,1611A,118.5819,24.9117,泉州市,涂山街,,25,17,18,17,18,55,,,,14,14,2,2,0.6,0.7
2024-02-07T0100,1612A,118.5972,24.8978,泉州市,津头埔,,25,,17,17,16,47,,,,16,17,3,3,0.6,0.7
2024-02-07T0100,1613A,118.6663,24.9424,泉州市,万安,,20,20,22,14,17,55,,,,14,14,3,2,0.5,0.5
2024-02-07T0100,1614A,118.6117,24.9604,泉州市,清源山,,,,,,,,,,,,,,,,
2024-02-07T0100,3529A,118.6333,24.9264,泉州市,城华南路,,23,21,22,16,16,52,,,,11,10,3,3,0.6,0.6
2024-02-07T0100,2626A,88.8876,29.2718,日喀则市,日喀则监测站,颗粒物(PM10),56,61,98,11,18,108,,,,6,5,5,5,0.3,0.4
2024-02-07T0100,3726A,88.8781,29.2426,日喀则市,林业技术推广中心,,48,48,97,13,18,106,,,,3,3,6,6,0.3,0.4
2024-02-07T0100,1659A,119.471,35.4209,日照市,监测站,细颗粒物(PM2.5),123,114,62,93,46,9,,,,77,39,14,13,1.7,0.9
2024-02-07T0100,1660A,119.523,35.4216,日照市,市政府广场,细颗粒物(PM2.5),110,97,56,83,42,64,,,,39,21,12,12,1.1,0.8
2024-02-07T0100,1661A,119.5587,35.4044,日照市,港务局,细颗粒物(PM2.5),114,114,61,86,39,22,,,,72,22,8,7,1.1,0.6
2024-02-07T0100,3507A,119.5328,35.4625,日照市,职业技术学院,细颗粒物(PM2.5),104,102,56,78,38,66,,,,38,25,10,10,1.3,0.9
2024-02-07T0100,3604A,119.3266,35.1044,日照市,岚山环保分局,细颗粒物(PM2.5),119,107,66,90,43,85,,,,30,33,15,18,1.0,1.2
2024-02-07T0100,1835A,111.1922,34.7752,三门峡市,市政府,细颗粒物(PM2.5),172,137,106,130,105,9,,,,63,41,9,9,1.7,1.4
2024-02-07T0100,1836A,111.1587,34.7942,三门峡市,开发区,细颗粒物(PM2.5),155,152,118,118,106,64,,,,18,25,5,6,1.5,1.2
2024-02-07T0100,1838A,111.143,34.7955,三门峡市,风景区,,,,,,,,,,,,,,,,
2024-02-07T0100,3039A,111.1911,34.7829,三门峡市,三门峡市第一小学,细颗粒物(PM2.5),180,170,119,136,114,15,,,,62,29,10,11,1.6,1.1
2024-02-07T0100,3598A,111.1,34.7167,三门峡市,富达温泉假日酒店,细颗粒物(PM2.5),149,119,117,114,105,45,,,,24,33,6,8,1.3,1.3
2024-02-07T0100,2324A,117.6211,26.2625,三明市,三钢,,15,9,14,2,11,13,,,,5,7,6,5,1.5,1
2024-02-07T0100,2325A,117.635,26.2714,三明市,三明二中,,,,14,5,10,14,,,,8,10,6,6,0.7,0.6
2024-02-07T0100,2326A,117.6028,26.2378,三明市,三元区政府,,9,8,19,2,11,15,,,,5,11,4,6,0.9,1.2
2024-02-07T0100,2327A,117.7275,26.3108,三明市,洋溪,,,,,,,,,,,,,,,,
2024-02-07T0100,1876A,109.5078,18.2489,三亚市,河东子站,,21,21,19,13,12,51,,,,3,4,4,4,0.5,0.4
2024-02-07T0100,1877A,109.4964,18.2681,三亚市,河西子站,,20,20,19,9,9,45,,,,2,4,2,3,0.4,0.4
2024-02-07T0100,3540A,109.7348,18.3443,三亚市,君悦子站,,19,11,17,7,7,58,,,,3,3,4,4,0.4,0.4
2024-02-07T0100,2624A,91.7608,29.2313,山南市,山南监测站,,40,40,94,9,18,80,,,,6,5,5,6,0.4,0.4
2024-02-07T0100,2625A,91.7706,29.2436,山南市,山南人民医院,颗粒物(PM10),51,51,122,17,22,76,,,,6,6,5,5,0.5,0.5
2024-02-07T0100,1674A,116.6794,23.3667,汕头市,金平子站,,30,24,21,21,13,78,,,,7,7,6,6,0.7,0.7
2024-02-07T0100,1675A,116.7244,23.3633,汕头市,龙湖子站,,27,27,21,16,11,73,,,,13,13,7,8,0.7,0.8
2024-02-07T0100,1676A,116.7258,23.2775,汕头市,濠江子站,,27,27,22,18,16,72,,,,10,11,8,8,0.6,0.7
2024-02-07T0100,1677A,116.7519,23.4714,汕头市,澄海子站,,33,28,21,23,18,76,,,,12,14,8,8,0.5,0.5
2024-02-07T0100,1678A,116.6092,23.2539,汕头市,潮阳子站,,28,28,23,16,10,72,,,,11,13,8,8,0.7,0.7
2024-02-07T0100,3444A,116.454,23.2684,汕头市,潮南峡山,,40,40,27,22,13,77,,,,12,11,8,8,0.7,0.7
2024-02-07T0100,3624A,116.4069,23.2533,汕头市,潮南子站,,40,40,30,27,14,67,,,,8,6,7,7,0.7,0.7
2024-02-07T0100,1693A,115.3653,22.775,汕尾市,市环保局,,35,32,27,24,19,82,,,,6,7,9,7,0.7,0.7
2024-02-07T0100,1694A,115.3706,22.7898,汕尾市,市政府,,32,26,24,22,21,79,,,,8,7,6,4,0.7,0.7
2024-02-07T0100,1695A,115.3622,22.7925,汕尾市,新城中学,,32,,26,22,19,76,,,,6,5,6,5,0.5,0.6
2024-02-07T0100,2645A,109.9154,33.8715,商洛市,监测站,细颗粒物(PM2.5),103,87,67,77,58,51,,,,26,18,5,5,0.9,0.8
2024-02-07T0100,3045A,109.9643,33.8471,商洛市,商州区中学,细颗粒物(PM2.5),104,,59,78,61,57,,,,16,13,4,4,1.0,1
2024-02-07T0100,2408A,115.6702,34.4285,商丘市,环境监测站,细颗粒物(PM2.5),242,,123,192,124,59,,,,43,25,12,12,1.7,1.3
2024-02-07T0100,2409A,115.6458,34.4045,商丘市,粮食局,细颗粒物(PM2.5),232,200,115,182,116,78,,,,37,25,10,11,1.3,1
2024-02-07T0100,2410A,115.6293,34.3948,商丘市,睢阳区环保局,细颗粒物(PM2.5),249,,121,199,126,38,,,,56,29,10,11,1.3,1
2024-02-07T0100,3171A,115.6071,34.4465,商丘市,梁园区档案局,细颗粒物(PM2.5),296,,151,246,146,57,,,,54,33,9,11,1.5,1.2
2024-02-07T0100,1141A,121.4,31.238,上海市,普陀,,26,21,61,18,52,72,,,,17,26,5,5,0.6,0.7
2024-02-07T0100,1142A,121.478,31.2036,上海市,十五厂,,23,21,59,13,50,71,,,,20,28,7,7,0.6,0.9
2024-02-07T0100,1143A,121.467,31.3008,上海市,虹口,,35,,58,24,54,76,,,,22,31,6,6,0.5,0.8
2024-02-07T0100,1144A,121.412,31.1654,上海市,徐汇上师大,,25,25,66,16,57,74,,,,19,26,7,6,1.0,1
2024-02-07T0100,1145A,121.536,31.2659,上海市,杨浦四漂,,25,18,54,17,45,75,,,,23,29,5,6,0.6,0.9
2024-02-07T0100,1147A,121.425,31.2261,上海市,静安监测站,,30,23,61,21,53,69,,,,24,29,7,7,0.7,0.9
2024-02-07T0100,1148A,121.703,31.1907,上海市,浦东川沙,,32,,58,22,52,73,,,,23,29,5,6,0.5,0.8
2024-02-07T0100,1149A,121.533,31.2284,上海市,浦东新区监测站,,22,20,61,12,47,68,,,,22,28,6,6,0.5,0.8
2024-02-07T0100,1150A,121.577,31.2071,上海市,浦东张江,,25,16,52,13,48,80,,,,18,29,5,5,0.6,0.8
2024-02-07T0100,3265A,121.4316,31.3322,上海市,宝山庙行,,32,,55,22,52,70,,,,23,29,9,8,0.7,0.8
2024-02-07T0100,3266A,121.8791,31.4662,上海市,崇明上实东滩,,28,13,48,8,42,88,,,,6,14,5,5,0.6,0.8
2024-02-07T0100,3268A,121.3162,31.2838,上海市,嘉定南翔,,25,23,63,17,51,68,,,,14,21,7,8,0.7,0.9
2024-02-07T0100,3269A,121.3359,30.7456,上海市,金山新城,细颗粒物(PM2.5),89,,72,66,69,40,,,,32,30,7,7,0.6,0.8
2024-02-07T0100,3270A,121.4996,31.0739,上海市,闵行浦江,,39,,64,27,57,70,,,,22,31,7,7,0.7,0.9
2024-02-07T0100,3271A,121.2886,31.1663,上海市,青浦徐泾,,33,25,66,23,58,69,,,,16,25,5,5,0.6,0.8
2024-02-07T0100,3272A,121.2186,31.0378,上海市,松江图书馆,,42,34,74,29,62,59,,,,19,24,5,6,0.7,1
2024-02-07T0100,3273A,121.3902,31.2059,上海市,长宁仙霞,,24,22,63,15,53,74,,,,18,28,6,6,0.7,0.9
2024-02-07T0100,3274A,121.7965,31.0507,上海市,浦东惠南,,33,,54,23,49,59,,,,27,32,6,6,0.6,0.9
2024-02-07T0100,3544A,121.4891,30.925,上海市,奉贤南桥新城,细颗粒物(PM2.5),54,,73,38,59,53,,,,28,32,7,7,0.7,1
2024-02-07T0100,2381A,118.005,28.4572,上饶市,百草园,,,18,13,10,9,40,,,,6,7,2,2,,
2024-02-07T0100,2382A,117.9756,28.4436,上饶市,市监测站,,17,17,14,11,7,41,,,,5,8,4,6,0.6,0.7
2024-02-07T0100,2383A,117.9519,28.4628,上饶市,凤凰光学,,17,17,15,9,11,40,,,,5,7,4,3,0.8,0.6
2024-02-07T0100,3413A,118.1953,28.4401,上饶市,广丰区教体局,,19,14,14,13,13,43,,,,3,5,3,3,0.5,0.6
2024-02-07T0100,3685A,117.897,28.4315,上饶市,双创科技城,,17,17,15,10,9,33,,,,7,6,1,2,0.9,0.9
2024-02-07T0100,1669A,113.5824,24.7733,韶关市,市八中,,9,4,11,2,9,28,,,,3,4,8,8,0.9,0.9
2024-02-07T0100,1671A,113.5917,24.7972,韶关市,园林处,,18,18,18,0,1,26,,,,4,5,8,8,0.9,0.9
2024-02-07T0100,1672A,113.6735,24.7791,韶关市,韶关学院,,11,0,10,0,8,34,,,,3,6,6,6,0.8,0.9
2024-02-07T0100,1673A,113.5971,24.6863,韶关市,曲江监测站,,12,4,15,2,10,36,,,,10,9,15,12,0.9,0.9
2024-02-07T0100,3622A,113.5556,24.8082,韶关市,碧湖山庄,,9,8,12,4,8,26,,,,5,6,8,8,0.8,0.9
2024-02-07T0100,2462A,111.5239,27.3033,邵阳市,市水土所,,36,,29,25,28,65,,,,4,6,5,5,0.5,0.7
2024-02-07T0100,2463A,111.4733,27.2317,邵阳市,市一中,,42,,29,29,30,73,,,,8,11,8,8,0.9,0.9
2024-02-07T0100,2464A,111.5283,27.2442,邵阳市,市化工厂,细颗粒物(PM2.5),55,41,34,39,32,76,,,,6,8,6,6,0.7,0.8
2024-02-07T0100,2465A,111.4503,27.2537,邵阳市,市罐头厂,,50,39,33,35,37,69,,,,7,10,6,6,0.6,0.7
2024-02-07T0100,2466A,111.4328,27.2272,邵阳市,市环保局,,46,,28,32,30,71,,,,10,14,5,6,0.8,0.9
2024-02-07T0100,1247A,120.6053,29.9928,绍兴市,城东开发委,细颗粒物(PM2.5),104,85,69,78,62,58,,,,20,21,8,7,1.1,0.9
2024-02-07T0100,2921A,120.5483,30.0003,绍兴市,树下王站,细颗粒物(PM2.5),100,78,61,75,60,57,,,,23,22,7,6,0.9,0.6
2024-02-07T0100,3408A,120.5683,29.9361,绍兴市,绍兴中专,细颗粒物(PM2.5),90,74,60,67,52,62,,,,21,19,4,3,1.2,0.9
2024-02-07T0100,3409A,120.4906,30.0861,绍兴市,柯桥区政府,细颗粒物(PM2.5),120,110,87,91,72,55,,,,21,18,6,5,1.1,0.8
2024-02-07T0100,3410A,120.8752,30.0249,绍兴市,重华小学,细颗粒物(PM2.5),105,80,66,79,63,51,,,,20,16,6,5,1.0,0.8
2024-02-07T0100,3411A,120.8369,30.0137,绍兴市,上虞中学,细颗粒物(PM2.5),102,76,65,76,63,51,,,,22,21,5,5,1.0,0.8
2024-02-07T0100,3560A,120.4722,30.0415,绍兴市,柯桥妇保,细颗粒物(PM2.5),105,,58,79,66,59,,,,23,21,6,6,0.9,0.6
2024-02-07T0100,3658A,120.6153,30.0764,绍兴市,袍江中学,细颗粒物(PM2.5),105,122,93,79,62,60,,,,21,20,8,7,1.1,0.9
2024-02-07T0100,1356A,114.1063,22.5545,深圳市,通心岭子站,,18,8,17,4,8,57,,,,10,5,3,3,0.5,0.4
2024-02-07T0100,1357A,114.117,22.5625,深圳市,洪湖,,17,9,21,3,9,54,,,,22,13,6,6,0.5,0.5
2024-02-07T0100,1358A,113.987,22.5417,深圳市,华侨城,,21,6,18,3,12,67,,,,3,5,5,6,0.5,0.5
2024-02-07T0100,1359A,113.9181,22.5171,深圳市,南海子站,,22,7,28,5,13,69,,,,9,15,5,5,0.6,0.6
2024-02-07T0100,1360A,114.2458,22.5689,深圳市,盐田,,31,14,20,8,10,18,,,,61,36,2,4,0.6,0.5
2024-02-07T0100,1361A,114.2283,22.7244,深圳市,龙岗,,22,13,22,7,11,70,,,,2,3,3,3,0.6,0.7
2024-02-07T0100,1363A,114.494,22.5422,深圳市,南澳,,24,13,17,6,10,76,,,,2,2,4,4,0.5,0.5
2024-02-07T0100,1364A,114.41,22.6342,深圳市,葵涌,,25,10,18,7,9,79,,,,3,3,4,4,0.7,0.7
2024-02-07T0100,1365A,114.297,22.5978,深圳市,梅沙,,25,20,25,9,11,77,,,,3,4,4,4,0.5,0.6
2024-02-07T0100,1366A,114.0678,22.738,深圳市,观澜,,23,19,22,8,10,72,,,,2,6,4,5,0.5,0.5
2024-02-07T0100,3305A,114.0731,22.559,深圳市,莲花,,21,8,16,5,10,65,,,,12,9,5,5,0.6,0.5
2024-02-07T0100,3306A,114.0261,22.6198,深圳市,民治,,17,15,17,10,11,52,,,,16,9,3,2,0.8,0.7
2024-02-07T0100,3307A,114.1871,22.6451,深圳市,横岗,,21,9,20,6,14,66,,,,9,15,2,2,0.4,0.4
2024-02-07T0100,3447A,114.3551,22.7151,深圳市,坪山,,25,25,20,16,12,61,,,,6,7,2,2,0.5,0.5
2024-02-07T0100,3623A,113.8953,22.5861,深圳市,西乡,,20,6,22,0,14,62,,,,7,14,8,8,0.6,0.7
2024-02-07T0100,1098A,123.6836,41.9339,沈阳市,森林路,,,,,,,,,,,,,,,,
2024-02-07T0100,1099A,123.505,41.7406,沈阳市,浑南东路,细颗粒物(PM2.5),85,74,83,63,66,21,,,,76,36,10,19,1.0,1
2024-02-07T0100,1100A,123.4231,41.6989,沈阳市,新秀街,细颗粒物(PM2.5),70,58,81,51,70,53,,,,55,47,12,15,0.7,0.9
2024-02-07T0100,1102A,123.5903,41.8411,沈阳市,东陵路,细颗粒物(PM2.5),62,55,75,44,68,66,,,,24,24,8,13,0.8,0.9
2024-02-07T0100,1103A,123.4264,41.8467,沈阳市,陵东街,细颗粒物(PM2.5),97,88,79,72,66,34,,,,67,40,10,14,1.0,0.9
2024-02-07T0100,1104A,123.4114,41.7653,沈阳市,文化路,细颗粒物(PM2.5),88,73,83,65,74,52,,,,55,42,21,20,1.0,0.9
2024-02-07T0100,1105A,123.4678,41.7867,沈阳市,小河沿,细颗粒物(PM2.5),80,72,81,59,68,49,,,,56,41,17,17,0.9,1
2024-02-07T0100,1106A,123.4017,41.7972,沈阳市,太原街,细颗粒物(PM2.5),156,,88,119,85,43,,,,58,39,19,21,1.3,1.1
2024-02-07T0100,1108A,123.3783,41.9228,沈阳市,京沈街,细颗粒物(PM2.5),90,73,69,67,68,84,,,,23,22,14,14,0.8,0.6
2024-02-07T0100,2897A,123.2444,41.7347,沈阳市,沈辽西路,细颗粒物(PM2.5),94,95,88,70,66,30,,,,72,39,18,14,1.1,0.9
2024-02-07T0100,2900A,123.5953,41.9086,沈阳市,裕农路,细颗粒物(PM2.5),78,63,80,57,71,77,,,,27,27,9,12,0.7,0.9
2024-02-07T0100,2428A,111.0419,32.395,十堰市,武当山,,49,39,33,34,31,78,,,,12,12,11,13,0.9,0.9
2024-02-07T0100,2429A,110.78,32.6494,十堰市,滨河新村,细颗粒物(PM2.5),74,65,70,54,57,13,,,,46,35,8,9,1.4,1.3
2024-02-07T0100,2430A,110.7258,32.6389,十堰市,刘家沟,细颗粒物(PM2.5),75,85,84,55,57,19,,,,22,22,8,8,1.2,1.1
2024-02-07T0100,2431A,110.8839,32.5714,十堰市,铁二处,细颗粒物(PM2.5),65,58,60,47,53,20,,,,24,28,7,7,1.1,1
2024-02-07T0100,3545A,110.8054,32.8401,十堰市,郧阳区金沙路,细颗粒物(PM2.5),75,,63,55,72,51,,,,14,19,5,4,1.1,1.2
2024-02-07T0100,2709A,86.0497,44.2967,石河子市,艾青诗歌馆,细颗粒物(PM2.5),250,300,299,200,202,58,,,,56,44,6,8,2.0,1.9
2024-02-07T0100,2710A,86.0697,44.3075,石河子市,阳光学校,细颗粒物(PM2.5),283,323,323,233,234,28,,,,89,58,9,13,1.9,2
2024-02-07T0100,3442A,86.047,44.2331,石河子市,南区管委会,颗粒物(PM10),145,239,262,,204,74,,,,30,31,5,6,1.8,2
2024-02-07T0100,1029A,114.4422,38.0444,石家庄市,职工医院,细颗粒物(PM2.5),207,166,134,157,123,17,,,,64,52,2,4,1.6,1.4
2024-02-07T0100,1030A,114.6063,38.0266,石家庄市,高新区,细颗粒物(PM2.5),215,191,158,165,127,36,,,,51,51,5,5,2.1,1.5
2024-02-07T0100,1031A,114.4898,38.1328,石家庄市,西北水源,细颗粒物(PM2.5),216,187,150,166,125,5,,,,60,41,2,3,1.6,1.4
2024-02-07T0100,1032A,114.4586,38.0058,石家庄市,西南高教,细颗粒物(PM2.5),201,179,148,151,115,8,,,,72,53,4,6,1.6,1.3
2024-02-07T0100,1033A,114.5331,38.0178,石家庄市,世纪公园,细颗粒物(PM2.5),213,189,150,163,123,50,,,,29,43,2,3,1.8,1.4
2024-02-07T0100,1034A,114.509,38.0457,石家庄市,人民会堂,细颗粒物(PM2.5),219,,126,169,122,26,,,,46,34,3,4,1.7,1.4
2024-02-07T0100,1035A,114.3524,37.8911,石家庄市,封龙山,细颗粒物(PM2.5),98,83,121,73,82,102,,,,20,27,3,4,0.9,1.1
2024-02-07T0100,2862A,114.5481,38.0378,石家庄市,22中南校区,细颗粒物(PM2.5),213,171,140,163,124,46,,,,35,45,5,6,1.9,1.5
2024-02-07T0100,3456A,114.289,38.0906,石家庄市,鹿泉一中,细颗粒物(PM2.5),186,175,134,140,107,23,,,,41,38,1,3,1.4,1.3
2024-02-07T0100,3573A,114.8506765,38.0322033,石家庄市,藁城区实验学校,细颗粒物(PM2.5),264,268,195,214,163,42,,,,46,42,4,4,2.0,1.6
2024-02-07T0100,3574A,114.0504658,38.0591645,石家庄市,井陉矿区区委大楼,细颗粒物(PM2.5),143,154,140,109,101,12,,,,64,51,19,13,1.4,1.2
2024-02-07T0100,4024A,114.6549,37.9020,石家庄市,栾城区星河路,细颗粒物(PM2.5),259,249,186,209,165,12,,,,63,47,3,5,2.0,1.9
2024-02-07T0100,1947A,106.3394,38.817,石嘴山市,沙湖旅游区,细颗粒物(PM2.5),93,122,78,69,54,30,,,,32,26,9,12,0.8,0.9
2024-02-07T0100,1948A,106.3668,39.0145,石嘴山市,大武口朝阳西街,,40,40,118,24,84,48,,,,29,31,26,27,1.0,1.6
2024-02-07T0100,1949A,106.7704,39.2282,石嘴山市,惠农南大街,,38,38,64,23,40,63,,,,15,28,14,19,0.5,1.1
2024-02-07T0100,1950A,106.7099,39.1325,石嘴山市,红果子镇惠新街,,23,20,76,16,52,63,,,,14,33,7,21,0.5,1.2
2024-02-07T0100,3520A,106.3495,38.9836,石嘴山市,妇女儿童医院,细颗粒物(PM2.5),124,128,108,94,79,53,,,,22,25,10,12,0.7,1.3
2024-02-07T0100,3521A,106.7492,39.2069,石嘴山市,石大公路,,29,25,73,20,50,61,,,,19,35,4,10,0.4,0.9
2024-02-07T0100,2248A,131.1511,46.6937,双鸭山市,双合村,颗粒物(PM10),93,136,108,64,65,62,,,,28,24,22,18,2.3,1.4
2024-02-07T0100,2249A,131.1652,46.6191,双鸭山市,南小市,细颗粒物(PM2.5),72,53,39,52,32,94,,,,13,18,10,12,0.7,0.6
2024-02-07T0100,2250A,131.1524,46.6554,双鸭山市,环保局,细颗粒物(PM2.5),95,109,59,71,40,67,,,,32,31,13,9,1.3,0.6
2024-02-07T0100,2251A,131.12,46.5656,双鸭山市,苗圃,细颗粒物(PM2.5),65,54,34,47,27,129,,,,12,10,8,7,0.5,0.4
2024-02-07T0100,2166A,112.4397,39.3522,朔州市,平朔,,36,32,67,25,50,67,,,,14,22,10,12,0.6,0.9
2024-02-07T0100,2167A,112.4575,39.3617,朔州市,朔唯,,50,50,76,15,49,62,,,,17,24,10,11,0.7,0.9
2024-02-07T0100,2168A,112.4258,39.3197,朔州市,区政府,,30,30,68,18,51,67,,,,11,17,8,12,0.8,1
2024-02-07T0100,2169A,112.4072,39.3278,朔州市,市环保局,,37,37,69,16,48,77,,,,13,20,11,15,0.8,0.9
2024-02-07T0100,2170A,112.4272,39.3681,朔州市,市二中,,47,47,72,18,50,66,,,,14,22,11,11,0.6,0.7
2024-02-07T0100,3571A,112.2931,39.53,朔州市,一水厂,,47,47,54,30,43,73,,,,10,10,7,10,0.5,0.6
2024-02-07T0100,2225A,124.4002,43.1713,四平市,一商场,细颗粒物(PM2.5),183,155,122,138,85,17,,,,86,45,6,11,1.4,0.9
2024-02-07T0100,2226A,124.388,43.193,四平市,境园,细颗粒物(PM2.5),128,98,98,97,96,45,,,,42,29,6,10,0.9,0.9
2024-02-07T0100,3486A,124.4036,43.1411,四平市,植物园,细颗粒物(PM2.5),95,86,100,71,78,53,,,,48,36,2,13,0.7,0.7
2024-02-07T0100,3713A,124.3419,43.1666,四平市,世纪城,细颗粒物(PM2.5),159,156,98,121,79,4,,,,97,35,7,10,1.4,0.9
2024-02-07T0100,2233A,124.8006,45.1214,松原市,江南,细颗粒物(PM2.5),75,62,105,55,84,78,,,,16,27,8,15,0.5,0.7
2024-02-07T0100,2234A,124.7965,45.1722,松原市,江北,细颗粒物(PM2.5),93,,67,69,65,66,,,,17,20,6,8,0.6,0.6
2024-02-07T0100,1160A,120.561,31.2472,苏州市,上方山,细颗粒物(PM2.5),75,71,79,55,65,51,,,,23,20,6,6,0.7,1
2024-02-07T0100,1162A,120.591,31.3019,苏州市,彩香,细颗粒物(PM2.5),70,62,75,51,66,42,,,,25,26,6,7,0.7,1
2024-02-07T0100,1163A,120.596,31.3264,苏州市,轧钢厂,细颗粒物(PM2.5),62,62,81,44,63,51,,,,21,21,10,10,0.8,1.1
2024-02-07T0100,1164A,120.613,31.2703,苏州市,吴中区,细颗粒物(PM2.5),59,57,80,42,62,54,,,,25,27,7,8,0.6,1
2024-02-07T0100,1165A,120.543,31.2994,苏州市,苏州新区,细颗粒物(PM2.5),60,54,78,43,66,50,,,,25,23,6,5,0.8,1
2024-02-07T0100,1166A,120.669,31.3097,苏州市,苏州工业园区,细颗粒物(PM2.5),55,49,78,39,68,55,,,,20,25,8,9,0.8,1.1
2024-02-07T0100,1167A,120.641,31.3708,苏州市,相城区,,46,46,74,32,63,62,,,,13,16,8,8,0.6,1
2024-02-07T0100,3289A,120.743,31.3188,苏州市,方洲路,,46,46,75,32,59,56,,,,18,20,6,8,0.6,1
2024-02-07T0100,3290A,120.5031,31.2774,苏州市,木渎中学,细颗粒物(PM2.5),70,58,75,51,68,45,,,,29,23,9,8,0.8,1
2024-02-07T0100,3425A,120.624,31.1733,苏州市,越秀幼儿园,颗粒物(PM10),66,82,84,47,66,53,,,,21,21,5,6,0.7,1
2024-02-07T0100,3431A,120.6505,31.416,苏州市,高铁新城,,49,45,78,34,66,60,,,,13,16,6,7,0.6,1
2024-02-07T0100,1220A,118.293,33.9528,宿迁市,宿迁学院,细颗粒物(PM2.5),87,86,79,64,58,50,,,,54,33,8,8,1.0,0.7
2024-02-07T0100,1221A,118.2442,33.9592,宿迁市,宿迁中学,细颗粒物(PM2.5),99,100,81,74,65,31,,,,54,32,6,9,1.2,0.9
2024-02-07T0100,2996A,118.283,33.965,宿迁市,市供电局,细颗粒物(PM2.5),90,96,75,67,65,68,,,,33,28,8,9,1.1,0.8
2024-02-07T0100,3191A,118.3225,33.9447,宿迁市,宿豫区政府,,,87,73,70,61,34,,,,,25,,10,1.2,0.8
2024-02-07T0100,3187A,116.9509,33.666,宿州市,远航博物馆,细颗粒物(PM2.5),186,155,121,140,106,56,,,,56,31,6,6,1.0,0.8
2024-02-07T0100,3463A,116.9708,33.591,宿州市,社会福利中心,细颗粒物(PM2.5),153,141,111,117,91,35,,,,65,30,4,5,1.2,0.9
2024-02-07T0100,3634A,116.9884,33.6305,宿州市,宿州学院,细颗粒物(PM2.5),158,150,115,120,92,42,,,,54,22,6,7,1.3,0.9
2024-02-07T0100,3701A,116.9648,33.6252,宿州市,皖北煤电集团,细颗粒物(PM2.5),180,144,113,136,102,16,,,,80,29,5,7,1.4,1
2024-02-07T0100,2266A,126.9785,46.6365,绥化市,人和东街,细颗粒物(PM2.5),113,102,82,85,65,67,,,,24,29,5,11,0.8,0.7
2024-02-07T0100,2267A,126.964,46.6528,绥化市,党政办公中心,细颗粒物(PM2.5),109,84,79,82,72,81,,,,17,23,6,13,0.7,0.7
2024-02-07T0100,2451A,113.3583,31.7275,随州市,市委党校,细颗粒物(PM2.5),119,97,85,90,78,129,,,,9,10,7,7,0.9,0.9
2024-02-07T0100,2452A,113.3833,31.6908,随州市,市林业局,细颗粒物(PM2.5),114,92,81,86,77,117,,,,18,17,8,7,0.9,0.9
2024-02-07T0100,2453A,113.3983,31.7308,随州市,市立交桥水厂,细颗粒物(PM2.5),119,95,86,90,81,118,,,,14,14,9,9,0.9,0.9
2024-02-07T0100,2527A,105.5453,30.5678,遂宁市,石溪浩,细颗粒物(PM2.5),54,51,45,38,35,33,,,,14,12,5,5,0.6,0.6
2024-02-07T0100,2528A,105.5582,30.5232,遂宁市,市监测站,,49,46,42,34,32,34,,,,14,19,9,10,0.8,0.8
2024-02-07T0100,2529A,105.5861,30.5366,遂宁市,行政中心,,49,44,42,34,32,38,,,,7,12,7,7,0.7,0.8
2024-02-07T0100,2530A,105.5918,30.4728,遂宁市,美宁食品公司,,46,40,41,32,30,38,,,,8,14,8,9,0.6,0.7
2024-02-07T0100,2706A,82.9994,46.7432,塔城地区,东门外小游园,,38,38,30,25,15,61,,,,4,5,3,3,0.2,0.2
2024-02-07T0100,1255A,121.273,28.6459,台州市,黄岩环保大楼,,18,14,26,12,21,50,,,,12,14,4,4,0.5,0.6
2024-02-07T0100,1256A,121.419,28.6542,台州市,台州环保大楼,,23,18,27,16,22,51,,,,9,9,2,3,0.6,0.5
2024-02-07T0100,1257A,121.377,28.5773,台州市,路桥田洋王,,22,16,29,15,26,54,,,,12,13,3,3,0.4,0.4
2024-02-07T0100,3564A,121.2568,28.6681,台州市,台州科技职业学院,,17,10,22,8,17,54,,,,10,10,4,4,0.5,0.4
2024-02-07T0100,1081A,112.522,37.8873,太原市,尖草坪,细颗粒物(PM2.5),83,82,95,61,79,66,,,,29,36,9,11,0.8,1.2
2024-02-07T0100,1083A,112.434,38.0108,太原市,上兰,,,,,,,,,,,,,,,,
2024-02-07T0100,1084A,112.469,37.7124,太原市,晋源,细颗粒物(PM2.5),74,76,123,54,102,81,,,,19,38,12,12,0.7,1.4
2024-02-07T0100,1085A,112.5583,37.7394,太原市,小店,细颗粒物(PM2.5),75,79,120,55,98,70,,,,28,42,11,12,1.0,1.4
2024-02-07T0100,1086A,112.5369,37.8692,太原市,桃园,细颗粒物(PM2.5),78,86,97,57,75,61,,,,30,32,9,11,0.8,1
2024-02-07T0100,1087A,112.57,37.8195,太原市,坞城,细颗粒物(PM2.5),80,68,92,59,82,80,,,,18,39,13,13,0.6,1.2
2024-02-07T0100,1088A,112.549,37.9854,太原市,南寨,细颗粒物(PM2.5),77,83,97,56,73,15,,,,64,34,7,9,1.1,1.4
2024-02-07T0100,3618A,112.4719,37.7831,太原市,金胜,细颗粒物(PM2.5),74,72,97,54,77,84,,,,16,26,11,10,0.6,0.9
2024-02-07T0100,4010A,112.5608,37.8807,太原市,育英中学,细颗粒物(PM2.5),83,75,90,61,81,75,,,,22,32,10,9,0.7,1.1
2024-02-07T0100,1656A,117.1437,36.1937,泰安市,监测站,细颗粒物(PM2.5),240,222,129,190,103,5,,,,106,53,25,15,2.4,1.4
2024-02-07T0100,1657A,117.0885,36.2017,泰安市,人口学校,细颗粒物(PM2.5),124,97,94,94,79,59,,,,27,36,10,13,1.1,1.2
2024-02-07T0100,1658A,117.1089,36.1758,泰安市,电力学校,细颗粒物(PM2.5),219,188,138,169,121,7,,,,103,74,14,18,1.3,1.2
2024-02-07T0100,3502A,117.1812,36.2275,泰安市,国网新校,细颗粒物(PM2.5),117,95,87,88,77,60,,,,19,18,8,11,1.1,1.1
2024-02-07T0100,3503A,117.0313,36.2018,泰安市,交通技校,细颗粒物(PM2.5),143,122,93,109,80,26,,,,51,36,8,9,1.1,0.9
2024-02-07T0100,3504A,117.0829,36.13,泰安市,山东第一医科大学,细颗粒物(PM2.5),202,197,125,152,108,8,,,,104,45,16,15,1.3,1
2024-02-07T0100,1206A,119.905,32.4878,泰州市,公园路,,44,44,58,24,49,67,,,,13,13,7,7,0.7,0.7
2024-02-07T0100,1207A,119.9189,32.4625,泰州市,莲花,,34,34,56,22,45,70,,,,14,16,6,5,0.5,0.6
2024-02-07T0100,1209A,119.888,32.4639,泰州市,留学生创业园,,36,36,51,18,39,69,,,,11,14,6,6,0.5,0.6
2024-02-07T0100,2997A,119.8767,32.3289,泰州市,王营,,48,48,64,31,51,53,,,,22,19,8,8,0.6,0.7
2024-02-07T0100,3295A,120.1259,32.5099,泰州市,姜堰区政府广场,,36,35,61,25,51,74,,,,9,12,7,7,0.5,0.6
2024-02-07T0100,3435A,119.9192,32.4322,泰州市,周山河街区,,32,32,56,22,48,75,,,,15,16,8,7,0.6,0.7
2024-02-07T0100,1037A,118.131,39.6363,唐山市,雷达站,细颗粒物(PM2.5),192,160,106,144,80,11,,,,55,43,3,6,1.3,1.1
2024-02-07T0100,1038A,118.1725,39.6334,唐山市,物资局,细颗粒物(PM2.5),170,155,98,129,67,7,,,,67,45,2,6,1.3,1
2024-02-07T0100,1040A,118.1705,39.6506,唐山市,十二中,细颗粒物(PM2.5),144,159,96,110,60,6,,,,69,43,2,6,1.8,1.1
2024-02-07T0100,1041A,118.1869,39.622,唐山市,小山,细颗粒物(PM2.5),166,150,100,126,65,5,,,,58,43,3,6,1.3,1.1
2024-02-07T0100,3457A,118.4359,39.2762,唐山市,冀东油田职工医院,细颗粒物(PM2.5),185,141,57,139,47,29,,,,40,28,6,7,0.9,0.4
2024-02-07T0100,3575A,118.09279,39.58089,唐山市,正泰大街热力站,细颗粒物(PM2.5),183,183,112,138,79,6,,,,53,41,2,4,1.5,1.2
2024-02-07T0100,3576A,118.1562,39.8322,唐山市,丰润区政府,细颗粒物(PM2.5),176,201,107,133,66,6,,,,50,36,14,13,2.5,1.4
2024-02-07T0100,3577A,118.43673,39.73809,唐山市,金山小学,细颗粒物(PM2.5),112,130,85,84,44,0,,,,59,32,2,8,1.3,1
2024-02-07T0100,3578A,118.24498,39.66941,唐山市,政府服务中心,细颗粒物(PM2.5),145,151,84,111,59,1,,,,61,36,6,9,1.5,1.1
2024-02-07T0100,3692A,118.2059,39.6585,唐山市,消防缸窑路中队,细颗粒物(PM2.5),134,157,92,102,53,4,,,,54,36,10,12,1.6,1
2024-02-07T0100,3693A,118.1436,39.6202,唐山市,路南电大,细颗粒物(PM2.5),176,161,98,133,71,7,,,,56,43,3,4,1.2,1
2024-02-07T0100,1015A,117.1444,39.1661,天津市,勤俭道,,23,23,88,16,72,66,,,,18,28,5,6,0.4,0.8
2024-02-07T0100,1017A,117.237,39.1082,天津市,大直沽八号路,,26,26,91,17,74,67,,,,17,26,3,4,0.3,0.7
2024-02-07T0100,1018A,117.202,39.0927,天津市,前进道,,24,24,86,16,71,73,,,,13,29,5,5,0.5,0.9
2024-02-07T0100,1019A,117.1837,39.2133,天津市,淮河道,,25,23,87,16,72,78,,,,16,34,4,4,0.3,0.8
2024-02-07T0100,1021A,117.307,39.0877,天津市,跃进路,,28,28,94,17,75,74,,,,17,36,5,6,0.5,0.9
2024-02-07T0100,1023A,117.707,39.0343,天津市,第四大街,,35,35,125,22,94,50,,,,23,52,4,5,0.4,0.9
2024-02-07T0100,1024A,117.457,38.8394,天津市,永明路,细颗粒物(PM2.5),68,73,109,49,87,14,,,,66,48,7,7,0.6,0.8
2024-02-07T0100,1026A,117.764,39.1587,天津市,汉北路,,39,39,118,26,87,36,,,,29,44,6,6,0.6,0.9
2024-02-07T0100,1027A,117.157,38.9194,天津市,团泊洼,,21,21,88,14,72,62,,,,18,23,5,5,0.6,1
2024-02-07T0100,2858A,117.7918,39.2474,天津市,河西一经路,细颗粒物(PM2.5),67,60,124,48,105,23,,,,48,41,6,6,0.7,1
2024-02-07T0100,2859A,117.3747,38.9846,天津市,津沽路,,28,28,101,18,79,62,,,,18,37,2,3,0.6,1
2024-02-07T0100,2860A,117.1589,39.0845,天津市,宾水西道,,23,23,88,16,69,66,,,,19,32,3,3,0.5,0.8
2024-02-07T0100,2922A,117.1941,39.1067,天津市,大理道,,25,24,89,14,71,79,,,,12,28,3,4,0.3,0.7
2024-02-07T0100,3020A,117.2101,39.1699,天津市,中山北路,,23,23,84,15,69,71,,,,20,43,4,4,0.1,0.5
2024-02-07T0100,3051A,117.3876,39.1488,天津市,西四道,,28,28,79,15,59,66,,,,10,32,2,3,0.3,0.7
2024-02-07T0100,3325A,117.0365,39.3828,天津市,雍阳西道,,24,24,82,15,64,74,,,,16,26,1,2,0.4,0.6
2024-02-07T0100,3326A,117.0296,39.0605,天津市,辛老路,,20,20,85,13,64,63,,,,18,26,3,4,0.3,0.7
2024-02-07T0100,3327A,116.9638,38.9375,天津市,地纬路,,38,38,98,26,80,59,,,,22,31,3,4,0.6,0.9
2024-02-07T0100,3460A,117.4067,40.0583,天津市,北环路,,31,31,73,21,50,75,,,,12,24,4,10,0.4,0.9
2024-02-07T0100,3461A,117.3045,39.7169,天津市,建设路,,30,30,76,20,56,82,,,,11,33,4,7,0.4,0.9
2024-02-07T0100,3462A,117.8199,39.3521,天津市,滨水东路,细颗粒物(PM2.5),53,54,124,37,95,58,,,,20,40,1,4,0.3,0.8
2024-02-07T0100,2649A,106.0055,34.343,天水市,麦积山,,,,,,,,,,,,,,,,
2024-02-07T0100,2650A,105.7205,34.5786,天水市,公园小学,细颗粒物(PM2.5),65,62,65,47,48,79,,,,11,17,12,13,0.7,0.8
2024-02-07T0100,2651A,105.8945,34.5538,天水市,麦积国土局,细颗粒物(PM2.5),68,68,66,49,54,77,,,,21,19,17,12,0.8,0.8
2024-02-07T0100,2216A,123.8139,42.3022,铁岭市,汇工街西,细颗粒物(PM2.5),179,165,90,135,87,4,,,,84,31,9,11,1.8,0.9
2024-02-07T0100,2217A,123.8649,42.2923,铁岭市,水上乐园,细颗粒物(PM2.5),92,68,89,68,83,81,,,,17,27,6,12,0.6,0.7
2024-02-07T0100,2218A,123.8486,42.2867,铁岭市,银州路东段,细颗粒物(PM2.5),90,70,92,67,77,79,,,,17,25,4,10,0.8,0.9
2024-02-07T0100,2219A,123.7153,42.2217,铁岭市,金沙江路北,细颗粒物(PM2.5),112,98,79,84,71,8,,,,75,30,8,9,1.3,1.1
2024-02-07T0100,2229A,125.9358,41.7173,通化市,光明,细颗粒物(PM2.5),83,72,53,61,36,85,,,,23,22,10,16,0.7,0.6
2024-02-07T0100,2230A,125.9446,41.7325,通化市,铁路,细颗粒物(PM2.5),79,73,50,58,38,95,,,,20,18,11,14,0.9,0.7
2024-02-07T0100,2191A,122.2532,43.6801,通辽市,艺术职业学校,颗粒物(PM10),77,103,69,53,42,45,,,,34,28,11,10,0.8,0.4
2024-02-07T0100,3706A,122.2584,43.6333,通辽市,老干部活动中心,细颗粒物(PM2.5),90,90,74,67,47,36,,,,41,30,13,14,0.9,0.4
2024-02-07T0100,3708A,122.2922,43.6189,通辽市,东方明珠社区,细颗粒物(PM2.5),110,91,86,83,60,38,,,,44,39,15,16,0.9,0.6
2024-02-07T0100,1922A,109.0656,35.0994,铜川市,党校,细颗粒物(PM2.5),99,83,86,74,80,42,,,,38,30,8,9,1.2,1.3
2024-02-07T0100,1923A,109.0697,35.0697,铜川市,王益区政府,细颗粒物(PM2.5),113,92,92,85,89,24,,,,46,40,5,6,1.1,1.2
2024-02-07T0100,1924A,108.9344,34.9058,铜川市,新区管委会,细颗粒物(PM2.5),127,103,104,96,97,40,,,,27,26,9,12,1.1,1.1
2024-02-07T0100,3651A,108.9543,34.8732,铜川市,旺旺集团,细颗粒物(PM2.5),129,115,117,98,103,45,,,,32,28,13,18,0.7,0.9
2024-02-07T0100,2285A,117.8177,30.9412,铜陵市,市第四中学,细颗粒物(PM2.5),124,117,99,94,82,49,,,,35,20,8,5,1.1,0.9
2024-02-07T0100,2286A,117.8059,30.9273,铜陵市,市公路局,细颗粒物(PM2.5),140,111,94,107,85,37,,,,48,27,3,2,1.0,0.8
2024-02-07T0100,2287A,117.7807,30.9413,铜陵市,市新民污水厂,细颗粒物(PM2.5),125,127,109,95,76,64,,,,26,27,9,6,0.9,0.7
2024-02-07T0100,2288A,117.7439,30.8792,铜陵市,市第九中学,细颗粒物(PM2.5),137,130,116,104,95,60,,,,25,29,7,4,1.1,0.8
2024-02-07T0100,2289A,117.846,30.9413,铜陵市,车站新区,细颗粒物(PM2.5),117,106,103,88,80,68,,,,21,23,2,2,0.8,0.6
2024-02-07T0100,2290A,117.8483,30.97,铜陵市,市职教基地,细颗粒物(PM2.5),102,113,99,76,72,63,,,,16,19,3,3,1.0,0.8
2024-02-07T0100,2585A,109.1839,27.7344,铜仁市,铜仁卫校,细颗粒物(PM2.5),60,55,43,43,34,57,,,,10,7,4,4,0.5,0.5
2024-02-07T0100,2586A,109.1753,27.6944,铜仁市,铜仁七中,细颗粒物(PM2.5),60,44,35,43,32,66,,,,4,3,5,5,0.5,0.4
2024-02-07T0100,2686A,89.1904,42.9418,吐鲁番市,市环保局,颗粒物(PM10),109,168,147,65,57,30,,,,61,50,4,4,1.7,1.4
2024-02-07T0100,2687A,89.1673,42.9559,吐鲁番市,地区环保局,"颗粒物(PM10),细颗粒物(PM2.5)",105,160,156,79,66,27,,,,60,45,7,6,1.8,1.3
2024-02-07T0100,1662A,122.1214,37.4236,威海市,华夏技校,,25,24,15,11,8,80,,,,7,7,4,2,0.2,0.2
2024-02-07T0100,1663A,122.0508,37.5236,威海市,山大分校,,27,22,19,7,7,84,,,,6,6,8,5,0.5,0.5
2024-02-07T0100,1664A,122.1067,37.5072,威海市,市监测站,,25,24,20,15,11,79,,,,3,7,7,4,0.2,0.3
2024-02-07T0100,1982A,122.0693,37.2174,威海市,文登开发区,,25,14,20,9,11,80,,,,4,7,7,6,0.5,0.5
2024-02-07T0100,3505A,122.1379,37.3414,威海市,临港区管委会,,25,22,19,13,10,78,,,,6,6,5,3,0.3,0.3
2024-02-07T0100,1650A,119.1437,36.7023,潍坊市,环保局,细颗粒物(PM2.5),192,166,83,144,68,26,,,,78,50,14,14,1.6,1.1
2024-02-07T0100,2877A,119.1641,36.6523,潍坊市,坊子邮政,细颗粒物(PM2.5),180,141,93,136,80,10,,,,76,38,11,14,1.2,0.9
2024-02-07T0100,3178A,119.0587,36.721,潍坊市,潍坊七中,细颗粒物(PM2.5),196,173,99,147,82,6,,,,86,50,12,16,1.8,1.2
2024-02-07T0100,3368A,119.1977,36.6872,潍坊市,高新实验学校,细颗粒物(PM2.5),129,122,77,98,57,24,,,,56,35,8,11,1.0,0.8
2024-02-07T0100,3416A,119.1755,36.7149,潍坊市,潍坊学院,细颗粒物(PM2.5),149,132,81,114,62,22,,,,71,37,11,13,1.4,1.1
2024-02-07T0100,3861A,119.2041,36.7699,潍坊市,寒亭区实验一小,细颗粒物(PM2.5),163,136,86,124,71,6,,,,70,40,11,16,1.5,1.1
2024-02-07T0100,1938A,109.5293,34.5101,渭南市,农科所,,,,,,,,,,,,,,,,
2024-02-07T0100,1939A,109.4974,34.4877,渭南市,日报社,细颗粒物(PM2.5),148,117,117,113,108,13,,,,46,45,7,8,1.1,1.1
2024-02-07T0100,1940A,109.4636,34.493,渭南市,体育馆,细颗粒物(PM2.5),135,124,121,103,97,28,,,,41,43,5,6,1.1,1.1
2024-02-07T0100,1941A,109.4259,34.5023,渭南市,高新一小,细颗粒物(PM2.5),160,140,119,122,108,5,,,,60,38,7,10,1.2,0.9
2024-02-07T0100,1242A,120.634,28.0089,温州市,瓯海,,12,4,32,4,23,37,,,,12,17,6,6,0.6,0.6
2024-02-07T0100,1243A,120.6748,27.9939,温州市,南浦,,13,6,29,5,27,39,,,,10,12,4,4,0.5,0.5
2024-02-07T0100,1244A,120.76,27.9747,温州市,龙湾,,17,4,25,3,20,52,,,,6,10,5,5,0.4,0.6
2024-02-07T0100,1245A,120.6709,28.0167,温州市,市站,,13,4,30,2,20,40,,,,12,16,6,6,0.5,0.6
2024-02-07T0100,3561A,120.6985,27.9251,温州市,茶山,,14,3,26,2,18,44,,,,10,9,4,4,0.5,0.5
2024-02-07T0100,2610A,104.2533,23.3594,文山壮族苗族自治州,州水务局,细颗粒物(PM2.5),79,61,48,58,38,83,,,,8,7,5,3,0.5,0.4
2024-02-07T0100,2611A,104.2319,23.3892,文山壮族苗族自治州,市便民服务中心,细颗粒物(PM2.5),80,62,45,59,39,72,,,,10,10,6,7,0.6,0.5
2024-02-07T0100,2187A,106.8174,39.6973,乌海市,市林业局,,50,50,49,30,26,66,,,,14,19,10,10,0.8,0.7
2024-02-07T0100,2188A,106.7907,39.6667,乌海市,中海勃湾学校,,36,36,41,19,26,66,,,,15,20,8,10,0.5,0.6
2024-02-07T0100,3284A,106.813,39.7274,乌海市,海北新区,,41,41,46,21,18,50,,,,20,27,16,14,0.7,0.6
2024-02-07T0100,3621A,106.8288,39.6778,乌海市,聚英学校,,34,34,40,23,21,44,,,,30,24,11,13,0.4,0.6
2024-02-07T0100,2197A,113.1306,40.9923,乌兰察布市,集宁新区,,36,29,27,25,21,56,,,,25,27,10,8,0.6,0.6
2024-02-07T0100,3034A,113.1076,41.0385,乌兰察布市,光明街小学,,45,,32,31,27,32,,,,66,38,9,10,1.1,0.6
2024-02-07T0100,3285A,113.1376,40.9509,乌兰察布市,北京八中,细颗粒物(PM2.5),55,,43,39,34,20,,,,44,27,12,19,1.0,0.8
2024-02-07T0100,3421A,113.1775,40.9779,乌兰察布市,市委党校,,23,18,27,10,20,71,,,,14,19,16,17,0.5,0.6
2024-02-07T0100,1490A,87.5801,43.8303,乌鲁木齐市,监测站,细颗粒物(PM2.5),237,286,297,187,203,5,,,,118,80,3,2,2.5,2.3
2024-02-07T0100,1491A,87.6046,43.768,乌鲁木齐市,收费所,细颗粒物(PM2.5),255,260,263,205,214,9,,,,111,80,3,4,2.4,2.2
2024-02-07T0100,1492A,87.4754,43.9469,乌鲁木齐市,新疆农科院农场,细颗粒物(PM2.5),247,,219,197,222,4,,,,126,53,5,6,2.0,2.3
2024-02-07T0100,1493A,87.5525,43.8711,乌鲁木齐市,铁路局,细颗粒物(PM2.5),268,292,294,218,234,1,,,,130,81,3,4,2.3,2.1
2024-02-07T0100,1494A,87.6432,43.831,乌鲁木齐市,三十一中学,细颗粒物(PM2.5),266,288,280,216,218,32,,,,89,60,6,6,2.4,2.1
2024-02-07T0100,1496A,87.7216,44.1747,乌鲁木齐市,米东区环保局,细颗粒物(PM2.5),237,218,267,187,233,8,,,,90,49,6,9,1.7,1.9
2024-02-07T0100,3033A,87.4651,43.4569,乌鲁木齐市,培训基地,,31,31,29,18,17,76,,,,17,16,4,4,0.6,0.6
2024-02-07T0100,3437A,88.3118,43.3658,乌鲁木齐市,达坂城区环保局,,,78,67,36,30,67,,,,20,18,8,7,,0.5
2024-02-07T0100,3438A,87.6162,43.8801,乌鲁木齐市,红光山片区,细颗粒物(PM2.5),264,257,262,214,218,45,,,,81,69,3,6,2.5,2.5
2024-02-07T0100,3439A,87.7024,43.8004,乌鲁木齐市,新师大温泉校区,细颗粒物(PM2.5),193,198,239,145,183,94,,,,35,38,4,3,1.4,1.7
2024-02-07T0100,3440A,87.4921,43.8411,乌鲁木齐市,大绿谷,细颗粒物(PM2.5),250,271,279,200,213,1,,,,123,81,3,4,2.3,2.3
2024-02-07T0100,1188A,120.269,31.4867,无锡市,雪浪,颗粒物(PM10),51,51,65,31,51,55,,,,24,26,5,6,0.5,0.7
2024-02-07T0100,1189A,120.275,31.6219,无锡市,黄巷,,40,40,64,22,51,60,,,,24,25,6,7,0.6,0.8
2024-02-07T0100,1190A,120.294,31.56,无锡市,曹张,颗粒物(PM10),60,70,76,27,52,54,,,,26,28,11,11,0.7,0.9
2024-02-07T0100,1191A,120.242,31.5031,无锡市,漆塘,细颗粒物(PM2.5),52,51,64,36,54,53,,,,25,23,9,10,0.6,1
2024-02-07T0100,1192A,120.3489,31.5863,无锡市,东亭,,36,36,66,19,53,57,,,,15,18,4,4,0.8,1.1
2024-02-07T0100,1193A,120.354,31.5475,无锡市,旺庄,,45,44,68,31,54,54,,,,25,26,2,3,0.5,0.8
2024-02-07T0100,1194A,120.245,31.5631,无锡市,荣巷,细颗粒物(PM2.5),52,39,54,36,54,60,,,,25,27,8,9,0.5,0.8
2024-02-07T0100,1195A,120.299,31.6817,无锡市,堰桥,,25,24,62,17,48,74,,,,11,18,2,3,0.6,0.9
2024-02-07T0100,3428A,120.3142,31.4753,无锡市,华庄,细颗粒物(PM2.5),62,57,71,44,59,49,,,,26,22,8,8,0.6,0.9
2024-02-07T0100,2677A,106.1532,37.9648,吴忠市,教育园区,细颗粒物(PM2.5),132,122,105,100,71,7,,,,64,28,10,9,1.5,0.8
2024-02-07T0100,2679A,106.1856,37.9956,吴忠市,新区二泵站,细颗粒物(PM2.5),102,94,93,76,74,60,,,,22,22,8,9,0.9,0.9
2024-02-07T0100,3648A,106.2112,37.9768,吴忠市,文卫南街,细颗粒物(PM2.5),100,125,97,75,63,13,,,,58,25,11,10,1.2,0.7
2024-02-07T0100,1794A,118.3606,31.3519,芜湖市,监测站,细颗粒物(PM2.5),89,112,90,66,74,57,,,,30,25,8,7,0.9,0.8
2024-02-07T0100,1795A,118.3714,31.4134,芜湖市,科创中心,细颗粒物(PM2.5),77,80,91,56,76,58,,,,30,27,8,7,0.8,0.8
2024-02-07T0100,1796A,118.3673,31.3131,芜湖市,四水厂,细颗粒物(PM2.5),112,109,94,84,81,50,,,,48,33,9,8,1.1,0.9
2024-02-07T0100,3328A,118.4209,31.3707,芜湖市,市气象局,细颗粒物(PM2.5),92,103,87,68,75,48,,,,29,20,9,8,0.9,0.8
2024-02-07T0100,3465A,118.4781,31.3225,芜湖市,清苑社区,细颗粒物(PM2.5),114,106,92,86,74,43,,,,35,22,7,6,1.0,0.8
2024-02-07T0100,3466A,118.2746,31.2326,芜湖市,扬子职业技术学院,细颗粒物(PM2.5),84,106,92,62,75,63,,,,28,26,7,6,0.8,0.8
2024-02-07T0100,2495A,111.3014,23.4832,梧州市,市逸夫小学,,18,18,23,8,9,26,,,,6,8,6,6,1.0,1
2024-02-07T0100,2496A,111.3239,23.4794,梧州市,市十一中,,12,9,12,8,11,30,,,,12,13,6,7,0.9,0.9
2024-02-07T0100,2497A,111.247,23.4189,梧州市,龙圩,,15,,16,10,13,28,,,,5,8,6,5,1.0,1
2024-02-07T0100,2498A,111.2711,23.4835,梧州市,龙新,,10,8,12,5,8,26,,,,4,6,3,2,1.0,1
2024-02-07T0100,2711A,87.5475,44.1756,五家渠市,农水大厦,细颗粒物(PM2.5),229,228,247,179,198,84,,,,34,31,8,11,1.9,2.1
2024-02-07T0100,3441A,87.546,44.1912,五家渠市,经开区管委会,细颗粒物(PM2.5),237,207,231,187,207,97,,,,27,29,10,13,2.0,2.2
2024-02-07T0100,1325A,114.3677,30.5584,武汉市,东湖梨园,细颗粒物(PM2.5),95,,61,71,68,90,,,,14,20,7,6,0.6,0.7
2024-02-07T0100,1326A,114.2529,30.558,武汉市,汉阳月湖,细颗粒物(PM2.5),110,,51,83,71,83,,,,21,24,5,5,0.7,0.8
2024-02-07T0100,1327A,114.282,30.6189,武汉市,汉口花桥,细颗粒物(PM2.5),104,,64,78,65,83,,,,16,18,5,5,0.8,0.8
2024-02-07T0100,1328A,114.3025,30.5332,武汉市,武昌紫阳,细颗粒物(PM2.5),107,,61,80,68,88,,,,20,24,6,6,0.9,1
2024-02-07T0100,1329A,114.3646,30.6217,武汉市,青山钢花,细颗粒物(PM2.5),104,,64,78,70,89,,,,16,17,5,5,0.8,0.8
2024-02-07T0100,1330A,114.1566,30.4825,武汉市,沌口新区,细颗粒物(PM2.5),123,,59,93,80,70,,,,24,26,6,7,0.8,0.8
2024-02-07T0100,1331A,114.3014,30.5944,武汉市,汉口江滩,细颗粒物(PM2.5),113,,60,85,75,90,,,,14,16,7,7,0.7,0.8
2024-02-07T0100,1333A,114.135,30.6319,武汉市,吴家山,细颗粒物(PM2.5),110,,65,83,69,97,,,,21,24,7,7,0.9,0.9
2024-02-07T0100,1334A,113.8454,30.2917,武汉市,沉湖七壕,细颗粒物(PM2.5),73,61,60,53,50,84,,,,23,19,6,6,0.8,0.8
2024-02-07T0100,3153A,114.3877,30.4908,武汉市,民族大道182号,细颗粒物(PM2.5),113,,58,85,75,83,,,,21,24,6,7,0.8,0.9
2024-02-07T0100,2652A,102.6201,37.9251,武威市,监测站,细颗粒物(PM2.5),74,78,112,54,82,65,,,,17,25,4,4,0.8,1.3
2024-02-07T0100,3201A,102.6486,37.9325,武威市,东关招商场,"颗粒物(PM10),细颗粒物(PM2.5)",57,63,113,40,97,73,,,,10,27,3,4,0.6,1.4
2024-02-07T0100,1462A,108.882,34.2749,西安市,高压开关厂,细颗粒物(PM2.5),152,134,107,116,101,6,,,,73,34,9,8,1.2,1.1
2024-02-07T0100,1463A,108.993,34.2629,西安市,兴庆小区,细颗粒物(PM2.5),125,,85,95,93,33,,,,30,33,6,5,1.3,1.1
2024-02-07T0100,1464A,109.06,34.2572,西安市,纺织城,细颗粒物(PM2.5),123,94,94,93,98,13,,,,39,35,3,4,1.4,1.2
2024-02-07T0100,1465A,108.9356,34.2173,西安市,小寨,细颗粒物(PM2.5),113,108,100,85,81,39,,,,32,29,7,7,1.3,1.1
2024-02-07T0100,1466A,108.954,34.2713,西安市,市人民体育场,细颗粒物(PM2.5),128,116,97,97,97,11,,,,63,44,6,6,1.3,1
2024-02-07T0100,1467A,108.8922,34.2322,西安市,高新西区,细颗粒物(PM2.5),129,122,94,98,100,31,,,,46,26,5,5,1.3,1.1
2024-02-07T0100,1468A,108.935,34.3474,西安市,经开区,细颗粒物(PM2.5),147,,95,112,106,5,,,,53,31,4,5,1.3,1.3
2024-02-07T0100,1469A,108.906,34.1546,西安市,长安区,细颗粒物(PM2.5),119,95,96,90,88,30,,,,27,22,6,5,1.2,1.1
2024-02-07T0100,1471A,109.2186,34.3731,西安市,临潼区,细颗粒物(PM2.5),125,98,102,95,95,37,,,,36,34,5,5,1.7,1.6
2024-02-07T0100,1472A,108.869,34.378,西安市,草滩,细颗粒物(PM2.5),108,130,105,81,69,22,,,,42,28,2,3,0.7,0.5
2024-02-07T0100,1473A,108.985,34.1978,西安市,曲江文化产业集团,细颗粒物(PM2.5),119,113,92,90,84,34,,,,26,25,3,3,1.3,1.2
2024-02-07T0100,1474A,109.051,34.3213,西安市,广运潭,细颗粒物(PM2.5),139,,94,106,102,8,,,,43,29,5,6,1.4,1.2
2024-02-07T0100,3524A,108.6116,34.1164,西安市,文体局,细颗粒物(PM2.5),152,,107,116,106,17,,,,45,32,5,6,1.3,1.1
2024-02-07T0100,3605A,109.09,34.5236,西安市,无线电监控中心,细颗粒物(PM2.5),219,180,108,169,112,14,,,,65,32,8,4,1.7,1.1
2024-02-07T0100,1483A,101.524,36.6867,西宁市,第五水厂,,,,,,,,,,,,,,,,
2024-02-07T0100,3055A,101.7775,36.6428,西宁市,城北区政府,细颗粒物(PM2.5),65,,51,47,39,64,,,,26,30,13,16,0.7,0.8
2024-02-07T0100,3629A,101.8305,36.5786,西宁市,世纪职校,细颗粒物(PM2.5),63,50,46,45,42,73,,,,21,27,12,15,0.9,1
2024-02-07T0100,3630A,101.7413,36.6397,西宁市,师大城西校区,细颗粒物(PM2.5),64,59,56,46,45,84,,,,19,35,13,15,0.5,0.8
2024-02-07T0100,2612A,100.7939,22.0019,西双版纳傣族自治州,景洪市江南,细颗粒物(PM2.5),60,,44,43,40,32,,,,17,20,5,5,0.6,0.6
2024-02-07T0100,2613A,100.8017,22.0225,西双版纳傣族自治州,景洪市江北,,35,34,32,24,25,47,,,,12,14,7,7,0.4,0.4
2024-02-07T0100,3606A,108.7108,34.46,西咸新区,北杜,细颗粒物(PM2.5),182,162,115,137,109,14,,,,76,37,4,4,1.3,1
2024-02-07T0100,3607A,108.7096,34.2956,西咸新区,同德佳苑,细颗粒物(PM2.5),147,134,115,112,107,17,,,,54,30,4,4,1.3,1.1
2024-02-07T0100,3608A,108.8558,34.4978,西咸新区,崇文塔,细颗粒物(PM2.5),185,,109,139,110,12,,,,58,36,5,4,1.3,0.9
2024-02-07T0100,2202A,116.1042,43.9317,锡林郭勒盟,市环保监测站,,20,,11,10,6,64,,,,7,4,6,6,0.3,0.3
2024-02-07T0100,2203A,116.0781,43.9311,锡林郭勒盟,市政府,,22,15,13,2,4,68,,,,14,6,9,9,0.2,0.2
2024-02-07T0100,1286A,118.1608,24.8169,厦门市,溪东,,,,,,,,,,,,,,,,
2024-02-07T0100,1287A,118.1514,24.4767,厦门市,洪文,,33,30,23,23,18,53,,,,6,6,1,1,0.4,0.5
2024-02-07T0100,1288A,118.0661,24.4444,厦门市,鼓浪屿,,33,28,20,23,15,54,,,,8,6,4,6,0.6,0.8
2024-02-07T0100,2842A,118.0936,24.5058,厦门市,湖里中学,,32,26,22,22,17,54,,,,13,14,3,3,0.7,0.7
2024-02-07T0100,3527A,118.0958,24.5688,厦门市,集美中学,,30,24,19,21,14,58,,,,9,10,1,1,0.6,0.6
2024-02-07T0100,3528A,118.1493,24.7245,厦门市,同安二实小,,36,30,15,25,14,50,,,,12,10,2,2,0.7,0.7
2024-02-07T0100,2447A,114.3175,29.8142,咸宁市,森林公园,,42,30,31,29,44,54,,,,3,4,5,8,1.2,0.9
2024-02-07T0100,2448A,114.3107,29.8454,咸宁市,市发改委,细颗粒物(PM2.5),74,65,58,54,50,60,,,,17,17,5,4,1.1,1
2024-02-07T0100,2449A,114.2936,29.8566,咸宁市,咸安区政府,细颗粒物(PM2.5),84,70,61,62,56,54,,,,25,22,6,6,1.2,1
2024-02-07T0100,3655A,114.3375,29.8683,咸宁市,长江产业园,细颗粒物(PM2.5),80,61,57,59,55,59,,,,20,14,5,5,1.2,1
2024-02-07T0100,1918A,108.7197,34.3956,咸阳市,气象站,,,,,,,,,,,,,,,,
2024-02-07T0100,1919A,108.673,34.3155,咸阳市,实验中学,细颗粒物(PM2.5),158,143,118,120,113,18,,,,51,33,6,6,1.4,1.2
2024-02-07T0100,1920A,108.7233,34.3617,咸阳市,师范学院,细颗粒物(PM2.5),186,149,120,140,119,16,,,,49,29,7,7,1.5,1.2
2024-02-07T0100,3165A,108.6594,34.2969,咸阳市,两寺渡,细颗粒物(PM2.5),152,150,136,116,113,22,,,,42,27,4,4,1.3,1.1
2024-02-07T0100,3525A,108.6396,34.4078,咸阳市,奥体中心,细颗粒物(PM2.5),188,173,138,141,122,24,,,,41,28,6,6,1.4,1.2
2024-02-07T0100,1508A,112.9433,27.8614,湘潭市,板塘,细颗粒物(PM2.5),84,,34,62,40,73,,,,15,15,2,2,0.8,0.7
2024-02-07T0100,1511A,112.9118,27.8403,湘潭市,市监测站,细颗粒物(PM2.5),80,,40,59,39,81,,,,14,17,2,2,0.7,0.8
2024-02-07T0100,1512A,112.8937,27.8728,湘潭市,江麓,细颗粒物(PM2.5),83,,39,61,39,92,,,,8,8,4,4,0.6,1
2024-02-07T0100,1513A,112.9227,27.8159,湘潭市,岳塘,细颗粒物(PM2.5),69,,30,50,36,86,,,,9,13,4,3,0.4,0.5
2024-02-07T0100,1514A,112.9074,27.9119,湘潭市,科大,细颗粒物(PM2.5),83,61,40,61,41,93,,,,13,13,1,1,0.9,0.9
2024-02-07T0100,1562A,113.0048,27.9153,湘潭市,昭山,细颗粒物(PM2.5),69,58,42,50,37,79,,,,10,11,2,2,1.0,0.9
2024-02-07T0100,1564A,112.4876,27.9164,湘潭市,韶山,"颗粒物(PM10),细颗粒物(PM2.5)",59,68,48,42,29,91,,,,8,10,4,4,0.5,0.6
2024-02-07T0100,2492A,109.6414,28.2558,湘西土家族苗族自治州,跃进水库,,48,36,29,33,28,29,,,,3,2,5,5,0.7,0.7
2024-02-07T0100,2493A,109.7325,28.3169,湘西土家族苗族自治州,州政府,细颗粒物(PM2.5),87,81,58,64,49,38,,,,13,10,6,6,0.8,0.7
2024-02-07T0100,2494A,109.6958,28.2675,湘西土家族苗族自治州,吉首市计生局,细颗粒物(PM2.5),83,71,52,61,46,46,,,,14,11,4,4,1.0,0.8
2024-02-07T0100,2432A,112.155,32.0197,襄阳市,襄城运动路,细颗粒物(PM2.5),109,93,110,82,92,91,,,,24,26,10,11,1.1,1.4
2024-02-07T0100,2433A,112.1392,32.0564,襄阳市,樊城新华路,细颗粒物(PM2.5),103,85,100,77,94,76,,,,26,24,8,12,1.0,1.2
2024-02-07T0100,2434A,112.1825,32.1142,襄阳市,高新管委会,细颗粒物(PM2.5),112,99,130,84,110,47,,,,25,21,8,10,1.2,1.3
2024-02-07T0100,2435A,112.2106,32.0903,襄阳市,襄州航空路,细颗粒物(PM2.5),113,94,120,85,106,74,,,,24,26,9,9,1.0,1.2
2024-02-07T0100,3396A,112.0828,32.0067,襄阳市,襄城隆中路,细颗粒物(PM2.5),97,91,103,72,84,67,,,,13,16,9,14,0.8,0.9
2024-02-07T0100,3397A,112.1214,32.1008,襄阳市,高新台子湾,细颗粒物(PM2.5),105,,118,79,96,67,,,,15,16,13,15,1.2,1.3
2024-02-07T0100,2443A,113.9153,30.9285,孝感市,文化路,细颗粒物(PM2.5),135,104,98,103,98,93,,,,16,16,10,9,1.0,1
2024-02-07T0100,2444A,113.942,30.9075,孝感市,东城区,细颗粒物(PM2.5),132,106,102,100,90,98,,,,12,15,9,9,1.0,1
2024-02-07T0100,2181A,112.7383,38.4519,忻州市,开发区,细颗粒物(PM2.5),77,59,94,56,81,80,,,,16,24,11,8,0.7,1.3
2024-02-07T0100,2182A,112.7003,38.4928,忻州市,会展中心,细颗粒物(PM2.5),67,55,94,48,84,76,,,,14,26,12,8,0.7,1.1
2024-02-07T0100,3208A,112.7283,38.4153,忻州市,市政府,细颗粒物(PM2.5),82,63,100,60,79,69,,,,20,29,12,18,0.7,1
2024-02-07T0100,2389A,113.836,35.311,新乡市,环保西院,细颗粒物(PM2.5),203,177,158,153,144,43,,,,36,32,4,5,1.5,1.4
2024-02-07T0100,2390A,113.884,35.272,新乡市,开发区,细颗粒物(PM2.5),185,143,134,139,145,65,,,,32,24,7,8,1.3,1.3
2024-02-07T0100,2391A,113.883,35.303,新乡市,环保东院,细颗粒物(PM2.5),183,149,140,138,131,54,,,,47,34,5,6,1.4,1.3
2024-02-07T0100,3054A,113.9194,35.2847,新乡市,市委党校,细颗粒物(PM2.5),169,,146,128,143,64,,,,26,26,3,4,1.0,1.1
2024-02-07T0100,3475A,113.9188,35.3045,新乡市,市政府,细颗粒物(PM2.5),172,150,147,130,135,43,,,,51,36,5,6,1.2,1.2
2024-02-07T0100,3476A,113.9135,35.3327,新乡市,河师大,细颗粒物(PM2.5),210,202,188,160,148,51,,,,47,36,9,8,1.5,1.4
2024-02-07T0100,3689A,113.9003,35.372,新乡市,行政服务中心,细颗粒物(PM2.5),216,234,169,166,155,36,,,,43,34,6,6,1.5,1.3
2024-02-07T0100,2352A,115.0861,27.9317,新余市,北岗,,20,18,16,14,15,58,,,,2,4,2,2,0.3,0.5
2024-02-07T0100,2353A,114.9886,27.8431,新余市,飞宇,,20,20,25,14,14,54,,,,15,16,9,8,0.4,0.6
2024-02-07T0100,2354A,114.9231,27.8246,新余市,第二水厂,,23,23,26,10,13,56,,,,10,15,8,8,0.6,0.9
2024-02-07T0100,2355A,114.9308,27.8036,新余市,市气象局,,19,14,22,13,14,48,,,,13,17,9,9,0.5,0.7
2024-02-07T0100,3206A,114.9149,27.807,新余市,新钢沁园村,,23,23,28,15,21,57,,,,12,18,8,8,0.5,0.7
2024-02-07T0100,2054A,114.1099,32.1059,信阳市,平桥分局,细颗粒物(PM2.5),170,139,140,129,124,114,,,,26,24,4,4,0.8,0.8
2024-02-07T0100,2064A,113.9956,32.1271,信阳市,南湾水厂,细颗粒物(PM2.5),166,131,129,126,116,107,,,,19,18,1,1,1.2,1
2024-02-07T0100,2065A,114.0775,32.1195,信阳市,市酿酒公司,细颗粒物(PM2.5),183,,121,138,121,106,,,,28,24,4,3,1.0,0.9
2024-02-07T0100,2066A,114.0609,32.1399,信阳市,审计局,细颗粒物(PM2.5),176,,124,133,120,116,,,,23,20,4,3,1.1,1.1
2024-02-07T0100,2200A,122.0392,46.0656,兴安盟,胜华新制药厂,,50,,67,35,54,63,,,,9,25,4,6,0.4,1
2024-02-07T0100,2201A,121.9504,46.0741,兴安盟,科右前旗环保局,,33,28,76,23,51,75,,,,7,26,3,6,0.3,0.9
2024-02-07T0100,3035A,122.0931,46.0707,兴安盟,北滨河,细颗粒物(PM2.5),95,97,92,71,63,9,,,,42,45,4,8,1.9,1.5
2024-02-07T0100,1077A,114.4704,37.0886,邢台市,达活泉,细颗粒物(PM2.5),199,191,171,149,139,21,,,,56,45,3,7,1.5,1.7
2024-02-07T0100,1078A,114.5062,37.0349,邢台市,邢师高专,细颗粒物(PM2.5),213,182,163,163,147,7,,,,75,45,5,6,1.6,1.3
2024-02-07T0100,1079A,114.5237,37.0851,邢台市,路桥公司,细颗粒物(PM2.5),211,186,157,161,136,26,,,,62,45,5,6,1.7,1.4
2024-02-07T0100,1080A,114.4725,37.0719,邢台市,市环保局,细颗粒物(PM2.5),193,197,175,145,136,16,,,,65,39,5,8,1.3,1.4
2024-02-07T0100,3584A,115.8844,39.0341,雄安新区,容城县环境保护局,细颗粒物(PM2.5),170,159,134,129,110,21,,,,74,34,6,6,1.2,1
2024-02-07T0100,3585A,115.8665,39.0645,雄安新区,河北容城中学,细颗粒物(PM2.5),182,148,120,137,122,18,,,,76,47,5,5,1.2,1.1
2024-02-07T0100,3586A,115.923,38.9405,雄安新区,安新县民政局,细颗粒物(PM2.5),169,151,135,128,111,35,,,,36,22,6,6,1.1,1
2024-02-07T0100,3587A,115.9324,38.9338,雄安新区,安新县电力局,细颗粒物(PM2.5),179,147,129,135,121,11,,,,56,36,6,6,1.3,1.2
2024-02-07T0100,3588A,116.0901,38.9816,雄安新区,雄县环境保护局,细颗粒物(PM2.5),150,149,142,115,111,28,,,,52,31,6,7,1.7,1.3
2024-02-07T0100,3589A,116.1105,39.0046,雄安新区,雄县国土资源局,细颗粒物(PM2.5),130,121,115,99,105,40,,,,38,28,3,3,0.7,0.8
2024-02-07T0100,1177A,117.179,34.2761,徐州市,黄河新村,细颗粒物(PM2.5),155,151,121,118,99,23,,,,75,48,9,9,1.6,1.3
2024-02-07T0100,1178A,117.1918,34.2384,徐州市,淮塔,细颗粒物(PM2.5),117,130,110,88,81,40,,,,45,35,8,9,1.7,1.3
2024-02-07T0100,1180A,117.256,34.2153,徐州市,新城区,细颗粒物(PM2.5),144,142,99,110,83,14,,,,76,33,9,11,1.7,1
2024-02-07T0100,1181A,117.244,34.2911,徐州市,桃园路,细颗粒物(PM2.5),159,158,123,121,93,14,,,,85,45,9,9,1.9,1.3
2024-02-07T0100,1182A,117.2933,34.2778,徐州市,农科院,细颗粒物(PM2.5),162,141,107,123,92,13,,,,75,37,8,9,1.6,1
2024-02-07T0100,3005A,117.1814,34.29,徐州市,鼓楼区政府,细颗粒物(PM2.5),135,110,93,103,87,45,,,,54,38,10,8,1.4,1.1
2024-02-07T0100,3006A,117.1694,34.1781,徐州市,铜山区招生办,细颗粒物(PM2.5),132,134,110,100,76,20,,,,60,36,9,10,1.6,1.2
2024-02-07T0100,3288A,117.4754,34.4422,徐州市,大泉街道,细颗粒物(PM2.5),145,151,118,111,83,35,,,,32,21,9,12,1.4,1.2
2024-02-07T0100,2396A,113.8276,34.0159,许昌市,监测站,细颗粒物(PM2.5),165,127,111,125,119,79,,,,48,29,5,6,1.1,1
2024-02-07T0100,2398A,113.7906,33.9953,许昌市,开发区,细颗粒物(PM2.5),178,,117,134,132,92,,,,27,28,4,5,1.1,1.2
2024-02-07T0100,3134A,113.8172,34.0339,许昌市,市一中,细颗粒物(PM2.5),225,,134,175,144,70,,,,36,31,7,7,1.2,1.2
2024-02-07T0100,3337A,113.8614,34.0442,许昌市,许昌学院,细颗粒物(PM2.5),188,146,126,141,118,86,,,,28,35,6,7,1.0,0.9
2024-02-07T0100,3338A,113.843,34.0823,许昌市,芙蓉广场,细颗粒物(PM2.5),224,178,130,174,137,64,,,,44,34,7,7,1.3,1.2
2024-02-07T0100,3597A,113.8134,34.1251,许昌市,建安区兴业大厦,细颗粒物(PM2.5),163,146,152,124,123,129,,,,20,26,7,9,0.9,1.1
2024-02-07T0100,2316A,118.7581,30.9454,宣城市,鳌峰子站,细颗粒物(PM2.5),104,100,78,78,69,59,,,,14,15,2,2,0.8,0.6
2024-02-07T0100,2317A,118.7385,30.9743,宣城市,敬亭山子站,细颗粒物(PM2.5),95,94,82,71,71,56,,,,19,18,2,2,0.8,0.7
2024-02-07T0100,2318A,118.7173,30.9427,宣城市,开发区子站,细颗粒物(PM2.5),98,81,79,73,72,60,,,,22,19,4,5,0.8,0.7
2024-02-07T0100,3470A,118.7724,30.9141,宣城市,夏渡子站,细颗粒物(PM2.5),112,101,85,84,78,53,,,,20,18,3,2,0.8,0.6
2024-02-07T0100,2554A,103.0475,30.02,雅安市,建安厂,细颗粒物(PM2.5),52,42,40,36,36,23,,,,17,23,6,6,0.7,0.8
2024-02-07T0100,2555A,103.0111,29.9833,雅安市,市政府,,49,42,45,34,35,20,,,,10,17,7,6,0.6,0.7
2024-02-07T0100,2556A,102.9905,29.9775,雅安市,川农大,,40,32,35,28,30,28,,,,7,14,6,7,0.7,0.7
2024-02-07T0100,3700A,103.0456,29.9956,雅安市,康养中心,,,,,,,,,,,,,,,,
2024-02-07T0100,1642A,121.2514,37.5639,烟台市,开发区,,31,31,24,17,12,85,,,,5,5,10,7,0.5,0.6
2024-02-07T0100,1643A,121.3719,37.5433,烟台市,轴承厂,,39,29,27,27,19,76,,,,16,13,13,9,0.6,0.5
2024-02-07T0100,1644A,121.3181,37.5436,烟台市,西郊化工站,,30,29,27,21,14,81,,,,9,10,9,6,0.6,0.6
2024-02-07T0100,1645A,121.4478,37.4822,烟台市,莱山环保局,,34,34,22,22,12,78,,,,7,6,11,9,0.3,0.4
2024-02-07T0100,1646A,121.2611,37.4967,烟台市,福山环保局,,32,29,33,22,19,68,,,,21,18,8,7,1.0,1
2024-02-07T0100,3057A,121.5992,37.4014,烟台市,牟平检察院,,29,29,24,17,8,80,,,,7,7,9,8,0.6,0.6
2024-02-07T0100,3366A,121.5206,37.4336,烟台市,中国农业大学,,32,27,21,22,11,82,,,,11,9,9,6,0.6,0.5
2024-02-07T0100,1926A,109.4131,36.6275,延安市,枣园,细颗粒物(PM2.5),68,70,66,49,56,22,,,,35,27,2,2,0.7,0.8
2024-02-07T0100,1927A,109.4761,36.6028,延安市,延大医附院,细颗粒物(PM2.5),69,80,80,50,56,12,,,,56,38,4,4,1.1,1.1
2024-02-07T0100,1929A,109.5056,36.6106,延安市,百米大道,细颗粒物(PM2.5),73,75,80,53,60,22,,,,50,41,4,5,1.0,1.2
2024-02-07T0100,3652A,109.4809,36.5786,延安市,西北局旧址,细颗粒物(PM2.5),78,92,89,57,58,15,,,,64,45,6,8,1.2,1.1
2024-02-07T0100,2237A,129.47,42.8883,延边朝鲜族自治州,妇幼医院,,36,29,35,25,24,72,,,,17,22,20,18,0.6,0.5
2024-02-07T0100,2238A,129.5055,42.9108,延边朝鲜族自治州,延边医院,,28,28,40,18,27,46,,,,18,32,7,19,0.6,0.7
2024-02-07T0100,2239A,129.3964,42.8881,延边朝鲜族自治州,朝阳川镇医院,,32,30,23,22,14,77,,,,7,9,8,8,0.5,0.5
2024-02-07T0100,1215A,120.118,33.4022,盐城市,盐城电厂,细颗粒物(PM2.5),58,61,64,41,45,67,,,,16,16,5,6,0.7,0.7
2024-02-07T0100,1216A,120.156,33.3942,盐城市,市监测站,细颗粒物(PM2.5),55,54,65,39,43,81,,,,22,23,4,4,0.6,0.6
2024-02-07T0100,1218A,120.2144,33.38,盐城市,开发区管委会,颗粒物(PM10),53,56,57,36,40,72,,,,18,23,4,5,0.7,0.6
2024-02-07T0100,3004A,120.1544,33.3663,盐城市,宝龙广场,细颗粒物(PM2.5),67,53,62,48,49,70,,,,20,20,6,6,0.7,0.7
2024-02-07T0100,3293A,120.1501,33.3367,盐城市,月亮广场,颗粒物(PM10),56,61,62,39,46,60,,,,22,19,4,4,0.7,0.7
2024-02-07T0100,3436A,120.4279,33.205,盐城市,大丰高级中学,细颗粒物(PM2.5),55,56,52,39,40,54,,,,25,16,5,5,0.6,0.5
2024-02-07T0100,1186A,119.389,32.3761,扬州市,邗江监测站,颗粒物(PM10),56,61,64,39,49,67,,,,20,19,7,7,0.8,0.8
2024-02-07T0100,2869A,119.447,32.4155,扬州市,五台山医院,细颗粒物(PM2.5),62,54,60,44,53,60,,,,22,20,5,5,0.9,0.9
2024-02-07T0100,3164A,119.4686,32.3942,扬州市,广陵建设局,细颗粒物(PM2.5),59,64,70,42,50,62,,,,22,21,3,3,0.8,0.8
2024-02-07T0100,3195A,119.3633,32.3972,扬州市,市体育局,细颗粒物(PM2.5),57,58,64,40,48,68,,,,16,18,5,5,0.7,0.7
2024-02-07T0100,3294A,119.5653,32.4222,扬州市,引江管理处,细颗粒物(PM2.5),62,70,72,44,54,59,,,,28,22,6,8,0.8,0.7
2024-02-07T0100,1699A,111.9797,21.8593,阳江市,鸳鸯湖,细颗粒物(PM2.5),73,59,42,53,40,28,,,,15,18,8,8,0.8,0.8
2024-02-07T0100,1701A,111.9491,21.8658,阳江市,马南垌,细颗粒物(PM2.5),70,65,60,51,40,32,,,,23,27,5,5,0.7,0.7
2024-02-07T0100,3317A,111.9765,21.8947,阳江市,两阳中学,"颗粒物(PM10),细颗粒物(PM2.5)",59,68,54,42,31,28,,,,25,26,7,7,0.7,0.7
2024-02-07T0100,3453A,112.0125,21.8749,阳江市,阳东陶然,颗粒物(PM10),54,58,45,32,29,25,,,,18,20,6,6,0.6,0.6
2024-02-07T0100,1738A,113.5758,37.8572,阳泉市,市中心,颗粒物(PM10),91,131,133,61,92,4,,,,72,46,13,18,1.0,1.3
2024-02-07T0100,1739A,113.4894,37.8731,阳泉市,赛鱼,颗粒物(PM10),86,121,140,58,103,4,,,,71,53,9,14,0.9,1.1
2024-02-07T0100,1740A,113.5819,37.8486,阳泉市,南庄,细颗粒物(PM2.5),110,137,145,83,86,10,,,,79,48,11,19,1.1,1.5
2024-02-07T0100,1742A,113.5614,37.8703,阳泉市,平坦,细颗粒物(PM2.5),95,123,134,71,99,4,,,,82,52,19,16,1.2,1.3
2024-02-07T0100,1743A,113.5158,37.8392,阳泉市,大阳泉,细颗粒物(PM2.5),122,95,97,92,97,100,,,,23,33,11,12,1.0,1.1
2024-02-07T0100,3619A,113.617,37.8571,阳泉市,龙柱,细颗粒物(PM2.5),124,121,120,94,96,5,,,,66,44,22,24,1.5,1.6
2024-02-07T0100,2252A,128.5159,47.4311,伊春市,环保局,,42,,28,29,23,53,,,,16,24,6,6,0.5,0.7
2024-02-07T0100,2253A,128.9102,47.7412,伊春市,电力嘉园,,26,26,32,12,17,45,,,,11,24,6,6,0.6,0.8
2024-02-07T0100,2254A,129.5029,48.471,伊春市,汤旺河国家公园,,19,,6,5,6,60,,,,6,7,5,6,0.6,0.6
2024-02-07T0100,3342A,128.4741,47.4346,伊春市,中心小学,细颗粒物(PM2.5),74,,62,54,56,17,,,,20,23,5,7,0.7,0.8
2024-02-07T0100,3343A,128.6871,47.7369,伊春市,检察院,,29,,23,20,17,66,,,,6,12,8,9,0.3,0.4
2024-02-07T0100,3344A,128.8431,47.8474,伊春市,双子河社区,,36,36,31,12,28,47,,,,9,13,7,8,0.7,0.7
2024-02-07T0100,3480A,129.1368,47.6417,伊春市,美溪镇,,45,,39,31,31,49,,,,12,13,5,6,0.6,0.5
2024-02-07T0100,2703A,81.2815,43.9404,伊犁哈萨克自治州,市环保局,细颗粒物(PM2.5),94,89,94,70,69,17,,,,79,59,13,12,2.5,2.6
2024-02-07T0100,2704A,81.2996,43.9174,伊犁哈萨克自治州,新政府片区,细颗粒物(PM2.5),145,131,85,111,65,11,,,,114,71,15,9,5.7,2.8
2024-02-07T0100,2705A,81.3364,43.941,伊犁哈萨克自治州,第二水厂,细颗粒物(PM2.5),169,158,86,128,68,9,,,,85,56,12,9,5.0,2.8
2024-02-07T0100,1882A,104.563,28.793,宜宾市,石马中学,,,,,,,,,,,,,,,,
2024-02-07T0100,1883A,104.6201,28.7728,宜宾市,市委,细颗粒物(PM2.5),69,56,55,50,49,36,,,,23,24,6,7,0.9,0.8
2024-02-07T0100,1884A,104.6055,28.793,宜宾市,宜宾四中,细颗粒物(PM2.5),62,54,54,44,43,33,,,,23,20,7,8,0.9,0.8
2024-02-07T0100,1885A,104.639,28.7562,宜宾市,市政府,细颗粒物(PM2.5),63,45,47,45,44,45,,,,20,22,7,8,0.9,0.8
2024-02-07T0100,1886A,104.5742,28.7199,宜宾市,黄金嘴,细颗粒物(PM2.5),53,44,47,37,39,46,,,,14,17,7,7,0.8,0.8
2024-02-07T0100,3728A,104.68,28.8071,宜宾市,白酒学院,细颗粒物(PM2.5),64,54,50,46,42,47,,,,13,12,7,8,1.0,0.8
2024-02-07T0100,1840A,111.2992,30.6981,宜昌市,白龙岗,细颗粒物(PM2.5),94,70,77,70,70,36,,,,12,19,5,6,0.8,0.8
2024-02-07T0100,1841A,111.3549,30.6465,宜昌市,伍家岗,细颗粒物(PM2.5),89,,66,66,67,12,,,,48,25,2,3,1.2,1
2024-02-07T0100,1842A,111.2628,30.6961,宜昌市,点军区,细颗粒物(PM2.5),83,,66,61,70,29,,,,19,22,4,4,1.0,0.9
2024-02-07T0100,1843A,111.3275,30.7819,宜昌市,夷陵区,细颗粒物(PM2.5),94,84,91,70,78,32,,,,24,29,4,4,1.0,1
2024-02-07T0100,3546A,111.4606,30.552,宜昌市,猇亭区张家湾站,细颗粒物(PM2.5),70,54,65,51,55,51,,,,30,28,7,7,1.0,1
2024-02-07T0100,3653A,111.3119,30.7273,宜昌市,云深路,细颗粒物(PM2.5),89,73,82,66,76,32,,,,26,32,7,6,0.9,0.8
2024-02-07T0100,2371A,114.3408,27.8064,宜春市,槟榔水业,,,,,,,,,,,,,,,,
2024-02-07T0100,2373A,114.3956,27.7844,宜春市,市石油公司,,29,24,22,20,18,36,,,,15,14,4,4,1.4,1.4
2024-02-07T0100,2374A,114.3703,27.7914,宜春市,市气象局,,33,28,24,23,19,33,,,,16,15,6,5,1.3,1.3
2024-02-07T0100,2375A,114.4013,27.8074,宜春市,市广电局,,38,,27,26,19,33,,,,20,21,8,6,1.5,1.4
2024-02-07T0100,3151A,114.375,27.8097,宜春市,宜春学院北校区,,27,27,26,17,18,38,,,,16,16,7,6,1.1,1.1
2024-02-07T0100,3415A,114.4519,28.0828,宜春市,万载县环保局,,25,,21,17,16,32,,,,12,12,12,11,1.1,1.1
2024-02-07T0100,2467A,112.4067,28.6428,益阳市,甘溪港,细颗粒物(PM2.5),89,87,76,66,70,84,,,,1,3,2,2,1.0,1
2024-02-07T0100,2468A,112.3458,28.5808,益阳市,市环保局,细颗粒物(PM2.5),104,89,78,78,83,88,,,,8,9,4,4,0.7,0.7
2024-02-07T0100,2469A,112.3437,28.5531,益阳市,市特殊教育学校,细颗粒物(PM2.5),112,94,101,84,88,88,,,,7,9,2,2,0.7,0.8
2024-02-07T0100,2470A,112.3347,28.6047,益阳市,资阳区政务中心,细颗粒物(PM2.5),110,94,91,83,86,84,,,,17,14,1,2,0.6,0.8
2024-02-07T0100,2471A,112.3744,28.5819,益阳市,赫山环保分局,细颗粒物(PM2.5),94,99,96,70,76,88,,,,11,14,2,2,0.8,0.8
2024-02-07T0100,1484A,105.9512,38.6016,银川市,贺兰山马莲口,颗粒物(PM10),62,73,74,38,29,75,,,,16,22,7,9,0.5,0.6
2024-02-07T0100,1488A,106.2328,38.4975,银川市,贺兰山东路,细颗粒物(PM2.5),120,145,94,91,57,31,,,,50,30,6,10,1.2,0.9
2024-02-07T0100,1489A,106.1358,38.5036,银川市,学院路,细颗粒物(PM2.5),94,115,85,70,47,27,,,,46,33,10,11,1.0,1
2024-02-07T0100,2924A,106.2266,38.4418,银川市,水乡路,颗粒物(PM10),77,103,92,48,45,50,,,,43,27,11,13,0.8,0.7
2024-02-07T0100,2925A,106.2757,38.4842,银川市,上海东路,细颗粒物(PM2.5),120,111,78,91,56,47,,,,38,23,9,10,0.8,0.6
2024-02-07T0100,2926A,106.1015,38.497,银川市,文昌北街,细颗粒物(PM2.5),90,111,86,67,55,45,,,,29,24,3,7,0.8,0.7
2024-02-07T0100,3523A,106.5105,38.3856,银川市,滨河新区,颗粒物(PM10),53,56,67,21,38,16,,,,41,27,6,14,0.4,0.6
2024-02-07T0100,2357A,116.9822,28.1136,鹰潭市,龙虎山,,,,,,,,,,,,,,,,
2024-02-07T0100,2358A,117.0564,28.2642,鹰潭市,新监测站,,25,25,12,15,10,32,,,,9,8,4,7,0.6,0.8
2024-02-07T0100,2359A,117.0311,28.2475,鹰潭市,财苑宾馆,,33,28,14,23,12,34,,,,10,9,11,12,0.6,0.6
2024-02-07T0100,2360A,117.0222,28.2264,鹰潭市,体育馆,,40,,12,28,13,37,,,,8,7,8,7,0.7,0.7
2024-02-07T0100,2361A,117.0017,28.2131,鹰潭市,三川水表,,46,,12,32,16,37,,,,7,7,4,5,0.5,0.7
2024-02-07T0100,1597A,122.2703,40.7094,营口市,大庆路,细颗粒物(PM2.5),75,82,76,55,56,59,,,,21,24,11,13,1.6,1.1
2024-02-07T0100,1598A,122.2150,40.6511,营口市,镜湖西路,细颗粒物(PM2.5),82,69,54,60,42,60,,,,25,19,11,12,1.1,0.8
2024-02-07T0100,1599A,122.1658,40.6789,营口市,西炮台,细颗粒物(PM2.5),77,65,55,56,46,59,,,,21,18,11,11,0.8,0.6
2024-02-07T0100,3379A,122.1139,40.2278,营口市,鲅鱼圈市民活动中心,细颗粒物(PM2.5),85,,68,63,49,42,,,,49,27,44,20,2.0,1.1
2024-02-07T0100,3866A,122.2469,40.66302,营口市,三高中,细颗粒物(PM2.5),105,,55,79,51,56,,,,23,23,9,12,1.0,0.7
2024-02-07T0100,4006A,122.3622,40.6762,营口市,老边实验小学,细颗粒物(PM2.5),98,88,64,73,48,42,,,,43,24,16,11,1.4,0.9
2024-02-07T0100,2477A,111.6217,26.2081,永州市,零陵南津渡,,36,32,34,25,18,70,,,,6,8,6,6,0.8,0.8
2024-02-07T0100,2478A,111.6156,26.4214,永州市,市环境监测站,,36,26,20,25,19,69,,,,10,12,6,5,0.8,0.8
2024-02-07T0100,2479A,111.6236,26.2331,永州市,零陵区环保局,,36,,17,25,17,69,,,,10,12,8,7,0.8,0.8
2024-02-07T0100,2480A,111.5992,26.4364,永州市,永州市环保局,,40,29,20,28,20,67,,,,10,11,6,6,0.8,0.9
2024-02-07T0100,2481A,111.5989,26.4519,永州市,冷水滩区环保局,,38,29,21,26,20,55,,,,11,13,6,6,0.8,0.8
2024-02-07T0100,2638A,109.7414,38.3344,榆林市,红石峡森林公园,,37,37,37,24,30,4,,,,67,33,5,6,0.9,0.8
2024-02-07T0100,2639A,109.7456,38.2911,榆林市,世纪广场,颗粒物(PM10),51,52,48,29,29,12,,,,72,43,7,8,0.7,0.7
2024-02-07T0100,2640A,109.7289,38.2839,榆林市,实验中学,"颗粒物(PM10),细颗粒物(PM2.5)",52,53,47,36,31,24,,,,55,32,9,9,0.7,0.7
2024-02-07T0100,2641A,109.7336,38.2478,榆林市,环保监测大楼,"颗粒物(PM10),细颗粒物(PM2.5)",52,53,45,36,30,9,,,,82,38,6,6,0.9,0.7
2024-02-07T0100,2509A,110.1106,22.7019,玉林市,寒山水库,,13,13,12,7,7,5,,,,7,8,1,1,1.0,0.9
2024-02-07T0100,2510A,110.1675,22.6411,玉林市,市监测站,,14,14,18,6,9,14,,,,8,10,3,2,0.7,0.7
2024-02-07T0100,2511A,110.1433,22.6164,玉林市,南江一中,,28,28,25,11,9,13,,,,12,14,1,2,0.6,0.6
2024-02-07T0100,3532A,110.1945,22.6831,玉林市,玉林师范学院东校区,,9,8,12,4,10,18,,,,8,11,1,1,0.9,0.8
2024-02-07T0100,3533A,110.0527,22.5893,玉林市,福绵环保局,,,10,10,,11,17,,,,11,12,1,1,0.8,0.8
2024-02-07T0100,2675A,97,33.0014,玉树藏族自治州,玉树县结古镇,,33,9,18,4,7,104,,,,3,8,7,9,0.4,0.5
2024-02-07T0100,1715A,102.575,24.3711,玉溪市,东风水库,,43,,34,30,25,64,,,,13,9,8,8,0.5,0.5
2024-02-07T0100,2882A,102.5389,24.3703,玉溪市,玉溪一中,细颗粒物(PM2.5),78,65,38,57,27,34,,,,33,17,9,10,0.7,0.8
2024-02-07T0100,2883A,102.5381,24.3389,玉溪市,文体中心,,23,18,33,16,23,71,,,,12,18,10,10,0.6,0.8
2024-02-07T0100,1847A,113.1094,29.3578,岳阳市,南湖风景区,细颗粒物(PM2.5),103,,58,77,63,88,,,,15,16,2,2,1.0,0.9
2024-02-07T0100,1848A,113.1493,29.4251,岳阳市,城陵矶,细颗粒物(PM2.5),93,89,66,69,56,91,,,,17,21,6,5,0.9,0.8
2024-02-07T0100,1849A,113.1497,29.3575,岳阳市,开发区,细颗粒物(PM2.5),113,100,77,85,69,95,,,,19,23,4,4,0.8,0.7
2024-02-07T0100,1850A,113.2621,29.4758,岳阳市,云溪区,细颗粒物(PM2.5),83,84,68,61,51,92,,,,18,21,6,7,0.8,0.8
2024-02-07T0100,1851A,112.9943,29.4402,岳阳市,君山区,细颗粒物(PM2.5),90,75,74,67,63,95,,,,17,16,4,4,0.8,0.7
2024-02-07T0100,1852A,113.2117,29.355,岳阳市,金凤水库,细颗粒物(PM2.5),85,72,56,63,48,101,,,,7,8,4,4,0.8,0.7
2024-02-07T0100,1712A,112.0392,22.9169,云浮市,新市府,,10,9,12,6,8,3,,,,17,17,5,4,1.0,1
2024-02-07T0100,1714A,112.0539,22.9539,云浮市,牧羊,,27,27,18,9,9,5,,,,16,16,7,7,0.8,0.8
2024-02-07T0100,3628A,112.0336,22.9374,云浮市,文笔,,15,,12,10,6,6,,,,10,13,7,6,0.8,0.8
2024-02-07T0100,2175A,110.9956,35.0147,运城市,运城中学,细颗粒物(PM2.5),142,117,113,108,102,51,,,,21,16,7,7,1.4,1.3
2024-02-07T0100,2178A,110.9686,35.0303,运城市,地区技校,细颗粒物(PM2.5),158,159,130,120,98,36,,,,33,27,7,7,1.5,1.2
2024-02-07T0100,2179A,111.0414,35.1147,运城市,空港新区,细颗粒物(PM2.5),186,152,138,140,125,34,,,,45,28,8,7,1.6,1.3
2024-02-07T0100,3667A,111.0283,35.0547,运城市,水利职院,细颗粒物(PM2.5),190,181,141,143,110,50,,,,34,28,11,7,1.5,1.3
2024-02-07T0100,3670A,111.0522,35.0439,运城市,禹都公园,细颗粒物(PM2.5),168,150,126,127,112,62,,,,27,24,10,8,1.2,1.1
2024-02-07T0100,1637A,117.558,34.8438,枣庄市,市中区政府,细颗粒物(PM2.5),156,144,130,119,100,53,,,,48,44,15,12,1.4,1.3
2024-02-07T0100,1638A,117.2852,34.7837,枣庄市,薛城环保局,细颗粒物(PM2.5),148,139,125,113,99,48,,,,55,46,18,14,1.4,1.3
2024-02-07T0100,1639A,117.5852,34.7745,枣庄市,峄城区政府,细颗粒物(PM2.5),180,178,132,136,100,34,,,,68,43,21,19,1.3,0.9
2024-02-07T0100,1640A,117.7276,34.5578,枣庄市,台儿庄区环保局,细颗粒物(PM2.5),147,129,116,112,95,71,,,,43,49,12,15,1.3,1.2
2024-02-07T0100,1641A,117.4518,35.0992,枣庄市,山亭区环保局,细颗粒物(PM2.5),132,112,104,100,89,60,,,,35,36,11,13,1.3,1.2
2024-02-07T0100,3364A,117.3152,34.8103,枣庄市,市环保局,细颗粒物(PM2.5),163,159,103,124,78,62,,,,48,38,30,13,1.4,1.1
2024-02-07T0100,1680A,110.3539,21.2706,湛江市,湛江影剧院,颗粒物(PM10),59,67,39,35,25,3,,,,16,16,7,4,1.0,0.8
2024-02-07T0100,1681A,110.3928,21.2228,湛江市,市环境监测站,,37,37,31,21,16,18,,,,21,18,6,6,0.9,0.7
2024-02-07T0100,1682A,110.4019,21.1997,湛江市,环保局宿舍,,35,35,36,21,24,42,,,,14,16,6,6,0.8,0.7
2024-02-07T0100,1683A,110.4111,21.2028,湛江市,霞山游泳场,,45,45,34,22,20,22,,,,18,16,5,4,0.9,0.7
2024-02-07T0100,1684A,110.3316,21.2679,湛江市,麻章区环保局,,38,38,38,26,25,0,,,,13,14,12,6,1.0,0.7
2024-02-07T0100,1685A,110.4558,21.2567,湛江市,坡头区环保局,,40,40,33,22,26,22,,,,16,13,4,4,0.8,0.7
2024-02-07T0100,1858A,110.5319,29.1217,张家界市,永定新区,细颗粒物(PM2.5),83,71,66,61,62,57,,,,11,13,3,2,0.7,0.7
2024-02-07T0100,1859A,110.4697,29.1242,张家界市,电业局,细颗粒物(PM2.5),89,66,59,66,56,60,,,,12,10,3,3,0.7,0.6
2024-02-07T0100,1860A,110.5594,29.3547,张家界市,未央路,细颗粒物(PM2.5),89,75,62,66,58,48,,,,8,8,2,2,0.8,0.7
2024-02-07T0100,1861A,110.4417,29.315,张家界市,袁家界,,46,38,39,32,37,80,,,,6,7,6,6,0.8,0.8
2024-02-07T0100,1057A,114.8883,40.8336,张家口市,人民公园,,26,20,23,2,7,81,,,,7,10,3,2,0.3,0.4
2024-02-07T0100,1059A,114.8687,40.8042,张家口市,五金库,,29,,19,20,12,80,,,,2,7,3,4,0.1,0.2
2024-02-07T0100,1060A,114.8902,40.762,张家口市,世纪豪园,,27,16,19,15,10,84,,,,7,11,3,3,0.3,0.4
2024-02-07T0100,1061A,114.8916,40.8661,张家口市,北泵房,,26,15,23,12,12,81,,,,6,8,5,7,0.5,0.6
2024-02-07T0100,3131A,114.879,40.7993,张家口市,烟厂,,25,,23,16,14,80,,,,8,12,5,5,0.4,0.4
2024-02-07T0100,3323A,115.2773,40.9724,张家口市,青少年活动中心,,38,30,17,26,16,66,,,,12,10,4,4,0.5,0.3
2024-02-07T0100,2654A,100.4698,38.9524,张掖市,润泉湖,细颗粒物(PM2.5),72,70,71,52,42,40,,,,30,16,3,4,1.0,0.8
2024-02-07T0100,2655A,100.4154,38.9422,张掖市,区工会,颗粒物(PM10),55,59,81,37,47,72,,,,14,18,2,3,0.7,0.8
2024-02-07T0100,2075A,117.6336,24.4674,漳州市,九湖,,,,,,,,,,,,,,,,
2024-02-07T0100,2920A,117.7116,24.506,漳州市,蓝田镇,,32,32,24,20,15,47,,,,13,14,4,4,0.5,0.6
2024-02-07T0100,3216A,114.6622,24.5183,漳州市,漳州党校,,32,32,24,21,15,50,,,,14,14,4,4,0.6,0.7
2024-02-07T0100,3530A,117.6296,24.5314,漳州市,西洋坪路,,38,36,25,26,17,48,,,,15,13,3,3,0.8,0.7
2024-02-07T0100,2596A,103.7667,27.3736,昭通市,监测站,,24,24,29,15,21,38,,,,18,14,5,6,0.9,0.9
2024-02-07T0100,2597A,103.7225,27.3361,昭通市,环保局,,23,16,21,16,21,40,,,,10,11,6,7,1.0,0.9
2024-02-07T0100,1397A,112.4267,23.0706,肇庆市,睦岗子站,,9,6,17,4,10,14,,,,18,21,5,5,0.9,0.9
2024-02-07T0100,1398A,112.4645,23.0475,肇庆市,城中子站,,9,6,19,4,10,19,,,,14,17,5,5,0.9,0.9
2024-02-07T0100,1399A,112.5544,23.1522,肇庆市,坑口子站,,9,7,15,5,10,22,,,,16,19,4,4,0.9,0.9
2024-02-07T0100,1400A,112.4753,23.1,肇庆市,七星岩子站,,,,,,,,,,,,,,,,
2024-02-07T0100,3313A,112.4575,23.0166,肇庆市,高要湖西,,11,11,18,6,13,12,,,,20,21,5,5,1.1,1.1
2024-02-07T0100,3451A,112.5617,23.2083,肇庆市,鼎湖凤凰,,9,6,9,5,8,21,,,,15,17,5,5,0.9,0.9
2024-02-07T0100,1203A,119.6707,32.1875,镇江市,新区办事处,细颗粒物(PM2.5),53,52,61,37,47,50,,,,37,26,6,4,0.4,0.4
2024-02-07T0100,1204A,119.4974,32.1968,镇江市,职教中心,细颗粒物(PM2.5),57,56,63,40,49,70,,,,19,16,4,3,0.5,0.4
2024-02-07T0100,1205A,119.4303,32.1328,镇江市,丹徒区监测站,细颗粒物(PM2.5),65,63,63,47,52,63,,,,24,19,3,3,0.6,0.5
2024-02-07T0100,2870A,119.4424,32.1873,镇江市,市疾控中心,细颗粒物(PM2.5),62,65,66,44,52,70,,,,24,21,4,3,0.6,0.5
2024-02-07T0100,3287A,119.3842,32.1976,镇江市,富润路1号,细颗粒物(PM2.5),65,56,57,47,54,66,,,,24,22,5,5,0.4,0.4
2024-02-07T0100,1316A,113.69031,34.76122,郑州市,烟厂,细颗粒物(PM2.5),192,160,147,144,152,97,,,,30,39,7,7,1.0,1.2
2024-02-07T0100,1317A,113.65724,34.77134,郑州市,郑纺机,细颗粒物(PM2.5),186,142,137,140,149,80,,,,47,55,5,5,1.2,1.3
2024-02-07T0100,1318A,113.67526,34.80246,郑州市,银行学校,细颗粒物(PM2.5),215,175,144,165,164,64,,,,45,45,4,4,1.1,1.1
2024-02-07T0100,1319A,113.56746,34.81334,郑州市,供水公司,细颗粒物(PM2.5),176,,124,133,135,99,,,,21,29,6,8,1.3,1.4
2024-02-07T0100,1320A,113.7329,34.7178,郑州市,经开区管委,细颗粒物(PM2.5),200,199,154,150,154,81,,,,31,33,8,9,1.1,1.2
2024-02-07T0100,1321A,113.73961,34.77172,郑州市,四十七中,细颗粒物(PM2.5),216,202,158,166,158,77,,,,38,40,8,9,1.2,1.3
2024-02-07T0100,1322A,113.60532,34.74838,郑州市,市监测站,细颗粒物(PM2.5),170,129,137,129,146,126,,,,23,40,3,4,1.0,1.2
2024-02-07T0100,1323A,113.64164,34.7525,郑州市,河医大,细颗粒物(PM2.5),189,148,144,142,149,83,,,,36,43,8,8,1.1,1.2
2024-02-07T0100,1324A,113.51488,34.91089,郑州市,岗李水库,,,,,,,,,,,,,,,,
2024-02-07T0100,3471A,113.616563,34.86783,郑州市,惠济区政府,细颗粒物(PM2.5),229,,144,179,163,53,,,,46,39,3,4,1.1,1.3
2024-02-07T0100,3590A,113.8374,34.5589,郑州市,北区建设指挥部,细颗粒物(PM2.5),198,,128,148,143,80,,,,52,39,7,9,1.3,1.4
2024-02-07T0100,3591A,113.30952,34.803229,郑州市,上街区政府,细颗粒物(PM2.5),230,182,147,180,153,60,,,,42,31,6,11,1.4,1.3
2024-02-07T0100,1379A,113.3769,22.5211,中山市,华柏园,,36,35,34,25,22,4,,,,31,30,4,6,0.7,0.6
2024-02-07T0100,1380A,113.3881,22.5497,中山市,张溪,,40,40,37,26,27,2,,,,29,29,4,5,0.8,0.8
2024-02-07T0100,1381A,113.4075,22.5111,中山市,紫马岭,,35,26,32,24,23,4,,,,32,31,6,7,0.8,0.8
2024-02-07T0100,1382A,113.4411,22.4853,中山市,长江旅游区,,,,,,,,,,,,,,,,
2024-02-07T0100,3454A,113.3528,22.478,中山市,中山南区,,28,27,32,19,19,4,,,,31,30,4,7,1.1,1.1
2024-02-07T0100,2680A,105.0025,37.4635,中卫市,沙坡头消防站,,,,,,,,,,,,,,,,
2024-02-07T0100,2682A,105.1971,37.5002,中卫市,环保局站,细颗粒物(PM2.5),120,125,67,91,53,46,,,,34,23,6,5,0.9,0.7
2024-02-07T0100,3650A,105.1698,37.5162,中卫市,沙坡头区政府站,细颗粒物(PM2.5),127,142,76,96,55,50,,,,36,25,6,6,0.8,0.7
2024-02-07T0100,1414A,106.3787,29.8279,重庆市,缙云山,,40,40,40,22,26,28,,,,10,12,8,9,0.1,0.2
2024-02-07T0100,1416A,106.4213,29.8253,重庆市,天生,细颗粒物(PM2.5),77,,54,56,44,5,,,,30,24,6,6,0.8,0.9
2024-02-07T0100,1417A,106.6263,29.7228,重庆市,两路,细颗粒物(PM2.5),69,55,54,50,40,11,,,,22,31,6,6,1.0,1
2024-02-07T0100,1418A,106.2953,29.5983,重庆市,虎溪,细颗粒物(PM2.5),68,67,57,49,40,4,,,,28,25,4,5,0.7,0.7
2024-02-07T0100,1419A,106.5777,29.5102,重庆市,南坪,细颗粒物(PM2.5),60,61,48,43,29,12,,,,26,27,8,8,1.0,0.9
2024-02-07T0100,1420A,106.6556,29.6277,重庆市,唐家沱,细颗粒物(PM2.5),65,62,50,47,37,15,,,,12,19,4,5,0.8,0.8
2024-02-07T0100,1421A,106.6349,29.4906,重庆市,茶园,细颗粒物(PM2.5),70,69,50,51,35,16,,,,23,27,6,6,0.9,1
2024-02-07T0100,1422A,106.3754,29.4572,重庆市,白市驿,细颗粒物(PM2.5),60,63,51,43,37,4,,,,34,31,4,4,1.0,0.9
2024-02-07T0100,1425A,106.6205,29.7166,重庆市,空港,细颗粒物(PM2.5),64,57,50,46,40,13,,,,22,30,6,6,1.0,1
2024-02-07T0100,1426A,106.4782,29.4875,重庆市,新山村,细颗粒物(PM2.5),68,82,50,49,35,5,,,,34,36,5,5,0.8,0.8
2024-02-07T0100,1427A,106.5616,29.6453,重庆市,礼嘉,颗粒物(PM10),56,61,49,37,32,8,,,,23,29,6,7,1.0,0.9
2024-02-07T0100,1428A,106.4522,29.7091,重庆市,蔡家,细颗粒物(PM2.5),69,,53,50,44,6,,,,25,24,5,5,0.7,0.9
2024-02-07T0100,1429A,106.5093,29.3917,重庆市,鱼新街,细颗粒物(PM2.5),60,58,41,43,31,17,,,,26,28,8,7,1.0,1
2024-02-07T0100,3014A,106.4958,29.5346,重庆市,歇台子,颗粒物(PM10),62,73,51,42,34,3,,,,32,35,8,8,0.8,0.8
2024-02-07T0100,3015A,106.4037,29.5728,重庆市,龙井湾,细颗粒物(PM2.5),55,39,41,39,40,15,,,,16,23,4,4,0.7,0.8
2024-02-07T0100,3016A,106.5507,29.4153,重庆市,龙洲湾,细颗粒物(PM2.5),60,59,40,43,30,12,,,,25,26,8,8,0.9,0.9
2024-02-07T0100,3133A,106.5468,29.5654,重庆市,上清寺,细颗粒物(PM2.5),82,63,51,60,41,4,,,,41,39,6,6,0.8,0.8
2024-02-07T0100,3346A,108.3872,31.1628,重庆市,安康,细颗粒物(PM2.5),57,42,38,40,30,7,,,,23,20,9,11,0.8,0.8
2024-02-07T0100,3347A,105.9017,29.3569,重庆市,北山路,细颗粒物(PM2.5),64,61,52,46,41,17,,,,11,12,3,6,0.7,0.7
2024-02-07T0100,3348A,105.839,30.1946,重庆市,春阳街,细颗粒物(PM2.5),67,55,50,48,41,25,,,,14,15,8,6,0.9,0.9
2024-02-07T0100,3349A,107.7983,30.6758,重庆市,人民东路,细颗粒物(PM2.5),59,48,48,42,37,30,,,,13,14,8,8,0.8,0.8
2024-02-07T0100,3350A,106.6479,29.0244,重庆市,滩子口,细颗粒物(PM2.5),68,57,45,49,32,9,,,,27,23,9,10,0.7,0.6
2024-02-07T0100,3351A,105.7167,29.7076,重庆市,棠香,细颗粒物(PM2.5),67,61,47,48,36,23,,,,14,14,6,7,0.8,0.7
2024-02-07T0100,3352A,107.0732,29.8617,重庆市,桃源西路,细颗粒物(PM2.5),58,53,54,41,39,18,,,,16,19,3,5,0.5,0.5
2024-02-07T0100,3353A,107.3535,29.7287,重庆市,迎宾大道,,50,39,30,35,27,23,,,,15,19,16,11,0.6,0.7
2024-02-07T0100,3354A,108.815,29.5081,重庆市,舟白,,48,,28,33,28,57,,,,9,9,8,7,0.8,0.8
2024-02-07T0100,3355A,108.3679,30.8426,重庆市,周家坝,,38,,25,26,27,60,,,,10,15,14,14,0.5,0.5
2024-02-07T0100,3356A,108.4319,30.7555,重庆市,百安坝,,40,,29,28,31,61,,,,7,12,7,8,0.4,0.5
2024-02-07T0100,3482A,107.7541,29.3277,重庆市,芙蓉中路,,50,,25,35,24,20,,,,11,10,10,9,0.8,0.8
2024-02-07T0100,3483A,108.7661,29.5368,重庆市,西山,,50,,27,35,32,48,,,,10,9,8,7,0.7,0.6
2024-02-07T0100,3484A,106.2628,29.32,重庆市,行政中心,细颗粒物(PM2.5),64,50,44,46,38,3,,,,33,32,6,6,1.1,1.1
2024-02-07T0100,3485A,107.0944,29.1608,重庆市,高寺路,,46,38,28,32,20,28,,,,9,11,6,6,0.3,0.6
2024-02-07T0100,3599A,106.2649,29.9851,重庆市,书院路,细颗粒物(PM2.5),62,58,47,44,44,19,,,,18,18,5,6,0.8,0.8
2024-02-07T0100,3600A,106.2339,29.5559,重庆市,虎峰,颗粒物(PM10),61,71,56,40,38,21,,,,19,23,8,8,0.9,0.9
2024-02-07T0100,3601A,106.0499,29.8342,重庆市,龙门街,细颗粒物(PM2.5),65,55,48,47,35,16,,,,16,20,8,9,0.8,0.8
2024-02-07T0100,3610A,105.5933,29.4105,重庆市,昌元,细颗粒物(PM2.5),64,59,55,46,45,21,,,,16,17,6,5,0.9,0.9
2024-02-07T0100,1258A,122.122,30.0203,舟山市,定海檀枫,细颗粒物(PM2.5),65,50,49,47,43,51,,,,21,22,5,5,0.6,0.7
2024-02-07T0100,1259A,122.3094,29.9558,舟山市,普陀东港,细颗粒物(PM2.5),58,49,48,41,42,52,,,,24,22,6,5,0.6,0.6
2024-02-07T0100,1260A,122.19,29.9944,舟山市,临城新区,细颗粒物(PM2.5),52,39,40,36,35,52,,,,19,20,6,6,0.6,0.6
2024-02-07T0100,2067A,114.6613,33.6128,周口市,市环境监测站,细颗粒物(PM2.5),207,,117,157,132,62,,,,39,24,3,4,1.2,1.1
2024-02-07T0100,2068A,114.6758,33.6347,周口市,周口师范,细颗粒物(PM2.5),201,,120,151,128,68,,,,33,23,4,4,0.9,0.8
2024-02-07T0100,2069A,114.6546,33.5979,周口市,市运管处,细颗粒物(PM2.5),200,151,126,150,126,64,,,,56,26,4,5,1.1,0.9
2024-02-07T0100,2070A,114.6369,33.6406,周口市,川汇区环保局,细颗粒物(PM2.5),220,,120,170,138,57,,,,43,22,3,4,1.3,1.1
2024-02-07T0100,1515A,113.135,27.8244,株洲市,天台山庄,细颗粒物(PM2.5),62,53,34,44,30,64,,,,18,18,5,5,0.9,0.8
2024-02-07T0100,1518A,113.095,27.8867,株洲市,株冶医院,细颗粒物(PM2.5),60,60,38,43,32,62,,,,22,19,6,6,1.0,0.9
2024-02-07T0100,1519A,113.167,27.8667,株洲市,市四中,细颗粒物(PM2.5),65,56,32,47,29,63,,,,17,18,1,1,1.0,0.9
2024-02-07T0100,1520A,113.143,27.8381,株洲市,火车站,细颗粒物(PM2.5),63,49,30,45,29,60,,,,16,15,7,7,0.9,0.8
2024-02-07T0100,1524A,113.13,27.8528,株洲市,市监测站,细颗粒物(PM2.5),69,53,35,50,35,59,,,,28,24,4,5,0.8,0.7
2024-02-07T0100,1559A,113.251,27.8336,株洲市,大京风景区,细颗粒物(PM2.5),62,47,25,44,22,59,,,,14,13,3,4,0.7,0.6
2024-02-07T0100,2031A,113.1817,27.9958,株洲市,云田中学,细颗粒物(PM2.5),78,63,36,57,32,64,,,,12,11,4,4,1.0,0.9
2024-02-07T0100,1367A,113.5814,22.2618,珠海市,吉大,,30,30,29,18,15,35,,,,30,29,4,4,0.6,0.6
2024-02-07T0100,1368A,113.4881,22.2335,珠海市,前山,,20,20,25,13,15,50,,,,14,19,7,8,0.5,0.6
2024-02-07T0100,1369A,113.628,22.4251,珠海市,唐家,,42,35,30,29,19,8,,,,34,27,4,5,0.8,0.5
2024-02-07T0100,1370A,113.299,22.2281,珠海市,斗门,,42,42,30,21,17,7,,,,29,23,3,4,0.6,0.5
2024-02-07T0100,3308A,113.3494,22.0569,珠海市,金湾,,23,13,28,3,12,71,,,,4,15,5,6,0.5,0.6
2024-02-07T0100,3448A,113.5433,22.1163,珠海市,横琴,,20,15,24,10,14,63,,,,9,16,5,6,0.6,0.6
2024-02-07T0100,2420A,114.0189,32.9656,驻马店市,市一纸厂,细颗粒物(PM2.5),140,124,121,107,98,116,,,,25,22,5,5,0.7,0.8
2024-02-07T0100,2421A,114.0114,33.015,驻马店市,市彩印厂,细颗粒物(PM2.5),166,150,130,126,100,119,,,,19,16,6,7,0.7,0.7
2024-02-07T0100,2422A,113.9976,32.9771,驻马店市,天方二分厂,细颗粒物(PM2.5),150,140,123,115,112,107,,,,29,26,7,7,1.0,0.9
2024-02-07T0100,3339A,114.0012,33.0412,驻马店市,小管楼,细颗粒物(PM2.5),185,148,127,139,117,101,,,,33,22,6,7,0.7,0.7
2024-02-07T0100,2561A,104.6617,30.1372,资阳市,莲花山,细颗粒物(PM2.5),64,,52,46,45,36,,,,12,20,5,5,0.3,0.4
2024-02-07T0100,2562A,104.6356,30.1506,资阳市,资阳中学,细颗粒物(PM2.5),69,59,53,50,45,31,,,,12,18,6,6,0.9,0.9
2024-02-07T0100,2563A,104.6295,30.1383,资阳市,四三一厂,细颗粒物(PM2.5),62,59,64,44,46,33,,,,14,19,6,6,0.9,1
2024-02-07T0100,2564A,104.6463,30.1146,资阳市,师范校,细颗粒物(PM2.5),78,,58,57,52,32,,,,15,20,4,4,0.9,1
2024-02-07T0100,2565A,104.6296,30.1256,资阳市,区法院,细颗粒物(PM2.5),62,56,58,44,46,39,,,,13,17,4,4,0.9,1
2024-02-07T0100,1631A,118.0414,36.8103,淄博市,人民公园,细颗粒物(PM2.5),163,151,102,124,86,4,,,,81,49,42,22,1.3,0.9
2024-02-07T0100,1633A,117.8525,36.4847,淄博市,双山,细颗粒物(PM2.5),134,114,115,102,98,33,,,,56,49,13,16,1.1,1.1
2024-02-07T0100,1634A,117.9592,36.6331,淄博市,气象站,细颗粒物(PM2.5),168,135,117,127,109,21,,,,61,49,19,18,1.4,1.2
2024-02-07T0100,1635A,118.3092,36.8194,淄博市,莆田园,细颗粒物(PM2.5),178,166,126,134,100,20,,,,57,38,33,20,2.1,1.3
2024-02-07T0100,3363A,117.9883,36.8372,淄博市,新区,细颗粒物(PM2.5),138,124,110,105,92,8,,,,61,38,20,15,1.1,1.1
2024-02-07T0100,3644A,117.8661,36.805,淄博市,三金集团,细颗粒物(PM2.5),149,130,129,114,107,32,,,,53,46,28,33,1.4,1.5
2024-02-07T0100,3645A,118.0253,36.8406,淄博市,东风化工厂,细颗粒物(PM2.5),134,130,113,102,88,22,,,,71,50,24,20,1.2,1.2
2024-02-07T0100,3027A,104.72,29.3427,自贡市,青杠林路,,,87,55,68,47,,,,,21,24,1,4,,0.6
2024-02-07T0100,3028A,104.776,29.3627,自贡市,檀木林体育馆,细颗粒物(PM2.5),99,85,54,74,45,16,,,,28,22,6,6,0.9,0.8
2024-02-07T0100,3360A,104.7894,29.3194,自贡市,南湖救助站,细颗粒物(PM2.5),89,74,53,66,46,18,,,,30,21,6,7,0.7,0.5
2024-02-07T0100,3638A,104.7636,29.3338,自贡市,轻化工大学,细颗粒物(PM2.5),93,84,51,69,48,20,,,,25,22,6,3,0.7,0.6
2024-02-07T0100,1911A,106.9222,27.6869,遵义市,丁字口,,42,41,29,29,22,44,,,,13,14,11,11,0.6,0.6
2024-02-07T0100,1912A,106.9242,27.7019,遵义市,凤凰山,,48,33,30,33,20,42,,,,9,9,9,9,0.8,0.8
2024-02-07T0100,1913A,106.8906,27.6486,遵义市,忠庄,,39,35,29,27,23,44,,,,8,7,4,4,0.7,0.7
2024-02-07T0100,1914A,106.9231,27.6506,遵义市,舟水桥,,38,36,24,26,22,40,,,,12,8,5,5,0.5,0.5
2024-02-07T0100,1915A,106.9178,27.72,遵义市,干田坝,,40,29,23,28,19,46,,,,13,13,13,13,0.7,0.6
2024-02-07T0100,3536A,106.8547,27.5919,遵义市,第十二小学,,40,32,29,28,24,50,,,,7,9,8,10,0.7,0.7
