timepoint,stationcode,longitude,latitude,area,positionname,primarypollutant,aqi,pm10,pm10_24h,pm2_5,pm2_5_24h,o3,o3_24h,o3_8h,o3_8h_24h,no2,no2_24h,so2,so2_24h,co,co_24h
2024-08-10T0400,2566A,102.1879,31.914,阿坝藏族羌族自治州,州农科所,,19,19,42,6,9,20,,,,10,17,6,7,0,0
2024-08-10T0400,2568A,102.2502,31.8896,阿坝藏族羌族自治州,马师校,,14,14,21,8,8,6,,,,4,10,3,3,0.4,0.5
2024-08-10T0400,3994A,102.2165,31.9024,阿坝藏族羌族自治州,马尔康中学西区,,16,16,16,9,11,18,,,,10,10,5,4,0.4,0.4
2024-08-10T0400,2695A,80.292,41.1694,阿克苏地区,电视台,,40,40,55,17,21,100,,,,12,16,5,5,0.4,0.5
2024-08-10T0400,2696A,80.2613,41.1551,阿克苏地区,艺术中心,,46,46,51,18,20,85,,,,9,21,5,4,0.4,0.7
2024-08-10T0400,2204A,105.6467,38.8363,阿拉善盟,西城区西花园,颗粒物(PM10),169,288,299,70,60,112,,,,10,10,7,7,0.7,0.6
2024-08-10T0400,2205A,105.6985,38.8411,阿拉善盟,蒙二幼,颗粒物(PM10),197,344,287,101,68,110,,,,4,7,10,10,0.4,0.4
2024-08-10T0400,2206A,105.724,38.8516,阿拉善盟,环保局新楼,颗粒物(PM10),181,312,260,89,67,118,,,,4,6,8,8,0.3,0.3
2024-08-10T0400,2708A,88.1264,47.8517,阿勒泰地区,市站,,25,25,23,3,7,77,,,,3,12,7,7,0.4,0.6
2024-08-10T0400,2630A,80.1161,32.5,阿里地区,阿里监测站,,20,13,7,8,5,63,,,,31,9,6,7,0.3,0.3
2024-08-10T0400,3192A,80.0903,32.5028,阿里地区,阿里藏医院,,31,10,10,3,3,98,,,,7,6,6,6,0.2,0.2
2024-08-10T0400,2642A,109.0318,32.6537,安康市,香溪洞,,14,10,19,3,10,44,,,,6,5,5,5,0.3,0.3
2024-08-10T0400,2643A,109.0281,32.6939,安康市,安康市监测站,,20,20,21,6,11,37,,,,8,8,6,7,0.4,0.4
2024-08-10T0400,2644A,109.0072,32.6975,安康市,汉滨区检察院,,13,13,15,3,6,16,,,,6,7,6,6,0.4,0.4
2024-08-10T0400,2291A,117.0809,30.5177,安庆市,环科院,,35,,35,24,24,48,,,,31,30,6,7,0.7,0.7
2024-08-10T0400,2292A,117.0331,30.5119,安庆市,马山宾馆,,35,24,29,24,26,46,,,,22,28,8,9,0.6,0.6
2024-08-10T0400,2294A,116.9896,30.6145,安庆市,安庆大学,,39,35,37,27,26,35,,,,28,21,10,11,1.0,1
2024-08-10T0400,3173A,117.0598,30.5351,安庆市,市人大,,39,,34,27,25,56,,,,17,19,6,7,0.5,0.5
2024-08-10T0400,3122A,105.9606,26.2611,安顺市,伍家关,,,,,,,,,,,,,,,,
2024-08-10T0400,3123A,105.9408,26.2431,安顺市,凤凰山,,16,15,16,11,10,42,,,,6,8,7,7,0.6,0.6
2024-08-10T0400,3124A,105.9439,26.2564,安顺市,金钟山,,18,18,14,12,11,47,,,,5,4,6,5,0.5,0.5
2024-08-10T0400,3125A,105.8983,26.2481,安顺市,娄家坡,,17,11,14,9,11,52,,,,3,4,7,6,0.5,0.5
2024-08-10T0400,1818A,114.4839,36.0621,安阳市,棉研所,,,,,,,,,,,,,,,,
2024-08-10T0400,1819A,114.3551,36.1017,安阳市,红庙街,,34,34,28,11,15,35,,,,3,4,4,3,0.3,0.3
2024-08-10T0400,1820A,114.361,36.0681,安阳市,银杏小区,,,22,26,,4,27,,,,2,2,1,3,0.6,0.5
2024-08-10T0400,3141A,114.3922,36.0878,安阳市,信访局,,26,24,32,18,16,38,,,,2,2,2,2,0.7,0.6
2024-08-10T0400,3669A,114.4705,36.0637,安阳市,左辅环卫站,,31,31,24,19,17,15,,,,13,5,4,4,0.8,0.7
2024-08-10T0400,3703A,114.2917,36.0949,安阳市,安钢职工学校,,32,32,33,8,21,34,,,,4,6,3,4,0.5,0.5
2024-08-10T0400,1748A,123.044,41.1196,鞍山市,深沟寺,,26,26,39,8,20,64,,,,6,11,4,5,0.5,1
2024-08-10T0400,1749A,123.011,41.0931,鞍山市,太阳城,,20,19,34,13,21,64,,,,4,10,4,5,0.3,0.9
2024-08-10T0400,1750A,123.0485,41.1442,鞍山市,太平,,24,17,47,9,25,76,,,,5,17,3,6,0.5,1.2
2024-08-10T0400,1751A,122.9642,41.0971,鞍山市,铁西三道街,,26,26,46,13,27,67,,,,10,20,3,6,0.6,1.2
2024-08-10T0400,1752A,122.9341,41.0833,鞍山市,铁西工业园区,,25,21,44,11,25,77,,,,7,20,6,8,0.8,1.5
2024-08-10T0400,1753A,123.022,41.0821,鞍山市,明达新区,,22,22,35,11,20,68,,,,4,9,3,4,0.4,0.9
2024-08-10T0400,1754A,123.1289,41.0228,鞍山市,千山,,,,,,,,,,,,,,,,
2024-08-10T0400,2195A,107.4212,40.761,巴彦淖尔市,附二中,,37,30,112,20,31,118,,,,4,5,4,4,0.5,0.5
2024-08-10T0400,2196A,107.37,40.7372,巴彦淖尔市,市环保大楼,,39,39,105,9,14,112,,,,2,2,3,3,0.4,0.4
2024-08-10T0400,1956A,86.1472,41.7538,巴音郭楞蒙古自治州,孔雀公园,颗粒物(PM10),70,90,83,21,17,1,,,,73,31,5,4,0.8,0.5
2024-08-10T0400,1957A,86.1972,41.7166,巴音郭楞蒙古自治州,棉纺厂,颗粒物(PM10),78,105,87,30,19,63,,,,17,24,4,4,0.2,0.3
2024-08-10T0400,1958A,86.2357,41.7173,巴音郭楞蒙古自治州,经济开发区,颗粒物(PM10),85,119,78,32,22,62,,,,12,9,4,5,0.2,0.2
2024-08-10T0400,2914A,106.7677,31.8794,巴中市,苏山坪,,21,21,10,6,7,49,,,,6,6,4,4,0.4,0.4
2024-08-10T0400,3182A,106.7656,31.8545,巴中市,丽阳花园,,18,18,16,8,9,7,,,,9,16,3,3,0.5,0.5
2024-08-10T0400,3183A,106.7418,31.8654,巴中市,圣泉水务公司,,15,15,14,3,7,22,,,,8,14,3,3,0.5,0.6
2024-08-10T0400,3616A,106.7616,31.8344,巴中市,市中心医院,,18,18,14,8,8,7,,,,12,16,3,3,0.6,0.6
2024-08-10T0400,2235A,122.7911,45.6077,白城市,洮北区环保局,,24,24,18,7,12,58,,,,7,10,7,8,0.4,0.5
2024-08-10T0400,2236A,122.8738,45.5725,白城市,市环保局,,39,39,30,14,14,38,,,,8,10,5,2,0.5,0.5
2024-08-10T0400,2231A,126.4219,41.9171,白山市,喜丰,,43,43,44,9,15,19,,,,9,13,8,8,0.8,0.8
2024-08-10T0400,2232A,126.4077,41.9419,白山市,环保局,,22,22,34,14,17,7,,,,16,13,10,9,0.7,0.8
2024-08-10T0400,2647A,104.1724,36.5446,白银市,第三小学,颗粒物(PM10),65,80,82,20,25,87,,,,9,10,5,6,0.5,0.5
2024-08-10T0400,2648A,104.1465,36.5482,白银市,动力公司,颗粒物(PM10),57,64,71,21,23,81,,,,7,7,5,5,0.4,0.3
2024-08-10T0400,2512A,106.6103,23.9011,百色市,市监测站,,34,34,44,20,23,36,,,,14,13,22,14,0.8,0.7
2024-08-10T0400,2513A,106.6538,23.8859,百色市,市中心血站,,35,34,43,24,24,44,,,,12,11,16,14,0.8,0.7
2024-08-10T0400,3406A,106.6085,23.8798,百色市,祈福高中,,45,44,47,31,27,26,,,,20,14,15,11,1.0,0.9
2024-08-10T0400,2270A,117.396,32.939,蚌埠市,工人疗养院,,42,42,42,25,20,73,,,,5,6,14,9,0.6,0.5
2024-08-10T0400,2271A,117.3605,32.9427,蚌埠市,百货大楼,颗粒物(PM10),51,51,44,29,21,66,,,,10,7,17,8,0.8,0.5
2024-08-10T0400,2273A,117.4185,32.8911,蚌埠市,蚌埠学院,,32,31,38,22,24,71,,,,10,10,6,6,0.5,0.6
2024-08-10T0400,2274A,117.3533,32.9673,蚌埠市,淮上区政府,,45,44,37,31,23,70,,,,12,8,16,8,0.9,0.6
2024-08-10T0400,2275A,117.3145,32.8977,蚌埠市,高新区,,48,48,41,28,22,60,,,,15,8,14,7,0.8,0.6
2024-08-10T0400,3715A,117.3092,32.9314,蚌埠市,蚌埠田家炳中学,,50,50,45,27,23,60,,,,10,4,21,10,0.8,0.6
2024-08-10T0400,1585A,109.8756,40.6532,包头市,市环境监测站,颗粒物(PM10),85,119,97,35,25,67,,,,43,19,15,13,1.8,1.1
2024-08-10T0400,1587A,109.9991,40.5842,包头市,包头八中,颗粒物(PM10),93,136,99,33,19,85,,,,15,12,23,5,0.8,0.7
2024-08-10T0400,1588A,109.8538,40.6821,包头市,青山宾馆,颗粒物(PM10),83,116,78,20,21,96,,,,9,18,4,7,0.4,0.8
2024-08-10T0400,1589A,109.8642,40.6288,包头市,惠龙物流,颗粒物(PM10),88,125,88,32,20,84,,,,21,12,19,10,1.3,0.8
2024-08-10T0400,1590A,110.0377,40.5546,包头市,东河鸿龙湾,颗粒物(PM10),96,142,82,25,18,97,,,,7,7,5,5,0.5,0.5
2024-08-10T0400,3283A,109.9154,40.5685,包头市,滨河大厦,颗粒物(PM10),77,103,80,24,19,95,,,,12,6,9,7,0.6,0.5
2024-08-10T0400,3419A,109.9447,40.6261,包头市,包头市委党校,颗粒物(PM10),81,111,85,33,20,80,,,,25,11,15,7,1.4,0.6
2024-08-10T0400,3683A,109.8331,40.6576,包头市,昆区政府,颗粒物(PM10),82,113,83,29,27,67,,,,39,22,13,12,1.2,1.1
2024-08-10T0400,1930A,107.185,34.3063,宝鸡市,庙沟村,,41,41,48,15,16,64,,,,7,6,5,6,0.2,0.2
2024-08-10T0400,1931A,107.0708,34.3017,宝鸡市,竹园沟,,31,31,47,14,14,53,,,,9,10,8,8,0.4,0.4
2024-08-10T0400,1932A,107.1906,34.3672,宝鸡市,三陆医院,颗粒物(PM10),59,68,52,25,17,8,,,,25,21,13,9,0.6,0.6
2024-08-10T0400,1933A,107.1431,34.3547,宝鸡市,监测站,,47,47,65,18,17,28,,,,12,19,8,6,0.3,0.4
2024-08-10T0400,1934A,107.1186,34.3739,宝鸡市,技工学校,颗粒物(PM10),51,51,50,21,20,23,,,,14,11,10,8,0.5,0.5
2024-08-10T0400,1935A,107.3906,34.3528,宝鸡市,陈仓区环保局家属楼,,48,48,50,18,16,21,,,,17,17,8,7,0.3,0.3
2024-08-10T0400,1936A,107.2058,34.3497,宝鸡市,文理学院,,44,44,47,15,14,27,,,,12,16,8,8,0.3,0.4
2024-08-10T0400,1937A,107.2386,34.3622,宝鸡市,三迪小学,颗粒物(PM10),51,52,50,22,13,21,,,,13,16,10,9,0.4,0.4
2024-08-10T0400,1051A,115.493,38.8632,保定市,游泳馆,,40,36,33,28,18,39,,,,12,11,4,4,0.4,0.4
2024-08-10T0400,1052A,115.5213,38.8959,保定市,华电二区,,39,39,35,23,21,45,,,,6,10,6,6,0.3,0.3
2024-08-10T0400,1053A,115.4713,38.9108,保定市,接待中心,,44,44,41,25,16,44,,,,4,8,3,3,0.5,0.5
2024-08-10T0400,1054A,115.4612,38.8416,保定市,地表水厂,,39,35,38,27,16,34,,,,5,9,1,2,0.5,0.4
2024-08-10T0400,3581A,115.31981,38.95208,保定市,满城区生态环境分局,,27,27,32,12,17,32,,,,9,15,3,3,0.4,0.4
2024-08-10T0400,3582A,115.47694,38.76408,保定市,清苑区第二中学,细颗粒物(PM2.5),57,60,40,40,30,37,,,,10,18,4,4,0.5,0.4
2024-08-10T0400,3583A,115.62909,39.02311,保定市,徐水物探局,,25,,23,17,21,38,,,,12,14,3,3,0.2,0.3
2024-08-10T0400,4004A,115.4202,38.8656,保定市,双鹰农机,,36,34,31,25,18,40,,,,9,10,1,2,0.4,0.4
2024-08-10T0400,4034A,115.5150,38.8590,保定市,植保所站,,14,6,25,3,20,42,,,,5,8,4,4,0.7,0.4
2024-08-10T0400,2594A,99.1678,25.1081,保山市,市环境监测站,,15,15,17,7,8,27,,,,4,6,5,5,0.4,0.4
2024-08-10T0400,2595A,99.1711,25.1328,保山市,市环保局,,17,17,16,9,7,34,,,,2,3,6,6,0.3,0.4
2024-08-10T0400,1866A,109.2262,21.588,北海市,牛尾岭水库,,,,,,,,,,,,,,,,
2024-08-10T0400,1867A,109.1436,21.4086,北海市,海滩公园,,23,12,40,3,7,72,,,,3,4,4,4,0.4,0.5
2024-08-10T0400,1868A,109.0981,21.4661,北海市,新市环保局,,21,17,21,7,8,65,,,,3,4,1,2,0.6,0.6
2024-08-10T0400,1869A,109.1778,21.5233,北海市,北海工业园,,18,14,22,3,12,55,,,,6,5,4,4,0.5,0.5
2024-08-10T0400,3400A,109.1911,21.4415,北海市,龙潭自来水厂,,20,15,20,3,12,61,,,,4,4,7,7,0.5,0.5
2024-08-10T0400,1001A,116.3621,39.8784,北京市,万寿西宫,,19,6,37,3,27,59,,,,7,12,3,3,0.7,0.9
2024-08-10T0400,1002A,116.2202,40.2915,北京市,定陵,,6,6,30,3,19,4,,,,2,4,3,3,0.6,0.8
2024-08-10T0400,1003A,116.4174,39.9289,北京市,东四,,23,6,37,3,30,72,,,,11,18,2,2,0.8,0.9
2024-08-10T0400,1004A,116.4072,39.8863,北京市,天坛,,19,6,38,3,31,58,,,,11,14,3,2,0.7,0.8
2024-08-10T0400,1005A,116.462,39.9365,北京市,农展馆,,17,6,36,3,27,52,,,,12,15,3,3,0.6,0.8
2024-08-10T0400,1006A,116.3392,39.9295,北京市,官园,,22,6,34,3,23,69,,,,7,14,3,4,0.7,0.7
2024-08-10T0400,1007A,116.2878,39.9611,北京市,海淀万柳,,19,6,41,3,26,58,,,,8,17,2,2,0.5,0.7
2024-08-10T0400,1008A,116.6636,40.135,北京市,顺义新城,,22,6,43,3,27,69,,,,4,10,3,3,0.5,0.8
2024-08-10T0400,1009A,116.6275,40.3275,北京市,怀柔镇,,22,6,35,3,23,70,,,,5,10,5,5,0.4,0.6
2024-08-10T0400,1010A,116.2296,40.217,北京市,昌平镇,,17,,39,10,24,20,,,,33,17,3,4,0.6,0.8
2024-08-10T0400,1011A,116.3966,39.9821,北京市,奥体中心,,20,6,37,3,24,61,,,,14,18,3,2,0.5,0.7
2024-08-10T0400,1012A,116.184,39.9136,北京市,古城,,20,6,42,3,22,61,,,,11,22,3,2,0.6,0.7
2024-08-10T0400,3281A,115.9718,40.4529,北京市,延庆夏都,,19,13,32,9,22,58,,,,5,6,3,3,0.7,0.7
2024-08-10T0400,3417A,117.0709,40.1465,北京市,平谷新城,,16,,41,3,26,50,,,,5,7,3,3,0.6,0.8
2024-08-10T0400,3418A,116.8336,40.4095,北京市,密云新城,,21,6,30,3,19,67,,,,3,5,3,3,0.5,0.8
2024-08-10T0400,3671A,116.088,39.9726,北京市,门头沟三家店,,12,6,34,3,23,38,,,,8,14,3,2,0.6,0.6
2024-08-10T0400,3672A,116.1541,39.8204,北京市,丰台云岗,,14,6,39,3,24,43,,,,5,13,2,2,0.5,0.6
2024-08-10T0400,3673A,116.6804,39.9081,北京市,通州东关,,16,9,54,7,39,51,,,,12,10,3,3,0.7,0.8
2024-08-10T0400,3674A,115.9577,39.7603,北京市,房山燕山,,18,11,30,8,20,56,,,,4,9,3,3,0.6,0.6
2024-08-10T0400,3675A,116.4672,39.7733,北京市,大兴旧宫,,16,13,39,9,31,51,,,,7,9,3,3,0.6,0.7
2024-08-10T0400,3694A,115.986,40.4563,北京市,延庆石河营,,13,8,28,6,23,39,,,,3,7,3,3,0.7,0.7
2024-08-10T0400,3695A,116.6151,40.3053,北京市,怀柔新城,,21,6,35,3,24,65,,,,3,7,3,3,0.7,0.9
2024-08-10T0400,3696A,116.2545,39.8768,北京市,丰台小屯,,17,6,34,3,22,54,,,,4,10,5,5,0.5,0.6
2024-08-10T0400,3697A,116.84,40.3844,北京市,密云镇,,20,6,28,3,20,64,,,,2,7,3,3,0.6,0.8
2024-08-10T0400,1761A,123.8275,41.3064,本溪市,大峪,,35,35,60,19,35,36,,,,17,21,6,7,0.6,1.3
2024-08-10T0400,1762A,123.7567,41.3325,本溪市,溪湖,,44,44,66,21,37,18,,,,22,18,6,5,1.0,1.6
2024-08-10T0400,1763A,123.7169,41.3094,本溪市,彩屯,,44,44,60,30,42,16,,,,23,23,6,6,1.1,1.9
2024-08-10T0400,1764A,123.7669,41.2864,本溪市,东明,颗粒物(PM10),51,51,81,27,42,27,,,,27,29,5,4,0.9,1.7
2024-08-10T0400,1765A,123.7992,41.2664,本溪市,新立屯,,28,28,62,11,26,36,,,,14,25,3,4,0.8,1.9
2024-08-10T0400,1766A,123.8142,41.3472,本溪市,威宁,,36,32,55,25,38,26,,,,16,19,9,9,0.9,1.2
2024-08-10T0400,2587A,105.2864,27.3125,毕节市,八中,,16,12,22,6,13,51,,,,8,10,4,7,0.4,0.4
2024-08-10T0400,2588A,105.31,27.2944,毕节市,师专,,19,12,18,8,12,59,,,,7,10,4,8,0.4,0.5
2024-08-10T0400,3537A,105.3631,27.3533,毕节市,长征村,,20,8,19,3,15,64,,,,9,8,5,7,0.5,0.5
2024-08-10T0400,1629A,118.0018,37.3617,滨州市,第二水厂,,29,22,34,17,22,90,,,,3,11,3,2,0.9,1
2024-08-10T0400,1630A,117.9776,37.393,滨州市,北中新校,,29,22,40,17,22,90,,,,4,12,2,3,0.4,0.6
2024-08-10T0400,3514A,117.9378,37.3956,滨州市,中海酒店,,33,14,34,12,21,103,,,,5,12,3,6,0.8,1
2024-08-10T0400,3515A,117.9378,37.3553,滨州市,开发区一中,,30,19,37,14,26,96,,,,7,16,5,7,0.6,0.7
2024-08-10T0400,3516A,118.0917,37.694,滨州市,金海六路,,32,10,36,3,16,100,,,,4,10,2,5,0.5,0.6
2024-08-10T0400,4028A,117.9956,37.3753,滨州市,滨州市西街道办事处,,34,22,34,14,21,106,,,,2,9,2,4,0.7,0.8
2024-08-10T0400,2311A,115.8072,33.8399,亳州市,污水处理厂,,30,25,28,21,16,62,,,,10,10,2,4,0.6,0.7
2024-08-10T0400,2312A,115.7789,33.8518,亳州市,三国揽胜宫,,35,35,31,20,19,64,,,,6,8,2,5,0.6,0.6
2024-08-10T0400,3332A,115.7633,33.8034,亳州市,亳州学院,,23,23,26,13,14,62,,,,7,8,2,4,0.5,0.6
2024-08-10T0400,2693A,82.0485,44.8556,博尔塔拉蒙古自治州,市党校,,29,29,28,7,12,71,,,,8,9,9,8,0.4,0.3
2024-08-10T0400,2694A,82.0806,44.8969,博尔塔拉蒙古自治州,市环保局,,36,36,34,12,11,74,,,,10,14,7,7,0.1,0.2
2024-08-10T0400,1071A,116.8842,38.2991,沧州市,沧县城建局,,27,10,38,9,27,84,,,,1,10,1,2,0.2,0.5
2024-08-10T0400,1072A,116.8584,38.3254,沧州市,电视转播站,,28,,36,14,25,88,,,,4,10,3,3,0.1,0.3
2024-08-10T0400,1073A,116.8709,38.3228,沧州市,市环保局,,27,,36,16,25,85,,,,1,10,2,3,0.2,0.4
2024-08-10T0400,3324A,116.8136,38.3004,沧州市,河北水利电力学院,,30,,32,21,26,82,,,,5,11,5,4,0.1,0.3
2024-08-10T0400,2622A,97.1806,31.1273,昌都市,昌都监测站,,13,13,9,8,6,36,,,,10,7,9,10,0.6,0.5
2024-08-10T0400,3719A,97.1714,31.1406,昌都市,昌都会议中心,,14,10,10,7,6,43,,,,4,6,7,7,0.4,0.4
2024-08-10T0400,2690A,88.1236,43.8886,昌吉回族自治州,天山天池,,26,6,11,3,4,82,,,,5,5,8,8,0.5,0.5
2024-08-10T0400,2692A,87.2717,44.0297,昌吉回族自治州,新区政务中心,,48,48,33,14,13,120,,,,9,19,8,9,0.4,0.5
2024-08-10T0400,3613A,87.3095,44.0142,昌吉回族自治州,亚心广场,颗粒物(PM10),71,92,46,7,7,120,,,,12,27,4,7,0.3,0.6
2024-08-10T0400,1119A,125.3325,43.9166,长春市,食品厂,,33,33,42,17,18,34,,,,28,29,3,2,0.5,0.6
2024-08-10T0400,1120A,125.2863,43.9027,长春市,客车厂,,30,30,29,14,15,51,,,,21,25,5,5,0.4,0.4
2024-08-10T0400,1121A,125.2841,43.8463,长春市,邮电学院,,30,30,31,14,13,16,,,,24,22,6,6,0.4,0.4
2024-08-10T0400,1122A,125.3716,43.8772,长春市,劳动公园,,37,37,32,10,12,38,,,,26,22,7,7,0.6,0.5
2024-08-10T0400,1123A,125.3297,43.8805,长春市,园林处,,25,25,28,10,11,48,,,,21,20,2,3,0.5,0.5
2024-08-10T0400,1124A,125.4605,43.79,长春市,净月潭,,17,17,27,8,8,31,,,,6,6,5,5,0.5,0.5
2024-08-10T0400,1125A,125.7194,43.515,长春市,甩湾子,,,,,,,,,,,,,,,,
2024-08-10T0400,1126A,125.3863,43.8447,长春市,经开区环卫处,,26,26,31,10,11,47,,,,18,25,6,5,0.6,0.5
2024-08-10T0400,1127A,125.245,43.7783,长春市,高新区管委会,,41,41,24,12,12,22,,,,30,17,3,2,0.5,0.5
2024-08-10T0400,1128A,125.1761,43.8325,长春市,岱山公园,,33,33,32,15,14,36,,,,28,24,2,2,0.5,0.4
2024-08-10T0400,1335A,113.0833,28.2325,长沙市,经开区环保局,,40,40,39,18,21,51,,,,17,12,4,5,0.4,0.5
2024-08-10T0400,1336A,112.8872,28.2189,长沙市,高开区环保局,,38,38,32,16,16,54,,,,17,9,6,4,0.7,0.6
2024-08-10T0400,1337A,113.0792,28.2053,长沙市,马坡岭,,,45,39,25,25,,,,,16,12,4,5,0.6,0.6
2024-08-10T0400,1338A,112.9394,28.19,长沙市,湖南师范大学,,41,41,38,22,20,53,,,,11,7,7,8,0.6,0.6
2024-08-10T0400,1339A,113.0178,28.1322,长沙市,雨花区环保局,,40,40,38,18,18,55,,,,17,13,6,6,0.3,0.4
2024-08-10T0400,1340A,112.9792,28.2597,长沙市,伍家岭,,43,43,37,16,18,39,,,,24,11,5,4,0.6,0.5
2024-08-10T0400,1341A,113.0014,28.1944,长沙市,火车新站,,44,44,40,17,20,52,,,,17,12,7,6,0.5,0.5
2024-08-10T0400,1342A,112.9844,28.1178,长沙市,天心区环保局,,35,35,40,22,21,47,,,,22,12,5,6,0.4,0.6
2024-08-10T0400,1343A,112.8908,28.1308,长沙市,湖南中医药大学,,42,42,38,14,18,33,,,,31,15,4,5,1.0,1
2024-08-10T0400,1344A,112.9581,28.3611,长沙市,沙坪,,38,38,29,22,19,27,,,,18,11,7,8,0.6,0.6
2024-08-10T0400,1727A,113.1147,36.1547,长治市,清华站,,39,39,22,17,11,56,,,,9,6,4,4,0.5,0.5
2024-08-10T0400,1728A,113.1031,36.1989,长治市,监测站,,42,42,28,17,13,44,,,,12,12,7,7,0.5,0.7
2024-08-10T0400,1730A,113.0886,36.2125,长治市,审计局,,43,43,25,19,13,65,,,,8,11,3,3,0.3,0.4
2024-08-10T0400,1731A,113.0844,36.1856,长治市,长治八中,颗粒物(PM10),54,57,28,16,14,50,,,,12,10,5,5,0.5,0.5
2024-08-10T0400,2845A,113.1569,36.1911,长治市,德盛苑,,46,46,25,17,11,60,,,,8,6,8,7,0.8,0.8
2024-08-10T0400,3568A,113.06,36.0464,长治市,向阳小学,颗粒物(PM10),55,60,45,21,26,37,,,,16,9,7,6,0.7,0.6
2024-08-10T0400,3569A,112.8792,36.3144,长治市,屯留一中,颗粒物(PM10),53,55,41,29,25,80,,,,8,9,8,8,0.5,0.4
2024-08-10T0400,3570A,113.235,36.3489,长治市,潞城四中,,46,46,29,24,18,74,,,,6,7,4,4,0.4,0.4
2024-08-10T0400,1854A,111.6975,28.9703,常德市,市二中,,35,31,26,24,17,50,,,,9,6,7,7,0.5,0.4
2024-08-10T0400,1857A,111.7158,29.1456,常德市,白鹤山,,,,,,,,,,,,,,,,
2024-08-10T0400,3138A,111.7153,29.0289,常德市,武陵区永安,,33,33,30,21,18,56,,,,10,8,8,9,0.5,0.4
2024-08-10T0400,3139A,111.6892,28.9881,常德市,鼎城区玉霞,,48,,30,33,23,39,,,,13,9,5,7,0.6,0.5
2024-08-10T0400,3140A,111.6625,29.0531,常德市,武陵区长庚,,50,,28,35,22,50,,,,11,7,11,8,0.5,0.5
2024-08-10T0400,1196A,119.9633,31.762,常州市,市监测站,,28,19,50,19,31,83,,,,17,22,6,7,0.6,0.7
2024-08-10T0400,1200A,119.9468,31.7069,常州市,武进监测站,,36,34,45,25,28,70,,,,11,15,6,7,0.7,0.7
2024-08-10T0400,1201A,119.9255,31.9087,常州市,安家,,41,41,46,21,29,89,,,,16,25,8,8,0.4,0.6
2024-08-10T0400,3002A,119.9805,31.8174,常州市,行政中心,,35,34,41,24,33,92,,,,15,22,4,4,0.3,0.4
2024-08-10T0400,3003A,120.0522,31.7748,常州市,经开区,,36,36,45,23,28,80,,,,16,23,7,7,0.2,0.4
2024-08-10T0400,3010A,119.9025,31.7964,常州市,钟楼,,32,32,48,21,26,82,,,,15,20,7,8,0.6,0.7
2024-08-10T0400,3429A,119.8598,31.7066,常州市,武进经发区,,39,39,53,18,28,75,,,,18,19,16,10,0.4,0.6
2024-08-10T0400,3430A,119.5826,31.7245,常州市,金坛城区,,41,41,43,24,26,100,,,,11,11,6,5,1.3,0.8
2024-08-10T0400,2220A,120.4318,41.5881,朝阳市,西梁,,33,29,45,23,24,68,,,,1,8,6,8,0.6,0.8
2024-08-10T0400,2221A,120.4521,41.5646,朝阳市,河畔小区,,31,31,42,19,21,72,,,,4,7,8,7,0.6,0.8
2024-08-10T0400,2222A,120.4176,41.5648,朝阳市,八里堡,,29,28,47,20,27,66,,,,5,12,4,5,0.6,0.9
2024-08-10T0400,2223A,120.3806,41.5969,朝阳市,农业园区,,36,30,47,25,35,64,,,,4,10,6,7,0.6,0.8
2024-08-10T0400,1705A,116.6367,23.6719,潮州市,西园路,,38,38,46,24,30,54,,,,7,10,3,4,0.2,0.4
2024-08-10T0400,3026A,116.6183,23.6608,潮州市,市政府,,26,24,55,18,26,62,,,,7,16,8,12,0.6,0.9
2024-08-10T0400,4036A,116.6461,23.6761,潮州市,金山,细颗粒物(PM2.5),57,,47,40,37,59,,,,8,11,7,6,0.5,0.7
2024-08-10T0400,2472A,113.0073,25.9061,郴州市,马头岭,,30,30,30,10,8,45,,,,15,7,11,8,0.3,0.4
2024-08-10T0400,2473A,113.0116,25.8226,郴州市,市职中,,25,21,20,17,15,59,,,,6,6,12,9,0.5,0.4
2024-08-10T0400,2474A,113.0161,25.8001,郴州市,兴隆步行街,,22,22,23,15,14,68,,,,2,3,10,8,0.5,0.5
2024-08-10T0400,2475A,113.0383,25.8071,郴州市,市审计局,,25,18,21,17,16,66,,,,5,9,6,6,0.4,0.4
2024-08-10T0400,2476A,113.0348,25.7759,郴州市,市环保局,,26,25,24,18,16,72,,,,7,10,5,5,0.4,0.4
2024-08-10T0400,1431A,103.9728,30.7236,成都市,金泉两河,,23,23,31,3,18,22,,,,12,10,1,1,0.4,0.5
2024-08-10T0400,1432A,104.176,30.6872,成都市,十里店,,28,28,33,9,18,31,,,,16,17,3,3,0.4,0.4
2024-08-10T0400,1433A,104.079,30.5706,成都市,三瓦窑,,24,24,30,3,21,34,,,,21,21,2,1,0.3,0.4
2024-08-10T0400,1434A,104.1114,30.63,成都市,沙河铺,,32,32,37,11,17,12,,,,22,18,4,4,0.4,0.5
2024-08-10T0400,1437A,104.0786,30.6531,成都市,君平街,,31,31,32,3,17,41,,,,14,17,3,3,0.6,0.6
2024-08-10T0400,1438A,103.613,31.0283,成都市,灵岩寺,,,,,,,,,,,,,,,,
2024-08-10T0400,2880A,104.0239,30.65639,成都市,大石西路,,27,27,32,3,15,25,,,,19,17,4,4,0.5,0.5
2024-08-10T0400,3136A,104.2725,30.5589,成都市,龙泉驿区区政府,,19,7,27,3,12,60,,,,10,14,4,4,0.3,0.4
2024-08-10T0400,3357A,104.0106,30.6931,成都市,金博路,,18,18,30,3,16,26,,,,12,12,1,2,0.3,0.4
2024-08-10T0400,3359A,104.0578,30.5225,成都市,华阳,,29,29,30,14,22,42,,,,6,9,2,2,0.5,0.6
2024-08-10T0400,3487A,104.2394,30.5319,成都市,车城东七路,,28,28,40,12,19,42,,,,15,16,2,2,0.3,0.4
2024-08-10T0400,3488A,104.3853,30.7453,成都市,青白江技师分院,,16,11,29,11,13,23,,,,24,21,2,2,0.4,0.5
2024-08-10T0400,3489A,104.0789,30.4072,成都市,科学城,,21,21,33,11,20,61,,,,5,11,3,3,0.4,0.5
2024-08-10T0400,4011A,103.8506,30.6947,成都市,光华大道三段,,17,17,35,3,15,42,,,,9,12,2,3,0.3,0.4
2024-08-10T0400,1062A,117.9531,40.9081,承德市,铁路,,27,6,33,3,20,84,,,,7,16,7,8,0.3,0.6
2024-08-10T0400,1063A,117.9392,40.9763,承德市,中国银行,,26,15,35,3,19,81,,,,6,12,4,4,0.3,0.5
2024-08-10T0400,1064A,117.9503,40.928,承德市,开发区,,28,15,34,12,16,88,,,,6,15,8,7,0.3,0.5
2024-08-10T0400,1065A,117.8051,40.9655,承德市,文化中心,,25,7,34,7,19,80,,,,8,11,5,6,0.3,0.5
2024-08-10T0400,1066A,117.9268,41.0026,承德市,离宫,,28,,35,19,30,76,,,,3,7,4,4,0.3,0.6
2024-08-10T0400,2314A,117.47,30.6618,池州市,池州学院,,36,33,33,25,23,55,,,,12,11,5,6,0.9,0.7
2024-08-10T0400,3237A,117.4918,30.6617,池州市,展览馆,,35,33,33,24,24,56,,,,9,10,4,4,0.8,0.7
2024-08-10T0400,3333A,117.5627,30.695,池州市,第八中学,,36,34,37,25,23,46,,,,17,15,5,5,0.7,0.6
2024-08-10T0400,3334A,117.5038,30.6243,池州市,第十二中学,,33,31,34,23,22,46,,,,18,18,5,5,0.9,0.7
2024-08-10T0400,1744A,118.9233,42.2816,赤峰市,松山一中,,29,19,39,3,14,91,,,,10,21,9,11,0.6,0.8
2024-08-10T0400,1745A,118.9576,42.2728,赤峰市,哈达街,,30,24,42,13,19,95,,,,8,12,10,12,0.5,0.7
2024-08-10T0400,1746A,118.8788,42.2554,赤峰市,天义路,,31,,31,20,25,99,,,,7,15,6,7,0.4,0.6
2024-08-10T0400,3058A,119.2658,42.0353,赤峰市,银河街,,28,24,56,18,34,87,,,,9,15,10,15,0.3,0.7
2024-08-10T0400,3286A,118.9359,42.3147,赤峰市,桥北物流园区,,32,19,33,16,24,101,,,,5,21,7,10,0.8,1
2024-08-10T0400,2521A,107.3476,22.4136,崇左市,市环保局江州分局,颗粒物(PM10),52,53,34,27,18,27,,,,16,9,6,7,0.5,0.5
2024-08-10T0400,2522A,107.3702,22.3707,崇左市,城南新区,,45,45,30,24,18,39,,,,15,7,5,5,0.6,0.6
2024-08-10T0400,2298A,118.3093,32.3153,滁州市,老年大学,,36,36,37,25,24,34,,,,24,12,5,7,0.5,0.6
2024-08-10T0400,2299A,118.3244,32.2786,滁州市,人大宾馆,,46,45,47,32,27,90,,,,13,15,6,6,0.7,0.8
2024-08-10T0400,3207A,118.3118,32.3038,滁州市,市政府原办公楼,,39,32,37,27,29,71,,,,16,13,10,9,0.9,0.9
2024-08-10T0400,3331A,118.3267,32.2634,滁州市,图书馆,,48,45,46,33,26,88,,,,11,13,10,7,0.9,0.9
2024-08-10T0400,2605A,101.5482,25.0441,楚雄彝族自治州,州环境监测站,,19,,8,13,6,18,,,,14,5,7,5,0.5,0.5
2024-08-10T0400,2606A,101.538,25.0492,楚雄彝族自治州,市经济开发区,,13,,12,9,7,11,,,,20,6,6,5,0.6,0.5
2024-08-10T0400,2548A,107.5277,31.2827,达州市,达州职业技术学院,,49,49,38,3,15,50,,,,4,11,11,6,0.3,0.5
2024-08-10T0400,2549A,107.5086,31.2186,达州市,市环境监测站,,40,40,37,3,15,58,,,,12,22,12,7,0.3,0.4
2024-08-10T0400,2550A,107.4988,31.2132,达州市,凤凰小区,,39,39,30,12,16,75,,,,8,17,14,9,0.3,0.5
2024-08-10T0400,2551A,107.5082,31.1986,达州市,达县机关宾馆,,31,31,35,13,15,54,,,,14,23,11,5,0.2,0.3
2024-08-10T0400,2552A,107.4644,31.2124,达州市,市政中心,颗粒物(PM10),51,52,36,9,14,76,,,,6,15,14,10,0.4,0.5
2024-08-10T0400,2614A,100.1542,25.7054,大理白族自治州,大理市环境监测站,,16,,34,11,10,29,,,,5,6,3,3,0.5,0.5
2024-08-10T0400,2615A,100.2171,25.5811,大理白族自治州,大理古城,,20,,46,14,8,26,,,,7,7,6,6,0.6,0.6
2024-08-10T0400,1109A,121.612,38.9741,大连市,甘井子,,26,15,20,9,14,82,,,,11,13,7,7,0.6,0.6
2024-08-10T0400,1110A,121.565,38.9511,大连市,周水子,,25,18,22,13,16,77,,,,9,16,8,7,0.5,0.6
2024-08-10T0400,1111A,121.5637,38.8845,大连市,星海三站,,25,19,21,11,15,79,,,,5,6,7,6,0.4,0.5
2024-08-10T0400,1112A,121.6302,38.9117,大连市,青泥洼桥,,25,15,20,14,16,79,,,,6,7,6,7,0.6,0.6
2024-08-10T0400,1113A,121.6251,38.8638,大连市,傅家庄,,21,20,21,10,17,65,,,,7,6,6,6,0.6,0.7
2024-08-10T0400,1114A,121.5213,38.8661,大连市,七贤岭,,25,16,15,12,16,80,,,,9,8,6,6,0.6,0.6
2024-08-10T0400,1115A,121.2529,38.8061,大连市,旅顺,,27,16,16,11,16,86,,,,8,10,8,8,0.3,0.3
2024-08-10T0400,1116A,121.7485,39.1311,大连市,金州,,,13,21,8,16,88,,,,7,8,,7,0.4,0.6
2024-08-10T0400,1117A,121.7811,39.0496,大连市,开发区,,26,20,31,9,18,83,,,,5,13,8,8,0.3,0.4
2024-08-10T0400,1118A,121.9762,39.0631,大连市,双D港,,28,19,30,6,18,89,,,,10,11,5,6,0.4,0.6
2024-08-10T0400,1789A,124.81117,46.03138,大庆市,大同区,,39,,37,27,28,58,,,,10,12,13,9,0.5,0.5
2024-08-10T0400,1790A,125.129,46.533,大庆市,龙凤区,,43,42,44,30,24,49,,,,16,17,5,5,0.5,0.6
2024-08-10T0400,1791A,124.902,46.408,大庆市,红岗区,,34,34,34,19,25,53,,,,8,13,8,8,0.5,0.5
2024-08-10T0400,1792A,125.153,46.586,大庆市,萨尔图区,,35,31,38,24,25,57,,,,13,19,7,6,0.5,0.5
2024-08-10T0400,1793A,124.9042,46.6215,大庆市,让胡路区,颗粒物(PM10),57,63,46,25,23,40,,,,16,24,5,5,0.6,0.5
2024-08-10T0400,3481A,125.141,46.634,大庆市,萨区政府监测点,,47,47,43,21,23,78,,,,7,16,8,8,0.3,0.6
2024-08-10T0400,1721A,113.3819,40.1097,大同市,果树场,,,,,,,,,,,,,,,,
2024-08-10T0400,1723A,113.2994,40.0758,大同市,云冈宾馆,颗粒物(PM10),152,253,61,51,21,86,,,,9,12,8,7,0.5,0.6
2024-08-10T0400,1724A,113.3444,40.0917,大同市,大同大学,颗粒物(PM10),152,254,60,49,19,80,,,,9,9,7,6,0.4,0.5
2024-08-10T0400,1725A,113.2661,40.1269,大同市,安家小村,颗粒物(PM10),174,298,65,47,16,71,,,,14,10,10,8,0.5,0.5
2024-08-10T0400,1726A,113.2711,40.0844,大同市,教育学院,颗粒物(PM10),166,282,67,40,21,77,,,,13,16,10,8,0.4,0.5
2024-08-10T0400,3282A,113.3397,40.0597,大同市,大同市卫生学校,颗粒物(PM10),145,240,62,41,20,80,,,,9,11,8,7,0.4,0.6
2024-08-10T0400,3565A,113.1367,40.1122,大同市,云冈站,颗粒物(PM10),172,293,62,58,18,86,,,,6,11,10,7,0.3,0.4
2024-08-10T0400,3566A,113.1186,40.2556,大同市,图书馆,颗粒物(PM10),152,253,54,51,19,73,,,,13,11,11,8,0.6,0.5
2024-08-10T0400,3567A,113.5931,40.0461,大同市,区一中,颗粒物(PM10),143,236,48,31,12,88,,,,8,10,9,8,0.3,0.5
2024-08-10T0400,3676A,113.2802,40.0995,大同市,第二人民医院,颗粒物(PM10),179,307,72,56,21,87,,,,8,10,10,8,0.4,0.5
2024-08-10T0400,2269A,124.1069,50.4097,大兴安岭地区,科技局,,18,16,16,12,10,12,,,,3,3,3,2,0.1,0.1
2024-08-10T0400,3663A,124.1164,50.4278,大兴安岭地区,红旗社区,,12,,4,8,6,0,,,,7,4,5,5,0.3,0.3
2024-08-10T0400,1600A,124.3303,40.0625,丹东市,江湾东路,,29,27,28,20,21,34,,,,10,11,3,4,0.9,0.7
2024-08-10T0400,1601A,124.4256,40.1503,丹东市,临江后街,,31,31,30,14,16,42,,,,5,8,4,5,0.5,0.6
2024-08-10T0400,1602A,124.3933,40.1461,丹东市,元宝山,,26,25,27,18,17,43,,,,2,6,2,2,0.6,0.7
2024-08-10T0400,1603A,124.3633,40.1092,丹东市,民主桥,,30,30,25,20,15,32,,,,11,9,1,2,0.6,0.6
2024-08-10T0400,3541A,109.5726,19.5167,儋州市,第一中学子站,,12,11,17,6,10,38,,,,3,4,4,4,0.4,0.4
2024-08-10T0400,3542A,109.5567,19.5187,儋州市,东坡学校子站,,14,14,16,8,10,36,,,,2,3,5,6,0.6,0.6
2024-08-10T0400,2616A,98.5842,24.428,德宏傣族景颇族自治州,德宏州监测站,,19,19,20,8,7,12,,,,10,9,14,9,0.7,0.7
2024-08-10T0400,3677A,98.5881,24.4368,德宏傣族景颇族自治州,芒市人民政府综合楼,,22,22,17,8,9,5,,,,8,9,8,10,0.6,0.7
2024-08-10T0400,1901A,104.4239,31.1208,德阳市,东山公园,,34,34,28,13,12,34,,,,18,12,3,2,0.4,0.4
2024-08-10T0400,1902A,104.3826,31.1317,德阳市,西小区,,28,28,30,15,14,21,,,,28,18,3,4,0.6,0.6
2024-08-10T0400,1904A,104.3553,31.1091,德阳市,耐火材料厂,,28,28,30,16,15,27,,,,17,17,4,4,0.6,0.6
2024-08-10T0400,3639A,104.4019,31.1244,德阳市,市教育局,,28,28,28,13,12,36,,,,16,15,3,4,0.5,0.5
2024-08-10T0400,1622A,116.3032,37.4674,德州市,儿童乐园,,25,9,41,9,23,80,,,,4,13,7,8,0.6,0.8
2024-08-10T0400,1624A,116.2991,37.4451,德州市,监理站,,27,,36,14,23,85,,,,6,12,10,10,0.5,0.7
2024-08-10T0400,3066A,116.2721,37.4379,德州市,九衢泉纯净水厂,,25,,37,14,24,79,,,,4,12,8,8,0.5,0.7
2024-08-10T0400,3371A,116.3728,37.4403,德州市,开发区人民医院,,26,12,35,7,20,83,,,,4,11,7,9,0.5,0.8
2024-08-10T0400,3372A,116.3572,37.4094,德州市,太阳城中学,,28,12,33,7,24,88,,,,8,17,8,9,0.5,0.8
2024-08-10T0400,3511A,116.5652,37.3319,德州市,陵城艺术中心,,29,7,34,3,19,90,,,,7,13,6,7,0.5,0.7
2024-08-10T0400,2621A,99.7056,27.8317,迪庆藏族自治州,迪庆州站,,21,12,22,7,11,67,,,,8,10,9,12,0.4,0.5
2024-08-10T0400,3180A,99.7136,27.8094,迪庆藏族自治州,质量技术监督局,,22,14,18,9,9,69,,,,6,10,8,10,0.5,0.5
2024-08-10T0400,2663A,104.6241,35.5734,定西市,东关小学,颗粒物(PM10),77,103,88,29,31,90,,,,9,9,10,9,0.2,0.2
2024-08-10T0400,2664A,104.6194,35.5934,定西市,供电公司,颗粒物(PM10),82,113,86,31,32,70,,,,24,10,7,6,0.2,0.2
2024-08-10T0400,1389A,113.7547,23.0494,东莞市,莞城梨川,,19,19,30,7,14,33,,,,11,16,5,6,0.7,0.6
2024-08-10T0400,1390A,113.7944,23.0128,东莞市,东城石井,,24,24,29,9,15,22,,,,21,16,6,6,0.6,0.6
2024-08-10T0400,1391A,113.7383,22.9658,东莞市,南城西平,,24,24,29,8,13,32,,,,12,15,7,7,0.7,0.7
2024-08-10T0400,3319A,113.7338,23.0381,东莞市,万江金泰,,22,22,29,11,14,32,,,,9,13,4,5,0.7,0.7
2024-08-10T0400,3626A,113.7533,23.0202,东莞市,南城元岭,,21,21,28,8,13,26,,,,11,12,6,6,0.7,0.7
2024-08-10T0400,3627A,113.7875,23.0457,东莞市,东城主山,,21,21,37,9,16,32,,,,7,22,6,7,0.6,0.6
2024-08-10T0400,1666A,118.6614,37.4309,东营市,市环保局,,27,27,25,14,14,80,,,,10,11,8,6,0.2,0.3
2024-08-10T0400,3036A,118.6904,37.4338,东营市,开发区管委会,,35,35,34,14,15,89,,,,7,11,3,5,0.3,0.3
2024-08-10T0400,3365A,118.5719,37.565,东营市,垦利区民丰路,,,34,32,,17,73,,,,6,9,3,7,0.3,0.4
2024-08-10T0400,3498A,118.5055,37.8612,东营市,河口城区,,31,27,27,20,17,99,,,,6,6,4,5,0.8,0.7
2024-08-10T0400,3646A,118.4978,37.4623,东营市,胜利站,,31,31,29,19,14,94,,,,6,11,4,3,0.4,0.4
2024-08-10T0400,3734A,118.35,37.26,东营市,理想之城,,32,29,27,22,21,80,,,,1,4,1,3,0.7,0.7
2024-08-10T0400,1591A,110.0023,39.8129,鄂尔多斯市,综合楼,颗粒物(PM10),85,119,198,24,34,118,,,,4,8,6,7,0.4,0.5
2024-08-10T0400,1592A,109.9486,39.8261,鄂尔多斯市,巴音孟克林场办事处,颗粒物(PM10),76,102,175,24,34,105,,,,5,6,5,6,0.4,0.5
2024-08-10T0400,1593A,109.7736,39.5986,鄂尔多斯市,康泽苑,颗粒物(PM10),126,202,188,61,44,100,,,,4,4,5,5,0.4,0.4
2024-08-10T0400,1594A,109.8119,39.5989,鄂尔多斯市,华泰汽车城,颗粒物(PM10),126,202,179,61,44,96,,,,4,5,4,3,0.7,0.6
2024-08-10T0400,1595A,109.9734,39.7884,鄂尔多斯市,奥林花园,,,,,27,34,107,,,,6,8,5,5,0.5,0.5
2024-08-10T0400,2436A,114.8938,30.3994,鄂州市,市政府,颗粒物(PM10),53,56,42,28,17,74,,,,25,14,8,8,0.8,0.8
2024-08-10T0400,2437A,114.8989,30.3714,鄂州市,赵家坝,颗粒物(PM10),51,51,38,22,15,41,,,,12,8,10,10,0.5,0.4
2024-08-10T0400,3654A,114.8094,30.4089,鄂州市,精准医疗中心,,47,47,37,23,18,31,,,,28,13,10,9,0.8,0.7
2024-08-10T0400,2454A,109.4978,30.2981,恩施土家族苗族自治州,湖北民院,,23,23,26,13,18,30,,,,5,13,7,7,0.7,0.7
2024-08-10T0400,2455A,109.4707,30.2798,恩施土家族苗族自治州,州电力总公司,,38,,29,26,22,20,,,,16,17,6,6,0.5,0.5
2024-08-10T0400,3549A,109.5061,30.3772,恩施土家族苗族自治州,龙凤新区,,28,22,24,19,15,13,,,,13,14,6,6,0.6,0.6
2024-08-10T0400,2499A,108.3411,21.6158,防城港市,沙万,,26,26,24,8,9,44,,,,20,11,6,7,0.6,0.6
2024-08-10T0400,2500A,108.3514,21.7731,防城港市,防城档案局,,18,18,20,7,8,42,,,,6,7,7,6,0.7,0.5
2024-08-10T0400,2501A,108.3506,21.6414,防城港市,大海花园,,28,28,25,8,9,54,,,,7,8,5,5,0.6,0.6
2024-08-10T0400,1371A,113.1294,23.0067,佛山市,湾梁,,23,,18,16,17,43,,,,12,13,6,6,0.7,0.7
2024-08-10T0400,1372A,113.1083,23.0478,佛山市,华材职中,,16,14,21,11,14,46,,,,8,12,5,6,0.4,0.4
2024-08-10T0400,1373A,113.144,23.0453,佛山市,南海气象局,,19,16,25,13,16,42,,,,5,7,7,8,0.4,0.4
2024-08-10T0400,1374A,113.2881,22.8094,佛山市,顺德苏岗,,22,22,17,7,9,34,,,,11,10,9,7,0.5,0.5
2024-08-10T0400,1376A,112.8383,22.8678,佛山市,高明孔堂,,21,21,23,8,14,40,,,,5,6,6,8,0.5,0.5
2024-08-10T0400,1377A,112.8836,23.1588,佛山市,三水监测站,,22,17,24,15,18,36,,,,16,16,4,3,0.4,0.4
2024-08-10T0400,1378A,112.867,23.185,佛山市,三水云东海,,30,30,26,12,17,36,,,,16,15,6,6,0.5,0.5
2024-08-10T0400,3625A,113.2544,22.7642,佛山市,容桂街道办,,12,12,17,7,11,34,,,,13,13,7,6,0.5,0.5
2024-08-10T0400,1280A,119.3903,26.0543,福州市,鼓山,,,,,,,,,,,,,,,,
2024-08-10T0400,1282A,119.2681,26.0504,福州市,师大,,25,25,29,15,16,34,,,,8,9,4,4,0.5,0.5
2024-08-10T0400,1283A,119.2984,26.1028,福州市,五四北路,,,,25,19,18,30,,,,14,14,3,3,0.5,0.5
2024-08-10T0400,1284A,119.2648,26.0768,福州市,杨桥西路,,30,30,29,12,15,25,,,,13,11,3,3,0.4,0.5
2024-08-10T0400,1285A,119.317,26.0746,福州市,紫阳,,26,26,36,18,20,28,,,,14,13,6,6,0.4,0.4
2024-08-10T0400,3048A,119.5799,26.0936,福州市,九龙,,38,33,37,26,26,59,,,,9,7,5,5,0.4,0.4
2024-08-10T0400,3526A,119.5189,25.9664,福州市,吴航,颗粒物(PM10),56,62,47,38,28,97,,,,5,9,5,6,0.6,0.6
2024-08-10T0400,1755A,123.7977,41.8491,抚顺市,望花区,,47,47,62,18,34,19,,,,19,25,8,9,0.7,0.8
2024-08-10T0400,1756A,123.9161,41.8822,抚顺市,顺城区,,28,28,42,15,27,28,,,,17,17,4,4,0.5,0.7
2024-08-10T0400,1757A,124.0436,41.8611,抚顺市,东洲区,,29,29,32,15,23,29,,,,10,7,5,4,0.4,0.5
2024-08-10T0400,1758A,123.9247,41.8642,抚顺市,新抚区,,28,28,44,14,27,23,,,,18,21,7,6,0.6,0.7
2024-08-10T0400,1759A,124.0972,41.8961,抚顺市,大伙房水库,,30,,24,21,23,36,,,,13,9,2,3,0.6,0.8
2024-08-10T0400,1760A,123.7086,41.8391,抚顺市,沈抚新城,,48,48,74,20,31,14,,,,32,25,13,9,1.2,0.8
2024-08-10T0400,2376A,116.2127,28.0814,抚州市,桐源党溪,,35,35,33,24,22,19,,,,9,5,5,6,0.6,0.6
2024-08-10T0400,2377A,116.3544,27.9831,抚州市,市站,,30,28,32,21,20,59,,,,4,5,4,5,0.7,0.7
2024-08-10T0400,2378A,116.3565,27.963,抚州市,血防站,,41,41,35,20,20,54,,,,8,7,3,4,0.7,1
2024-08-10T0400,2379A,116.3564,28.0007,抚州市,采茶剧团,,30,30,33,21,21,64,,,,2,4,6,6,0.8,0.8
2024-08-10T0400,2380A,116.385,27.9647,抚州市,医学分院,,37,37,37,23,19,46,,,,14,9,10,5,0.7,0.5
2024-08-10T0400,2207A,121.6094,41.998,阜新市,工业园区,颗粒物(PM10),56,61,58,26,28,5,,,,49,22,4,9,0.8,1
2024-08-10T0400,2208A,121.6697,42.0279,阜新市,长青街,,45,36,58,31,35,48,,,,12,15,6,10,0.8,1.2
2024-08-10T0400,2209A,121.6673,42.0705,阜新市,农业园区,,45,41,52,31,28,74,,,,10,13,4,7,0.8,1
2024-08-10T0400,2210A,121.6717,42.0224,阜新市,东苑,,46,44,70,32,40,72,,,,12,16,8,13,1.0,1.2
2024-08-10T0400,2211A,121.6506,42.0498,阜新市,玉龙新城,,45,45,54,26,26,37,,,,28,24,4,8,0.7,1
2024-08-10T0400,2301A,115.8277,32.8929,阜阳市,市监测站,,27,27,36,10,19,79,,,,3,9,6,7,0.4,0.4
2024-08-10T0400,2303A,115.8554,32.8605,阜阳市,开发区,,50,50,39,19,17,52,,,,14,10,4,4,0.5,0.5
2024-08-10T0400,2875A,115.784,32.8892,阜阳市,阜阳职业技术学院,,38,38,36,16,16,66,,,,10,8,4,4,0.5,0.5
2024-08-10T0400,3468A,115.7901,32.8613,阜阳市,市规划展馆,,36,36,40,23,24,69,,,,10,10,6,6,0.5,0.6
2024-08-10T0400,3469A,115.836,32.9183,阜阳市,枣园社区,,38,38,38,19,22,75,,,,7,13,4,4,0.5,0.6
2024-08-10T0400,2669A,102.9099,34.9841,甘南藏族自治州,州政府,,48,48,35,23,16,97,,,,2,6,5,6,0.2,0.2
2024-08-10T0400,3380A,102.8914,34.9617,甘南藏族自治州,甘肃民族师范学院,,45,45,34,27,13,97,,,,3,10,11,10,0.4,0.4
2024-08-10T0400,2570A,101.9603,30.0475,甘孜藏族自治州,水桥子,,25,6,17,3,10,78,,,,5,13,4,4,0.2,0.4
2024-08-10T0400,3065A,101.9533,29.9972,甘孜藏族自治州,州环保局,,19,7,20,3,5,58,,,,19,22,2,2,0.2,0.3
2024-08-10T0400,3414A,115.8347,28.932,赣江新区,桑海产业园,颗粒物(PM10),52,53,36,24,19,28,,,,36,22,15,15,0.5,0.5
2024-08-10T0400,2362A,114.9017,25.9149,赣州市,通天岩,,,,,,,,,,,,,,,,
2024-08-10T0400,2363A,114.9367,25.8664,赣州市,地委,,36,34,32,25,21,77,,,,10,11,15,12,1.3,1.3
2024-08-10T0400,2364A,114.9461,25.8481,赣州市,气象台,,36,33,34,25,20,82,,,,6,8,10,10,0.8,0.8
2024-08-10T0400,2365A,114.9322,25.8333,赣州市,市图书馆,,36,30,30,25,19,79,,,,9,8,4,4,0.9,0.8
2024-08-10T0400,2366A,114.8905,25.8471,赣州市,华坚鞋城,,38,38,38,24,22,72,,,,9,9,1,2,0.7,0.7
2024-08-10T0400,3109A,115.0093,25.8613,赣州市,赣县区卫计委,,32,32,33,20,19,37,,,,19,18,10,10,0.8,0.8
2024-08-10T0400,2683A,106.2319,36.1417,固原市,马园,,,,186,,36,,,108,,,9,,5,,0.4
2024-08-10T0400,2684A,106.2792,36.0022,固原市,监测站,颗粒物(PM10),500,750,328,206,78,100,,,,4,7,6,6,0.4,0.4
2024-08-10T0400,2685A,106.2375,36.0211,固原市,新区,颗粒物(PM10),500,775,298,198,76,94,,,,1,5,7,6,0.2,0.3
2024-08-10T0400,3522A,106.2177,35.9959,固原市,原州区十五小,颗粒物(PM10),500,771,284,190,71,101,,,,3,5,3,3,0.3,0.3
2024-08-10T0400,2543A,106.6308,30.5278,广安市,小平旧居,,,,,,,,,,,,,,,,
2024-08-10T0400,2544A,106.6303,30.4576,广安市,市委,,28,23,27,19,16,51,,,,12,11,7,9,0.4,0.3
2024-08-10T0400,2545A,106.6271,30.4663,广安市,友谊中学,,24,24,24,16,15,58,,,,12,13,5,6,0.4,0.4
2024-08-10T0400,2547A,106.6388,30.4551,广安市,广电花园,,21,21,23,14,15,46,,,,11,10,7,8,0.4,0.4
2024-08-10T0400,2902A,106.6351,30.4865,广安市,北辰小学,,25,22,27,17,16,60,,,,9,9,7,7,0.3,0.3
2024-08-10T0400,2523A,105.8945,32.4535,广元市,黑石坡,,47,47,40,9,14,24,,,,8,9,7,6,0.3,0.3
2024-08-10T0400,2524A,105.821,32.4444,广元市,老城,颗粒物(PM10),63,75,65,19,20,56,,,,3,17,1,2,0.3,0.4
2024-08-10T0400,2526A,105.8628,32.4287,广元市,监测站,颗粒物(PM10),52,54,53,12,23,53,,,,6,14,1,2,0.4,0.5
2024-08-10T0400,3617A,105.8047,32.4166,广元市,经开区,颗粒物(PM10),82,114,68,38,25,22,,,,20,19,7,4,0.5,0.5
2024-08-10T0400,1345A,113.2347,23.1423,广州市,广雅中学,,25,25,34,10,18,48,,,,11,17,4,5,0.4,0.5
2024-08-10T0400,1346A,113.2612,23.105,广州市,市五中,,16,16,30,8,19,47,,,,8,14,4,4,0.6,0.6
2024-08-10T0400,1348A,113.3478,23.0916,广州市,广东商学院,,20,20,29,10,17,32,,,,16,18,4,4,0.6,0.6
2024-08-10T0400,1349A,113.4332,23.1047,广州市,市八十六中,,26,26,30,11,14,20,,,,23,20,3,3,0.4,0.4
2024-08-10T0400,1350A,113.3505,22.9483,广州市,番禺中学,,21,21,24,10,13,38,,,,14,13,5,4,0.4,0.4
2024-08-10T0400,1351A,113.2146,23.3916,广州市,花都师范,,19,19,34,9,19,35,,,,12,17,5,8,0.5,0.5
2024-08-10T0400,1352A,113.2597,23.1331,广州市,市监测站,,16,16,28,8,15,43,,,,9,16,4,5,0.7,0.7
2024-08-10T0400,1353A,113.5618,23.312,广州市,九龙镇镇龙,,27,27,36,13,17,19,,,,24,24,8,8,0.6,0.6
2024-08-10T0400,1354A,113.2765,23.1544,广州市,麓湖,,18,18,30,8,15,48,,,,9,16,4,5,0.4,0.5
2024-08-10T0400,1355A,113.443,23.3035,广州市,帽峰山森林公园,,20,20,26,12,14,28,,,,19,19,5,5,0.6,0.6
2024-08-10T0400,2846A,113.3221,23.1322,广州市,体育西,,18,18,30,6,18,41,,,,6,11,5,5,0.5,0.5
2024-08-10T0400,3298A,113.5717,23.5491,广州市,从化街口,,31,31,33,11,20,19,,,,24,21,8,7,0.6,0.6
2024-08-10T0400,3299A,113.3472,23.3692,广州市,白云竹料,,21,21,40,10,18,37,,,,16,25,4,5,0.5,0.6
2024-08-10T0400,3300A,113.2981,23.237,广州市,白云嘉禾,,17,17,32,6,15,42,,,,16,23,6,7,0.7,0.7
2024-08-10T0400,3301A,113.4256,23.1716,广州市,黄埔科学城,,28,28,34,12,16,28,,,,20,22,9,8,0.5,0.5
2024-08-10T0400,3302A,113.3942,23.0483,广州市,番禺大学城,,31,31,31,11,13,33,,,,10,13,7,7,0.5,0.5
2024-08-10T0400,3303A,113.4922,22.8168,广州市,南沙黄阁,,23,23,30,13,13,26,,,,21,19,5,5,0.6,0.7
2024-08-10T0400,3304A,113.5342,22.7896,广州市,南沙街,,29,29,31,13,14,20,,,,17,14,3,4,0.8,0.7
2024-08-10T0400,3443A,113.2902,23.5544,广州市,花都梯面,,26,26,35,12,20,26,,,,18,20,4,5,0.5,0.6
2024-08-10T0400,3445A,113.7858,23.7478,广州市,从化良口,,25,25,32,16,23,21,,,,20,12,5,6,0.8,0.8
2024-08-10T0400,3446A,113.8051,23.2614,广州市,增城荔城,,28,28,36,11,19,23,,,,20,18,6,7,0.5,0.5
2024-08-10T0400,2505A,109.568,23.1478,贵港市,德智高中,,,,,,,,,,,,,,,,
2024-08-10T0400,2506A,109.6047,23.0666,贵港市,江南子站,,24,24,25,14,16,31,,,,11,7,7,7,0.6,0.6
2024-08-10T0400,2507A,109.6014,23.0948,贵港市,贵城子站,,26,25,29,18,16,40,,,,9,8,7,7,0.6,0.6
2024-08-10T0400,2508A,109.5669,23.1065,贵港市,荷城子站,,17,17,24,3,7,47,,,,6,6,9,9,0.4,0.4
2024-08-10T0400,3405A,109.5886,23.1172,贵港市,新世纪学校,,19,19,25,8,13,49,,,,2,4,8,8,0.6,0.6
2024-08-10T0400,1439A,106.6899,26.5998,贵阳市,马鞍山,,20,14,14,3,1,62,,,,2,4,9,6,0.5,0.5
2024-08-10T0400,1440A,106.6971,26.5694,贵阳市,市环保站,,25,,27,17,17,59,,,,4,14,4,4,0.2,0.2
2024-08-10T0400,1441A,106.6243,26.6266,贵阳市,鉴湖路,,19,19,18,7,9,49,,,,5,6,7,5,0.4,0.4
2024-08-10T0400,1442A,106.7487,26.6343,贵阳市,燕子冲,,18,,12,12,13,50,,,,6,7,5,6,0.5,0.5
2024-08-10T0400,1443A,106.6555,26.4365,贵阳市,碧云窝,,29,29,25,9,8,48,,,,9,10,15,9,0.4,0.3
2024-08-10T0400,1444A,106.694,26.5161,贵阳市,中院村,,17,17,22,7,12,51,,,,8,12,5,6,0.4,0.4
2024-08-10T0400,1445A,106.7109,26.6027,贵阳市,红边门,,32,,22,22,22,56,,,,7,13,3,5,0.4,0.3
2024-08-10T0400,1446A,106.7164,26.5699,贵阳市,新华路,,20,,13,14,12,53,,,,9,10,6,6,0.5,0.7
2024-08-10T0400,1447A,106.674,26.5424,贵阳市,太慈桥,,18,,13,7,8,55,,,,5,7,7,9,0.3,0.3
2024-08-10T0400,1552A,106.805,26.3003,贵阳市,桐木岭,,,,,,,,,,,,,,,,
2024-08-10T0400,1862A,110.4144,25.3167,桂林市,电子科大尧山校区,,29,29,31,14,15,15,,,,11,8,13,11,0.5,0.5
2024-08-10T0400,1863A,110.2819,25.2697,桂林市,监测站,,21,21,25,14,14,32,,,,10,8,7,6,0.6,0.5
2024-08-10T0400,1864A,110.3089,25.2708,桂林市,龙隐路小学,,19,17,23,13,14,37,,,,8,7,8,6,0.4,0.4
2024-08-10T0400,1865A,110.2869,25.2178,桂林市,八中,,23,23,23,11,10,26,,,,12,8,8,6,0.6,0.4
2024-08-10T0400,3403A,110.1764,25.2381,桂林市,创业大厦,,20,17,18,14,11,36,,,,6,6,6,6,0.3,0.3
2024-08-10T0400,3531A,110.296,25.1253,桂林市,旅游学院,,13,12,15,9,13,25,,,,12,7,6,7,0.3,0.3
2024-08-10T0400,2674A,100.2561,34.4714,果洛藏族自治州,玛沁县大武镇,,34,24,28,10,11,107,,,,2,3,8,7,0.4,0.4
2024-08-10T0400,1129A,126.5422,45.755,哈尔滨市,岭北,,44,44,28,24,18,16,,,,48,19,10,8,0.6,0.8
2024-08-10T0400,1130A,126.561,45.8167,哈尔滨市,松北商大,颗粒物(PM10),102,154,36,17,12,7,,,,40,21,8,7,0.7,0.6
2024-08-10T0400,1131A,126.979,45.5419,哈尔滨市,阿城会宁,,50,50,33,20,14,3,,,,33,16,4,7,0.6,0.5
2024-08-10T0400,1132A,126.599,45.7222,哈尔滨市,南岗学府路,颗粒物(PM10),65,80,42,24,13,3,,,,48,19,8,8,0.6,0.5
2024-08-10T0400,1133A,126.689,45.7733,哈尔滨市,太平宏伟公园,颗粒物(PM10),52,54,46,15,17,8,,,,36,24,8,9,0.5,0.6
2024-08-10T0400,1134A,126.635,45.7667,哈尔滨市,道外承德广场,颗粒物(PM10),56,61,35,7,14,9,,,,46,27,9,9,1.0,0.8
2024-08-10T0400,1135A,126.685,45.7319,哈尔滨市,香坊红旗大街,颗粒物(PM10),53,56,43,19,19,11,,,,42,28,6,7,0.7,0.7
2024-08-10T0400,1136A,126.6411,45.7258,哈尔滨市,动力和平路,,,68,39,,17,6,,,,50,24,9,8,0.6,0.6
2024-08-10T0400,1137A,126.593,45.7478,哈尔滨市,道里建国路,颗粒物(PM10),65,79,37,24,17,4,,,,58,24,15,11,3.2,0.9
2024-08-10T0400,1138A,126.615,45.61,哈尔滨市,平房东轻厂,,47,47,42,14,13,20,,,,29,28,7,6,0.5,0.4
2024-08-10T0400,1139A,126.595,45.9855,哈尔滨市,呼兰师专,,39,39,32,14,16,15,,,,47,18,9,8,0.6,0.5
2024-08-10T0400,1140A,126.6206,45.6842,哈尔滨市,省农科院,颗粒物(PM10),54,58,41,21,16,5,,,,42,32,10,7,0.7,0.6
2024-08-10T0400,2688A,93.5128,42.8172,哈密市,地区监测站,,34,34,30,12,14,76,,,,20,13,3,3,0.3,0.3
2024-08-10T0400,2689A,93.4961,42.8328,哈密市,哈密师范学校,,37,37,31,10,10,68,,,,20,13,5,4,0.5,0.5
2024-08-10T0400,2671A,100.9048,36.9639,海北藏族自治州,海晏县西海镇,,24,15,32,14,14,76,,,,5,5,12,12,0.3,0.3
2024-08-10T0400,3867A,102.0738,36.5056,海东市,平安区公安北苑,,,32,41,19,17,58,,,,1,8,,10,0.4,0.6
2024-08-10T0400,1409A,110.576,19.9507,海口市,东寨港,,,,,,,,,,,,,,,,
2024-08-10T0400,1410A,110.3232,20.0574,海口市,海南大学,,37,37,26,20,14,32,,,,10,11,5,5,0.5,0.5
2024-08-10T0400,1411A,110.283,20.0053,海口市,秀英海南医院,,40,40,27,20,15,22,,,,15,15,6,7,0.4,0.3
2024-08-10T0400,1412A,110.338,19.9969,海口市,海南师范大学,,37,37,28,21,16,26,,,,9,10,7,7,0.6,0.5
2024-08-10T0400,1413A,110.33,20.0356,海口市,龙华路环保局宿舍,,35,35,26,18,14,30,,,,10,10,8,8,0.4,0.3
2024-08-10T0400,3539A,110.5111,19.9736,海口市,桂林洋子站,,32,32,27,13,12,29,,,,8,7,6,6,0.4,0.3
2024-08-10T0400,2673A,100.6188,36.2866,海南藏族自治州,共和县恰卜恰镇,,37,19,33,3,10,117,,,,5,8,10,13,0.8,0.6
2024-08-10T0400,2676A,97.3731,37.3753,海西蒙古族藏族自治州,德令哈市,,29,10,22,10,11,92,,,,11,11,8,9,0.1,0.4
2024-08-10T0400,1048A,114.5302,36.6116,邯郸市,东污水处理厂,,32,32,25,12,13,48,,,,8,4,1,1,0.6,0.4
2024-08-10T0400,1049A,114.4918,36.5713,邯郸市,矿院,,38,38,29,12,18,43,,,,10,7,1,1,0.2,0.1
2024-08-10T0400,1050A,114.484,36.6133,邯郸市,丛台公园,,43,43,26,16,16,32,,,,15,6,2,2,0.8,0.5
2024-08-10T0400,3458A,114.7895,36.5593,邯郸市,香泉濮院小区,,44,44,36,21,17,38,,,,6,4,3,2,0.6,0.5
2024-08-10T0400,3579A,114.50634,36.77178,邯郸市,永年区实验高中,颗粒物(PM10),55,59,38,19,23,59,,,,6,6,5,2,1.3,0.9
2024-08-10T0400,3580A,114.20016,36.44293,邯郸市,峰峰矿区临水派出所,颗粒物(PM10),60,70,30,19,17,69,,,,2,4,3,2,0.2,0.3
2024-08-10T0400,2634A,106.9893,33.1842,汉中市,汉川机床厂子校,,33,33,24,10,8,20,,,,10,7,3,4,0.5,0.6
2024-08-10T0400,2635A,107.0154,33.0706,汉中市,市监测站,,36,36,30,18,14,11,,,,13,9,6,6,0.7,0.8
2024-08-10T0400,2636A,107.0089,33.1138,汉中市,鑫源开发区,,42,42,31,15,12,14,,,,18,10,11,9,0.6,0.6
2024-08-10T0400,2637A,107.007,33.0323,汉中市,南郑大河坎水厂,,31,31,24,15,11,12,,,,6,7,7,8,0.6,0.6
2024-08-10T0400,1223A,120.2072,30.2111,杭州市,滨江,,48,48,49,28,27,51,,,,24,19,5,5,0.8,0.7
2024-08-10T0400,1224A,120.0633,30.2747,杭州市,西溪,颗粒物(PM10),52,54,39,31,26,41,,,,28,22,6,5,0.7,0.7
2024-08-10T0400,1226A,120.3461,30.3153,杭州市,下沙,颗粒物(PM10),55,60,55,30,28,70,,,,24,24,9,8,0.7,0.6
2024-08-10T0400,1227A,120.1269,30.2456,杭州市,卧龙桥,,49,45,37,34,27,27,,,,30,21,5,5,0.8,0.7
2024-08-10T0400,1228A,120.1903,30.2692,杭州市,浙江农大,细颗粒物(PM2.5),53,48,38,37,26,54,,,,31,25,7,7,0.8,0.8
2024-08-10T0400,1230A,120.1197,30.3119,杭州市,和睦小学,,46,46,36,24,23,58,,,,31,24,6,6,0.8,0.7
2024-08-10T0400,1231A,120.3019,30.4183,杭州市,临平镇,颗粒物(PM10),62,73,53,32,22,62,,,,26,21,5,5,0.8,0.7
2024-08-10T0400,1232A,120.2697,30.1819,杭州市,城厢镇,,43,40,46,30,29,69,,,,16,16,5,6,0.7,0.6
2024-08-10T0400,1233A,120.0883,30.1808,杭州市,云栖,颗粒物(PM10),52,53,41,27,24,8,,,,48,33,7,7,0.9,0.8
2024-08-10T0400,3557A,119.9464,30.0494,杭州市,镇二中,,36,31,34,25,26,61,,,,26,21,9,8,1.0,0.8
2024-08-10T0400,3558A,119.7183,30.2367,杭州市,市府大楼,,33,30,30,23,22,54,,,,18,13,5,5,0.7,0.6
2024-08-10T0400,3656A,120.1556,30.2864,杭州市,消防大队,"颗粒物(PM10),细颗粒物(PM2.5)",54,58,43,38,28,44,,,,51,21,8,7,0.9,0.8
2024-08-10T0400,1270A,117.1959,31.7848,合肥市,明珠广场,,45,34,41,31,26,61,,,,22,15,6,7,0.5,0.5
2024-08-10T0400,1271A,117.3072,31.8764,合肥市,三里街,,36,36,41,24,25,51,,,,30,21,7,7,0.5,0.5
2024-08-10T0400,1272A,117.2588,31.8707,合肥市,琥珀山庄,,43,36,43,30,29,70,,,,16,12,5,5,0.6,0.6
2024-08-10T0400,1273A,117.1604,31.9052,合肥市,董铺水库,,39,39,36,22,22,58,,,,18,11,2,3,0.4,0.4
2024-08-10T0400,1274A,117.25,31.8571,合肥市,长江中路,,41,41,47,28,28,72,,,,14,13,7,7,0.6,0.7
2024-08-10T0400,1275A,117.266,31.9436,合肥市,庐阳区,,34,34,38,22,25,81,,,,14,14,4,5,0.4,0.4
2024-08-10T0400,1276A,117.336,31.8586,合肥市,瑶海区,,42,41,45,29,25,52,,,,28,21,4,4,0.6,0.5
2024-08-10T0400,1277A,117.3027,31.7964,合肥市,包河区,,45,41,40,31,27,58,,,,18,12,11,10,0.5,0.5
2024-08-10T0400,1278A,117.2776,31.7385,合肥市,滨湖新区,,35,34,34,24,24,63,,,,20,9,8,8,0.5,0.5
2024-08-10T0400,1279A,117.1318,31.8403,合肥市,高新区,,36,36,36,20,22,58,,,,19,12,8,8,0.6,0.6
2024-08-10T0400,3464A,117.3803,31.9147,合肥市,高教基地,,40,31,38,28,23,63,,,,11,13,8,8,0.5,0.4
2024-08-10T0400,3614A,79.924,37.0877,和田地区,地区环保局,颗粒物(PM10),75,100,133,20,32,94,,,,14,11,6,7,0.4,0.4
2024-08-10T0400,3615A,79.9131,37.113,和田地区,市环保局,颗粒物(PM10),60,69,143,20,31,26,,,,58,20,8,7,0.4,0.4
2024-08-10T0400,2516A,108.2011,24.715,河池市,东仁乐园,,34,34,35,19,26,49,,,,9,9,8,8,0.6,0.6
2024-08-10T0400,2517A,108.0497,24.6947,河池市,市环保站,,24,24,26,16,17,53,,,,8,8,11,9,0.5,0.5
2024-08-10T0400,2518A,108.0983,24.6989,河池市,市疾控中心,,26,26,30,16,17,42,,,,16,15,9,9,0.6,0.6
2024-08-10T0400,1696A,114.6778,23.7569,河源市,源西,,26,24,41,18,30,26,,,,21,18,4,4,0.3,0.3
2024-08-10T0400,1697A,114.6944,23.7586,河源市,东埔,,27,27,39,15,26,26,,,,20,18,8,8,0.7,0.7
2024-08-10T0400,1698A,114.6892,23.7233,河源市,老城,,35,35,44,10,21,27,,,,19,16,5,5,0.5,0.5
2024-08-10T0400,1718A,115.4208,35.2464,菏泽市,气象局,,22,15,32,9,18,68,,,,8,5,3,3,0.2,0.3
2024-08-10T0400,1719A,115.4747,35.2375,菏泽市,市政协,,23,17,30,16,23,64,,,,4,5,4,4,0.2,0.3
2024-08-10T0400,3374A,115.5564,35.0891,菏泽市,定陶老年大学,,21,12,28,3,13,67,,,,3,5,4,4,0.2,0.3
2024-08-10T0400,3647A,115.4702,35.2706,菏泽市,菏泽医专,,25,17,29,6,14,80,,,,5,6,3,2,0.3,0.3
2024-08-10T0400,2514A,111.5264,24.4172,贺州市,环保小区,,33,29,30,23,18,43,,,,17,11,9,7,0.6,0.6
2024-08-10T0400,2515A,111.5608,24.4078,贺州市,政协大楼,,44,44,34,30,22,35,,,,21,14,9,7,0.6,0.6
2024-08-10T0400,3534A,111.4744,24.4553,贺州市,西湾,,38,,28,26,18,28,,,,20,13,8,8,0.8,0.6
2024-08-10T0400,2385A,114.17,35.9019,鹤壁市,市监测站,颗粒物(PM10),54,57,30,22,22,62,,,,12,12,6,5,0.5,0.7
2024-08-10T0400,2386A,114.2956,35.7511,鹤壁市,市交警支队,,39,39,27,10,20,18,,,,22,12,3,2,0.7,0.6
2024-08-10T0400,2387A,114.2878,35.7306,鹤壁市,迎宾馆,,33,33,21,18,17,20,,,,20,10,4,3,0.7,0.6
2024-08-10T0400,3474A,114.2617,35.6822,鹤壁市,大新区,,,33,25,,,10,,,,28,12,4,2,0.7,0.6
2024-08-10T0400,3596A,114.1572,35.9603,鹤壁市,南山宾馆,颗粒物(PM10),69,88,32,40,23,75,,,,6,8,4,3,0.3,0.3
2024-08-10T0400,2244A,130.2537,47.3416,鹤岗市,哈啤分公司,,20,20,22,12,13,27,,,,5,8,11,12,0.3,0.4
2024-08-10T0400,2245A,130.2684,47.3086,鹤岗市,斯达机电,,14,14,23,8,12,26,,,,9,11,13,13,0.3,0.4
2024-08-10T0400,2246A,130.3114,47.3388,鹤岗市,东山纸板厂,,16,16,20,8,16,22,,,,7,12,14,15,0.4,0.5
2024-08-10T0400,2247A,130.1097,47.3382,鹤岗市,五号水库,,12,6,6,3,5,36,,,,4,5,11,11,0.4,0.4
2024-08-10T0400,2263A,127.4833,50.2524,黑河市,交通局,,16,16,20,10,11,27,,,,3,13,5,6,0.4,0.4
2024-08-10T0400,2264A,127.5144,50.2341,黑河市,环保局,,19,14,17,13,13,28,,,,2,8,3,6,0.1,0.2
2024-08-10T0400,2265A,127.5291,50.2472,黑河市,大黑河岛,,,,7,13,14,,,,,5,11,1,3,,
2024-08-10T0400,1074A,115.6838,37.7541,衡水市,电机北厂,,21,,17,8,15,66,,,,4,6,2,2,0.4,0.1
2024-08-10T0400,1075A,115.6303,37.7316,衡水市,市监测站,,21,20,30,3,19,66,,,,8,10,3,4,0.4,0.4
2024-08-10T0400,3188A,115.6683,37.7217,衡水市,市城管局,,22,,30,15,23,65,,,,3,7,5,5,0.4,0.5
2024-08-10T0400,3459A,115.5989,37.5491,衡水市,地表水厂,,24,24,34,7,18,58,,,,1,6,9,8,0.4,0.5
2024-08-10T0400,2456A,112.5003,26.9167,衡阳市,原169医院,,23,21,27,16,15,47,,,,8,11,10,10,0.5,0.5
2024-08-10T0400,2457A,112.6194,26.9258,衡阳市,衡阳化工总厂,,,56,35,,,6,,,,28,10,18,10,0.7,0.6
2024-08-10T0400,2458A,112.6211,26.8956,衡阳市,珠晖区环保局,,,34,31,,,41,,,,19,8,17,15,1.1,0.6
2024-08-10T0400,2459A,112.6197,26.8733,衡阳市,市委党校,,32,32,32,18,16,41,,,,13,9,17,12,0.6,0.6
2024-08-10T0400,2460A,112.6006,26.8919,衡阳市,市监测站,,49,40,32,34,24,44,,,,16,10,15,17,0.8,0.7
2024-08-10T0400,2461A,112.5664,26.9056,衡阳市,真空机电公司,,24,24,30,16,18,60,,,,4,9,7,12,0.6,0.7
2024-08-10T0400,3399A,112.6703,26.882,衡阳市,师范学院,,38,38,39,19,18,31,,,,12,9,11,8,0.7,0.6
2024-08-10T0400,2608A,103.3772,23.3993,红河哈尼族彝族自治州,污水处理厂,,16,16,10,8,8,15,,,,10,6,8,6,0.4,0.4
2024-08-10T0400,2609A,103.3861,23.35,红河哈尼族彝族自治州,监测站,,15,10,12,10,9,22,,,,6,6,7,8,0.4,0.4
2024-08-10T0400,3038A,103.3758,23.368,红河哈尼族彝族自治州,州图书馆,,10,10,10,6,5,22,,,,5,5,20,6,0.4,0.4
2024-08-10T0400,1090A,111.6507,40.7517,呼和浩特市,呼市一监,颗粒物(PM10),162,273,99,62,23,59,,,,13,7,18,10,0.5,0.5
2024-08-10T0400,1091A,111.6572,40.8033,呼和浩特市,小召,颗粒物(PM10),173,295,95,62,20,77,,,,11,12,9,9,0.2,0.3
2024-08-10T0400,1094A,111.7516,40.8369,呼和浩特市,如意水处理厂,颗粒物(PM10),167,283,79,58,20,75,,,,10,12,6,6,0.4,0.5
2024-08-10T0400,1095A,111.7276,40.8062,呼和浩特市,二十九中,颗粒物(PM10),166,282,86,67,27,74,,,,14,11,9,5,0.6,0.7
2024-08-10T0400,1096A,111.5512,40.7866,呼和浩特市,工大金川校区,颗粒物(PM10),157,263,79,64,24,74,,,,10,13,10,6,0.4,0.5
2024-08-10T0400,1097A,111.717,40.7612,呼和浩特市,化肥厂生活区,颗粒物(PM10),178,306,98,58,24,77,,,,10,9,10,7,0.5,0.6
2024-08-10T0400,3698A,111.5968,40.8178,呼和浩特市,红旗小学,颗粒物(PM10),162,273,85,63,23,74,,,,10,15,5,4,0.3,0.4
2024-08-10T0400,3699A,111.6518,40.8389,呼和浩特市,海东办,颗粒物(PM10),179,307,90,63,22,80,,,,9,12,3,3,0.6,0.7
2024-08-10T0400,2192A,119.7594,49.2261,呼伦贝尔市,区环保局,,36,33,45,25,26,27,,,,16,22,7,4,0.4,0.5
2024-08-10T0400,3061A,119.7512,49.1577,呼伦贝尔市,国华电力东,,38,26,31,26,23,33,,,,6,9,3,4,0.3,0.3
2024-08-10T0400,1250A,120.0751,30.8669,湖州市,城西水厂,颗粒物(PM10),52,53,47,30,30,37,,,,21,15,4,4,0.7,0.7
2024-08-10T0400,2873A,120.0875,30.8955,湖州市,仁皇山新区,,49,49,45,32,31,38,,,,30,19,7,6,0.8,0.7
2024-08-10T0400,2907A,120.1844,30.8596,湖州市,吴兴区站,,46,46,44,25,27,23,,,,30,21,7,7,0.6,0.6
2024-08-10T0400,3562A,120.4148,30.8538,湖州市,南浔区站,,36,36,40,25,28,42,,,,19,17,4,4,0.6,0.7
2024-08-10T0400,1607A,120.9092,40.7136,葫芦岛市,龙港区,,28,28,59,8,23,62,,,,6,12,3,4,0.3,0.8
2024-08-10T0400,1608A,120.8392,40.7514,葫芦岛市,化工街,,20,14,48,12,31,64,,,,8,18,6,10,0.3,0.8
2024-08-10T0400,1609A,120.8341,40.7073,葫芦岛市,新区,,26,26,41,8,22,59,,,,6,17,8,8,0.4,0.8
2024-08-10T0400,1610A,120.8695,40.7677,葫芦岛市,东城区,,23,20,49,8,26,73,,,,7,20,4,11,0,0.5
2024-08-10T0400,2482A,109.5981,27.5721,怀化市,林科所,,21,21,22,8,8,54,,,,5,5,6,5,0.2,0.3
2024-08-10T0400,2483A,109.9453,27.5444,怀化市,河西地税局,,25,19,21,17,17,54,,,,4,4,8,8,0.5,0.5
2024-08-10T0400,2484A,109.9781,27.5342,怀化市,市四医院,,37,37,29,20,17,39,,,,16,8,6,5,0.6,0.6
2024-08-10T0400,2485A,109.9972,27.5578,怀化市,监测楼,,31,31,24,20,15,50,,,,12,7,9,7,0.6,0.5
2024-08-10T0400,2486A,110.0394,27.583,怀化市,市委党校,细颗粒物(PM2.5),57,,22,40,18,50,,,,10,7,10,9,0.7,0.6
2024-08-10T0400,1210A,119.036,33.5981,淮安市,钵池山,,33,27,30,23,21,66,,,,19,14,8,7,0.8,0.7
2024-08-10T0400,1211A,119.007,33.575,淮安市,北京南路,,38,31,34,26,21,57,,,,15,11,9,8,0.7,0.7
2024-08-10T0400,1212A,118.989,33.6067,淮安市,市监测站,,32,31,38,22,27,69,,,,20,18,7,7,0.9,0.9
2024-08-10T0400,1213A,119.135,33.5039,淮安市,楚州区监测站,,46,46,46,25,22,30,,,,34,16,7,5,0.7,0.7
2024-08-10T0400,1214A,119.0186,33.6297,淮安市,淮阴区监测站,,41,41,42,27,23,80,,,,19,19,5,4,0.9,0.7
2024-08-10T0400,3426A,118.8755,33.2894,淮安市,新华书店,,45,35,38,31,28,77,,,,16,16,7,6,0.8,0.7
2024-08-10T0400,2282A,116.8004,33.975,淮北市,监测站,,38,38,42,24,24,77,,,,12,8,5,5,0.7,0.7
2024-08-10T0400,2283A,116.8091,33.9007,淮北市,烈山区政府,,49,49,47,26,27,59,,,,20,10,6,7,0.7,0.8
2024-08-10T0400,3330A,116.8873,33.9836,淮北市,杜集区检察院,颗粒物(PM10),53,56,48,30,30,93,,,,9,7,2,2,0.7,0.7
2024-08-10T0400,4017A,116.7923,33.9535,淮北市,市博物馆,,38,38,41,24,26,75,,,,19,12,4,4,0.7,0.7
2024-08-10T0400,2277A,116.8305,32.7727,淮南市,潘集区政府,,49,49,45,26,25,45,,,,21,14,6,5,0.5,0.6
2024-08-10T0400,2278A,117.0067,32.6524,淮南市,师范学院,,39,39,43,23,19,65,,,,10,7,8,7,0.0,0.1
2024-08-10T0400,2279A,116.8569,32.5951,淮南市,谢家集区政府,,28,28,37,15,15,40,,,,22,18,6,8,0.4,0.5
2024-08-10T0400,2280A,116.8281,32.633,淮南市,八公山区政府,,49,49,45,26,26,46,,,,17,12,8,5,0.4,0.5
2024-08-10T0400,2281A,116.6325,32.6201,淮南市,焦岗湖风景区管理处,,34,34,27,11,14,30,,,,10,9,8,8,0.3,0.3
2024-08-10T0400,2894A,117.0566,32.6531,淮南市,经济技术开发区消防队,,32,32,33,18,16,58,,,,15,11,5,5,0.4,0.5
2024-08-10T0400,3329A,117.0108,32.5893,淮南市,山南新区,颗粒物(PM10),53,55,49,24,20,55,,,,20,13,6,5,0.5,0.6
2024-08-10T0400,2446A,114.9028,30.4742,黄冈市,职工中心,细颗粒物(PM2.5),53,50,51,37,26,68,,,,21,19,11,14,0.5,0.5
2024-08-10T0400,2929A,114.8858,30.4519,黄冈市,红卫路,颗粒物(PM10),54,57,42,36,24,62,,,,23,16,12,11,0.5,0.5
2024-08-10T0400,3398A,114.9136,30.4445,黄冈市,市林业局,细颗粒物(PM2.5),59,57,41,42,25,56,,,,26,16,9,9,0.4,0.5
2024-08-10T0400,2672A,102.0199,35.5102,黄南藏族自治州,同仁县隆务镇,,38,38,43,17,11,81,,,,1,1,8,8,0.3,0.3
2024-08-10T0400,2295A,118.2903,29.6963,黄山市,延安路89号,,44,44,44,10,16,20,,,,12,8,4,4,0.5,0.6
2024-08-10T0400,2296A,118.327,29.7178,黄山市,黄山东路89号,,26,26,28,8,13,21,,,,8,6,6,6,0.4,0.4
2024-08-10T0400,2297A,118.1371,30.2756,黄山市,黄山区政府5号楼,,22,22,26,11,15,8,,,,9,6,6,6,0.3,0.4
2024-08-10T0400,2423A,115.0601,30.2313,黄石市,沈家营,颗粒物(PM10),56,61,43,23,17,51,,,,24,17,10,18,0.5,0.5
2024-08-10T0400,2424A,115.0817,30.2006,黄石市,陈家湾,,32,32,34,18,16,60,,,,5,8,13,14,0.5,0.4
2024-08-10T0400,2426A,114.8988,30.2019,黄石市,铁山,颗粒物(PM10),53,55,40,20,16,40,,,,16,9,12,11,0.4,0.4
2024-08-10T0400,2427A,115.0307,30.2092,黄石市,团城山,,33,33,34,18,15,56,,,,9,7,10,10,0.6,0.5
2024-08-10T0400,3149A,115.0235,30.1578,黄石市,笔架山北路,,30,30,38,8,11,67,,,,7,9,6,7,0.6,0.6
2024-08-10T0400,1392A,114.4183,23.0528,惠州市,河南岸金山湖子站,,18,18,29,7,16,18,,,,16,15,8,5,0.5,0.5
2024-08-10T0400,1393A,114.4053,23.0822,惠州市,下埔横江三路子站,,26,26,33,14,18,17,,,,21,16,5,4,0.5,0.5
2024-08-10T0400,1394A,114.4103,23.1142,惠州市,江北云山西路子站,,26,25,29,18,18,14,,,,17,13,4,4,0.6,0.6
2024-08-10T0400,1395A,114.4645,22.7833,惠州市,惠阳区承修路船湖子站,,14,14,22,7,12,24,,,,19,18,4,4,0.5,0.5
2024-08-10T0400,1396A,114.5317,22.7422,惠州市,大亚湾管委会子站,,16,16,21,6,11,31,,,,12,17,6,6,0.5,0.6
2024-08-10T0400,3314A,114.4338,22.8134,惠州市,惠阳秋长,,14,14,22,8,12,17,,,,26,21,4,5,0.5,0.5
2024-08-10T0400,3452A,114.6517,22.775,惠州市,大亚湾霞涌,,42,,20,29,11,8,,,,17,12,3,4,0.4,0.4
2024-08-10T0400,2240A,130.9762,45.3001,鸡西市,环保局,,,,32,,17,,,52,,,10,,8,,0.4
2024-08-10T0400,2243A,130.9429,45.3039,鸡西市,第一中学,,34,34,29,17,13,7,,,,23,9,4,4,0.2,0.2
2024-08-10T0400,3707A,131.0207,45.3073,鸡西市,欧美日汽修厂,,30,26,33,21,17,4,,,,16,14,5,6,0.4,0.4
2024-08-10T0400,3709A,130.9967,45.3106,鸡西市,市政设施管理处,,34,34,43,13,17,2,,,,20,18,5,4,0.3,0.3
2024-08-10T0400,2367A,114.9754,27.0803,吉安市,红声器材厂,,30,30,33,16,22,75,,,,9,12,18,15,0.5,0.5
2024-08-10T0400,2368A,114.9658,27.0999,吉安市,市森林工业局,,31,31,35,18,21,74,,,,10,12,12,13,0.4,0.5
2024-08-10T0400,2369A,114.99,27.1312,吉安市,市环境监测站,,28,28,30,17,18,81,,,,7,9,11,12,0.5,0.4
2024-08-10T0400,2370A,115.0093,27.0968,吉安市,青原区法院,,30,30,35,10,22,80,,,,8,13,13,14,0.5,0.5
2024-08-10T0400,1772A,126.54,43.8622,吉林市,哈达湾,,19,19,22,10,11,38,,,,11,15,5,5,0.6,0.6
2024-08-10T0400,1773A,126.5844,43.8358,吉林市,东局子,,27,27,33,11,14,33,,,,8,15,4,4,0.5,0.6
2024-08-10T0400,1774A,126.5052,43.8245,吉林市,电力学院,,27,27,27,12,14,7,,,,21,15,4,4,0.6,0.6
2024-08-10T0400,1775A,126.6133,43.8972,吉林市,江北,,30,30,29,20,16,21,,,,14,14,6,7,0.5,0.7
2024-08-10T0400,1776A,126.555,43.8306,吉林市,江南公园,,22,18,18,15,10,33,,,,13,13,2,2,0.6,0.7
2024-08-10T0400,1778A,126.7061,43.7133,吉林市,丰满,,,,,,,,,,,,,,,,
2024-08-10T0400,2868A,126.4739,43.953,吉林市,九站,,39,39,34,18,16,12,,,,25,21,26,11,0.7,0.6
2024-08-10T0400,1299A,116.9862,36.6114,济南市,科干所,,27,19,31,12,21,84,,,,11,7,8,9,0.6,0.7
2024-08-10T0400,1300A,116.9376,36.665,济南市,农科所,,27,17,32,12,20,84,,,,11,14,8,8,0.3,0.5
2024-08-10T0400,1301A,117.1265,36.6734,济南市,开发区,,29,12,28,3,16,91,,,,10,11,9,10,0.6,0.7
2024-08-10T0400,1303A,117.0624,36.6868,济南市,省种子仓库,,28,17,35,7,18,88,,,,6,16,5,5,0.5,0.7
2024-08-10T0400,1304A,116.9489,36.6447,济南市,机床二厂,,30,12,31,7,14,94,,,,9,12,8,9,0.5,0.7
2024-08-10T0400,1305A,117.0495,36.663,济南市,市监测站,,32,,32,22,23,90,,,,11,15,10,10,0.5,0.6
2024-08-10T0400,1306A,116.7675,36.5484,济南市,长清党校,,27,12,33,3,26,84,,,,6,9,10,10,0.7,0.8
2024-08-10T0400,1616A,117.6795,36.229,济南市,技术学院,,36,36,32,22,22,99,,,,5,10,10,10,1.0,1.1
2024-08-10T0400,1961A,117.532,36.6868,济南市,东山小学,,36,15,37,15,20,115,,,,9,16,9,10,0.5,0.8
2024-08-10T0400,3059A,117.7161,36.2049,济南市,泰兴公司,,41,41,39,27,23,74,,,,22,22,9,10,0.9,0.8
2024-08-10T0400,3064A,117.6867,36.2171,济南市,莱芜战役纪念馆,,,,37,,20,,,101,,,13,,5,,1.0
2024-08-10T0400,3494A,117.1673,36.9782,济南市,济阳区政府,,29,12,45,10,24,92,,,,5,12,9,10,0.4,0.7
2024-08-10T0400,3495A,117.1171,36.63,济南市,锦屏中学,,32,27,30,22,20,96,,,,8,9,10,10,0.5,0.6
2024-08-10T0400,3682A,116.9814,36.6819,济南市,济南四建,,26,,27,12,20,82,,,,7,8,8,8,0.8,0.9
2024-08-10T0400,1653A,116.6251,35.4302,济宁市,火炬城,颗粒物(PM10),53,55,46,24,24,74,,,,10,11,10,10,1.0,1.1
2024-08-10T0400,1655A,116.5491,35.4042,济宁市,电化厂,,49,49,44,34,30,61,,,,11,11,10,9,0.9,1
2024-08-10T0400,3500A,116.5814,35.3707,济宁市,北湖一中,颗粒物(PM10),55,59,49,27,27,65,,,,8,9,8,8,0.8,0.9
2024-08-10T0400,3501A,116.8249,35.5593,济宁市,服务中心,细颗粒物(PM2.5),54,50,43,38,25,74,,,,9,9,5,5,0.9,0.7
2024-08-10T0400,3678A,116.5907,35.4054,济宁市,市第七中学,,46,46,46,27,27,62,,,,12,13,5,5,0.8,0.9
2024-08-10T0400,2255A,130.2751,46.8028,佳木斯市,佳纺,,20,20,24,11,13,10,,,,24,19,14,13,0.6,0.5
2024-08-10T0400,2256A,130.3995,46.8307,佳木斯市,发电厂,,19,19,22,11,12,6,,,,23,14,7,5,0.6,0.6
2024-08-10T0400,2257A,130.3258,46.7975,佳木斯市,环保局,,26,26,29,14,15,6,,,,27,18,8,8,0.5,0.5
2024-08-10T0400,2258A,130.3648,46.8032,佳木斯市,十一中,,26,26,28,16,16,13,,,,25,20,5,6,0.4,0.5
2024-08-10T0400,2259A,130.3794,46.7588,佳木斯市,四丰,,,15,15,8,9,4,,,,,,1,1,0.5,0.5
2024-08-10T0400,1252A,120.7436,30.778,嘉兴市,清河小学,,38,38,43,20,24,57,,,,18,25,8,9,0.7,0.7
2024-08-10T0400,1253A,120.726,30.7478,嘉兴市,嘉兴学院,颗粒物(PM10),51,51,53,22,27,41,,,,22,22,2,1,0.6,0.6
2024-08-10T0400,2872A,120.7846,30.7525,嘉兴市,南湖区残联,,43,38,42,30,34,44,,,,14,18,4,4,0.6,0.7
2024-08-10T0400,3407A,120.6916,30.7739,嘉兴市,秀洲住建,,38,38,42,17,20,56,,,,16,19,3,3,0.7,0.7
2024-08-10T0400,1945A,98.2908,39.7711,嘉峪关市,气象局,,31,7,59,3,9,97,,,,5,5,7,2,0.3,0.3
2024-08-10T0400,2884A,98.2672,39.7978,嘉峪关市,酒钢宾馆,,30,12,29,3,6,93,,,,5,9,13,9,0.2,0.3
2024-08-10T0400,3248A,98.2643,39.7724,嘉峪关市,雄关区,,28,24,50,8,9,87,,,,7,8,12,9,0.4,0.4
2024-08-10T0400,1383A,113.1064,22.6058,江门市,北街,,17,17,20,6,9,33,,,,12,8,4,4,0.4,0.4
2024-08-10T0400,1384A,113.0731,22.5835,江门市,西区,,21,21,22,8,11,34,,,,14,9,5,5,0.4,0.4
2024-08-10T0400,1385A,113.0219,22.5311,江门市,圭峰西,,18,18,22,10,12,39,,,,6,6,4,3,0.3,0.3
2024-08-10T0400,1386A,113.0828,22.5947,江门市,东湖,,19,19,20,8,10,33,,,,12,8,7,6,0.3,0.3
2024-08-10T0400,3311A,113.1075,22.5647,江门市,江海富民,,28,28,29,8,14,40,,,,9,8,5,5,0.3,0.3
2024-08-10T0400,3449A,113.05,22.4667,江门市,新会银湖,,21,21,19,6,5,28,,,,14,9,5,5,0.5,0.5
2024-08-10T0400,1828A,113.227,35.2125,焦作市,市环保局,,37,37,27,19,17,46,,,,14,12,1,3,0.5,0.4
2024-08-10T0400,1830A,113.1992,35.2590,焦作市,影视城,,,,,,,,,,,,,,,,
2024-08-10T0400,3169A,113.2725,35.2067,焦作市,太极体育中心,,40,40,38,21,18,48,,,,13,12,3,3,0.5,0.4
2024-08-10T0400,3335A,113.3137,35.2641,焦作市,马村街道办,,40,40,28,24,16,38,,,,21,14,4,3,0.7,0.5
2024-08-10T0400,3336A,113.2465,35.2373,焦作市,焦作技师学院,,40,40,31,22,17,33,,,,22,13,4,3,0.8,0.6
2024-08-10T0400,3477A,113.1656,35.2539,焦作市,中站许衡医院,,45,45,37,30,27,35,,,,23,19,17,9,0.9,0.7
2024-08-10T0400,3981A,113.2449,35.1803,焦作市,原李万街道办,,42,42,30,17,17,50,,,,16,14,3,3,0.3,0.3
2024-08-10T0400,1708A,116.3701,23.5345,揭阳市,新兴,,22,,40,15,23,55,,,,7,11,4,5,0.5,0.6
2024-08-10T0400,1709A,116.3264,23.5443,揭阳市,西马,,28,28,42,14,20,56,,,,4,8,4,5,0.6,0.7
2024-08-10T0400,1710A,116.3611,23.5626,揭阳市,东兴,,29,29,47,15,21,57,,,,2,6,4,5,0.8,0.9
2024-08-10T0400,1711A,116.4151,23.5294,揭阳市,渔湖,,21,21,41,13,31,61,,,,8,15,4,5,0.4,0.7
2024-08-10T0400,3320A,116.403,23.5699,揭阳市,曲溪,,26,26,39,13,24,60,,,,8,15,2,4,0.6,0.7
2024-08-10T0400,1944A,102.1692,38.5167,金昌市,天庆家园,,33,19,117,12,32,104,,,,2,4,4,4,0.4,0.5
2024-08-10T0400,3170A,102.1864,38.5253,金昌市,市委党校,,42,42,145,12,34,103,,,,4,4,8,8,0.6,0.5
2024-08-10T0400,4022A,102.1647,38.5371,金昌市,金川区人防中心,,46,46,166,10,35,102,,,,2,3,6,6,0.5,0.4
2024-08-10T0400,1262A,119.647,29.077,金华市,十五中,,38,38,39,20,22,71,,,,15,16,2,2,0.4,0.4
2024-08-10T0400,1263A,119.686,29.1029,金华市,监测站,,40,40,40,24,24,61,,,,19,19,4,4,0.6,0.6
2024-08-10T0400,3659A,119.656,29.1131,金华市,气象局,,35,35,39,3,18,66,,,,13,15,4,5,0.5,0.5
2024-08-10T0400,1767A,121.1115,41.0879,锦州市,南山,,20,16,35,9,26,64,,,,6,14,3,11,0.3,0.8
2024-08-10T0400,1768A,121.0533,40.8434,锦州市,开发区,,34,34,47,10,26,67,,,,5,20,3,5,0.5,1
2024-08-10T0400,1769A,121.1836,41.1119,锦州市,百股街道,,20,19,38,7,25,63,,,,5,15,5,13,0.5,0.9
2024-08-10T0400,1770A,121.1178,41.1222,锦州市,天安街道,,20,20,38,10,28,64,,,,3,12,6,6,0.6,1
2024-08-10T0400,1771A,121.1303,41.1386,锦州市,北湖公园,,20,19,42,7,25,64,,,,4,12,4,8,0.5,0.9
2024-08-10T0400,2160A,112.85,35.5051,晋城市,自来水公司,,48,48,34,17,18,64,,,,15,12,8,7,0.7,0.7
2024-08-10T0400,2161A,112.8318,35.4936,晋城市,白云商贸,颗粒物(PM10),55,60,40,24,16,80,,,,13,13,7,7,0.7,0.7
2024-08-10T0400,2162A,112.8508,35.4887,晋城市,市环保局,颗粒物(PM10),60,69,39,27,19,72,,,,17,14,7,6,0.7,0.7
2024-08-10T0400,2163A,112.8676,35.4897,晋城市,技术学院,,44,44,34,22,20,50,,,,25,13,8,8,1.0,0.8
2024-08-10T0400,2165A,112.8453,35.546,晋城市,白马寺,,,,,,,,,,,,,,,,
2024-08-10T0400,3620A,112.8271,35.4828,晋城市,泽州一中,,45,45,26,27,17,81,,,,10,11,8,8,0.8,0.7
2024-08-10T0400,2171A,112.7532,37.6945,晋中市,锦纶小区,颗粒物(PM10),65,80,37,34,14,51,,,,16,13,15,9,1.0,0.7
2024-08-10T0400,2173A,112.7249,37.7067,晋中市,南都小区,颗粒物(PM10),59,67,37,36,25,57,,,,14,13,11,7,0.4,0.6
2024-08-10T0400,2174A,112.6991,37.6982,晋中市,榆次区政府,颗粒物(PM10),63,75,33,25,17,56,,,,14,14,15,9,0.7,0.5
2024-08-10T0400,2865A,112.7195,37.6828,晋中市,榆次三中,颗粒物(PM10),67,83,40,41,15,52,,,,15,14,12,9,1.0,1
2024-08-10T0400,2439A,112.2014,31.0481,荆门市,竹园小学,,23,21,37,12,19,73,,,,6,11,9,11,0.5,0.5
2024-08-10T0400,2440A,112.1969,30.9891,荆门市,掇刀,,31,31,35,12,18,80,,,,8,15,6,6,0.5,0.6
2024-08-10T0400,2441A,112.2213,31.0386,荆门市,石化一小,,29,24,40,20,21,80,,,,6,13,14,18,0.5,0.6
2024-08-10T0400,3012A,112.1849,31.0362,荆门市,西山林语,,34,34,33,14,19,70,,,,10,11,8,8,0.7,0.7
2024-08-10T0400,3547A,112.1632,31.0138,荆门市,龙泉中学南校,,29,24,30,20,19,73,,,,6,8,10,10,0.8,0.6
2024-08-10T0400,1844A,112.2494,30.3197,荆州市,市图书馆,,32,,25,22,19,53,,,,13,12,6,7,0.6,0.6
2024-08-10T0400,1845A,112.2008,30.3544,荆州市,市委党校,,32,32,25,17,18,55,,,,11,10,6,6,0.5,0.5
2024-08-10T0400,3194A,112.2747,30.3122,荆州市,管委会,,29,29,25,10,20,54,,,,15,12,5,6,0.5,0.5
2024-08-10T0400,3548A,112.1655,30.3364,荆州市,学苑路,,39,33,30,27,22,51,,,,12,12,6,8,0.6,0.6
2024-08-10T0400,2342A,117.3102,29.3867,景德镇市,王港中学,,,,,,,,,,,,,,,,
2024-08-10T0400,2343A,117.2117,29.2933,景德镇市,老干部活动中心,,,48,40,30,29,14,,,,29,14,9,8,,0.9
2024-08-10T0400,2344A,117.1894,29.2789,景德镇市,兽医站,,50,48,41,35,27,30,,,,21,13,9,11,0.3,0.4
2024-08-10T0400,2345A,117.1547,29.2617,景德镇市,台达陶瓷,细颗粒物(PM2.5),52,50,48,36,31,25,,,,20,26,7,26,0.3,0.4
2024-08-10T0400,2346A,117.2461,29.2956,景德镇市,陶研所,颗粒物(PM10),57,64,48,31,24,23,,,,21,14,4,4,0.4,0.4
2024-08-10T0400,1803A,115.9872,29.6815,九江市,十里,,40,40,34,23,21,60,,,,13,11,9,10,0.7,0.7
2024-08-10T0400,1804A,115.9584,29.7046,九江市,茅山头,,28,28,31,10,21,50,,,,32,13,9,10,0.5,0.6
2024-08-10T0400,1805A,115.9877,29.7295,九江市,西园,,35,32,31,24,23,33,,,,49,26,15,12,0.6,0.6
2024-08-10T0400,1806A,116.0172,29.6547,九江市,五七二七厂,,23,20,25,14,22,73,,,,14,13,10,11,0.7,0.6
2024-08-10T0400,1808A,115.9114,29.6038,九江市,综合工业园,,37,37,34,25,22,50,,,,36,13,14,14,1.0,0.7
2024-08-10T0400,1809A,116.0721,29.7535,九江市,石化总厂,,48,42,44,33,28,28,,,,65,18,15,15,1.1,0.8
2024-08-10T0400,1810A,115.9773,29.5698,九江市,庐山气象台,,31,19,25,14,22,98,,,,2,3,16,16,0.6,0.7
2024-08-10T0400,3190A,116.0254,29.6994,九江市,外国语学校,,43,,33,30,24,78,,,,14,15,17,13,0.5,0.6
2024-08-10T0400,2658A,98.5061,39.7443,酒泉市,仓门街子站,,25,,241,6,13,80,,,,6,10,14,9,0.2,0.2
2024-08-10T0400,2659A,98.4989,39.7256,酒泉市,油田生活基地,,25,7,205,6,19,78,,,,7,8,14,8,0.2,0.1
2024-08-10T0400,2698A,76.0072,39.4467,喀什地区,巡警大队,颗粒物(PM10),123,196,142,34,23,33,,,,54,28,5,4,0.7,0.4
2024-08-10T0400,2699A,75.9755,39.4694,喀什地区,吾办,颗粒物(PM10),121,192,134,53,38,43,,,,44,25,4,4,0.6,0.5
2024-08-10T0400,4027A,75.9483,39.4689,喀什地区,老干局,颗粒物(PM10),130,210,164,36,26,41,,,,33,26,4,4,0.6,0.5
2024-08-10T0400,1824A,114.3389,34.7781,开封市,肿瘤医院,,31,31,32,17,12,40,,,,11,8,3,4,0.8,0.7
2024-08-10T0400,1826A,114.2885,34.7965,开封市,世纪星幼儿园,,33,33,32,16,15,39,,,,9,8,2,2,0.4,0.5
2024-08-10T0400,3147A,114.3438,34.8106,开封市,龙亭公园,,28,28,29,9,15,46,,,,12,10,1,1,0.5,0.5
2024-08-10T0400,3210A,114.3644,34.7964,开封市,汴京公园,,22,22,31,3,16,47,,,,13,9,3,3,0.5,0.6
2024-08-10T0400,3473A,114.2485,34.8306,开封市,技师学院,,25,25,28,14,15,49,,,,12,8,6,5,0.8,0.8
2024-08-10T0400,3592A,114.4644,34.7556,开封市,祥符区生态环境局,,30,30,26,17,16,47,,,,14,13,5,4,0.5,0.4
2024-08-10T0400,1951A,84.895,45.6094,克拉玛依市,长征新村,,32,17,21,3,6,101,,,,1,8,7,7,0.2,0.2
2024-08-10T0400,1952A,84.8988,45.5893,克拉玛依市,南林小区,,28,23,24,11,14,89,,,,6,19,8,9,0.1,0.3
2024-08-10T0400,1954A,84.905,44.3396,克拉玛依市,独山子区,,29,19,24,8,8,92,,,,7,9,7,8,0.2,0.3
2024-08-10T0400,1955A,85.6979,46.098,克拉玛依市,乌尔禾区商贸楼,,26,,22,18,8,40,,,,19,9,6,6,0.5,0.5
2024-08-10T0400,3612A,85.1045,45.6899,克拉玛依市,白碱滩区新站,,34,18,32,3,8,107,,,,1,7,8,8,0.1,0.1
2024-08-10T0400,2697A,76.1454,39.7142,克孜勒苏柯尔克孜自治州,市人民政府,颗粒物(PM10),62,74,117,22,34,96,,,,6,12,2,16,0.2,0.4
2024-08-10T0400,3665A,76.1658,39.7157,克孜勒苏柯尔克孜自治州,克州文化中心,颗粒物(PM10),54,57,101,23,31,100,,,,1,10,10,16,0.1,0.5
2024-08-10T0400,1450A,102.8204,24.8886,昆明市,呈贡新区,,17,17,17,8,7,24,,,,12,10,7,6,0.6,0.6
2024-08-10T0400,1451A,102.6251,24.9608,昆明市,西山森林公园,,,,,,,,,,,,,,,,
2024-08-10T0400,1452A,102.7252,25.0902,昆明市,龙泉镇,,20,20,15,6,6,3,,,,24,11,6,7,0.6,0.6
2024-08-10T0400,1453A,102.7266,25.0375,昆明市,东风东路,,22,22,18,10,8,19,,,,18,13,7,6,0.5,0.4
2024-08-10T0400,1454A,102.6742,25.0669,昆明市,金鼎山,,27,27,17,8,7,19,,,,14,13,8,7,0.6,0.4
2024-08-10T0400,1455A,102.6644,25.0401,昆明市,碧鸡广场,,22,22,18,7,6,14,,,,12,12,5,5,0.5,0.4
2024-08-10T0400,3179A,102.7494,25.0119,昆明市,官渡区博物馆,,20,20,14,3,5,17,,,,12,8,6,7,0.5,0.4
2024-08-10T0400,3375A,102.8017,24.8336,昆明市,青年创业园,,14,14,12,8,6,17,,,,12,9,3,3,0.4,0.4
2024-08-10T0400,3550A,102.7997,24.9786,昆明市,昆明学院,,24,24,14,14,8,21,,,,14,8,6,5,0.5,0.4
2024-08-10T0400,3551A,102.5967,24.6736,昆明市,晋宁区生态环境分局,,22,22,14,14,6,16,,,,15,6,5,4,0.7,0.5
2024-08-10T0400,3552A,102.6678,24.9856,昆明市,云天化总部,,16,12,9,11,5,12,,,,25,7,8,7,0.3,0.3
2024-08-10T0400,1456A,91.1319,29.6514,拉萨市,八廓街,,25,13,10,8,8,78,,,,21,12,6,6,0.2,0.2
2024-08-10T0400,1457A,91.1221,29.6747,拉萨市,市环保局,,26,18,10,6,6,83,,,,22,13,7,7,0.2,0.2
2024-08-10T0400,1458A,91.0874,29.6475,拉萨市,区监测站,,28,10,8,8,6,87,,,,19,13,6,7,0.4,0.3
2024-08-10T0400,1459A,91.1774,29.6541,拉萨市,西藏大学,,28,16,9,7,6,87,,,,20,9,8,8,0.3,0.3
2024-08-10T0400,1460A,90.9798,29.6588,拉萨市,区辐射站,,25,12,10,3,7,78,,,,21,16,8,8,0.1,0.2
2024-08-10T0400,1461A,91.0834,29.6292,拉萨市,拉萨火车站,,28,10,8,6,6,87,,,,12,10,8,9,0.8,0.2
2024-08-10T0400,2520A,109.2203,23.7256,来宾市,来宾技工学校,,25,25,26,12,14,34,,,,9,9,6,6,0.7,0.6
2024-08-10T0400,3535A,109.1781,23.7297,来宾市,兴宾区政府,,31,31,23,16,13,33,,,,8,8,4,5,0.6,0.7
2024-08-10T0400,4002A,109.2416,23.7461,来宾市,中南小学,,25,25,28,11,14,40,,,,10,9,7,7,0.8,0.7
2024-08-10T0400,1476A,103.631,36.1031,兰州市,兰炼宾馆,,40,40,73,22,34,77,,,,18,14,8,9,0.2,0.3
2024-08-10T0400,1477A,104.1373,35.9454,兰州市,榆中兰大校区,,,,,,,,,,,,,,,,
2024-08-10T0400,1478A,103.8412,36.0726,兰州市,生物制品所,颗粒物(PM10),52,54,84,27,37,42,,,,38,17,6,7,0.4,0.5
2024-08-10T0400,1479A,103.831,36.0464,兰州市,铁路设计院,,48,48,84,24,40,53,,,,41,26,9,10,0.4,0.5
2024-08-10T0400,3186A,103.7158,36.1058,兰州市,教育港,颗粒物(PM10),51,52,96,22,34,40,,,,39,12,6,6,0.3,0.3
2024-08-10T0400,3241A,103.7439,36.0842,兰州市,百合公园,,39,39,75,12,26,49,,,,26,16,10,8,0.4,0.4
2024-08-10T0400,3242A,103.9611,35.998,兰州市,和平,颗粒物(PM10),59,68,92,22,34,98,,,,4,10,7,10,0.1,0.3
2024-08-10T0400,3245A,103.6633,36.533,兰州新区,新区管委会,,33,33,69,16,30,76,,,,12,10,8,9,0.4,0.4
2024-08-10T0400,3246A,103.6975,36.4789,兰州新区,舟曲中学,,32,32,82,12,29,91,,,,9,9,13,12,0.4,0.4
2024-08-10T0400,1067A,116.6708,39.5111,廊坊市,药材公司,,17,6,37,3,21,54,,,,5,14,3,2,0.3,0.5
2024-08-10T0400,1068A,116.7214,39.5589,廊坊市,开发区,,18,11,40,7,26,55,,,,6,12,3,3,0.4,0.5
2024-08-10T0400,1070A,116.7244,39.5269,廊坊市,北华航天学院,,36,36,50,10,24,68,,,,3,11,1,2,0.4,0.5
2024-08-10T0400,2919A,116.7022,39.5453,廊坊市,河北工业大学,,20,12,43,9,26,64,,,,5,13,3,2,0.3,0.5
2024-08-10T0400,2535A,103.7723,29.5462,乐山市,花湖湾,,21,21,22,9,21,47,,,,5,14,4,4,0.3,0.4
2024-08-10T0400,2536A,103.7627,29.5844,乐山市,牛耳桥,,22,22,30,13,20,60,,,,6,16,2,2,0.4,0.5
2024-08-10T0400,2537A,103.7508,29.6006,乐山市,市第三水厂,,28,28,31,10,17,64,,,,6,16,2,2,0.3,0.5
2024-08-10T0400,2538A,103.7571,29.5664,乐山市,市监测站,,24,24,30,12,19,61,,,,5,11,3,4,0.5,0.6
2024-08-10T0400,3361A,103.7311,29.5628,乐山市,理工大学,,27,27,30,12,20,60,,,,5,13,4,3,0.4,0.5
2024-08-10T0400,2598A,100.2143,26.8576,丽江市,西南郊,,,,,,,,,,,,,,,,
2024-08-10T0400,2599A,100.2497,26.8802,丽江市,丽江古城,,13,12,16,8,8,39,,,,19,14,9,9,0.6,0.6
2024-08-10T0400,2600A,100.2203,26.8906,丽江市,市中心,,20,,9,11,6,63,,,,4,8,8,8,0.6,0.6
2024-08-10T0400,1267A,119.914,28.4514,丽水市,监测站大楼,,32,32,33,17,21,72,,,,10,14,2,4,0.6,0.6
2024-08-10T0400,1268A,119.93,28.4586,丽水市,莲都小学,,33,33,27,6,22,67,,,,12,11,3,4,0.5,0.6
2024-08-10T0400,1269A,119.879,28.4231,丽水市,余庄前,,34,34,30,22,20,17,,,,15,13,4,4,0.5,0.5
2024-08-10T0400,1173A,119.176,34.5885,连云港市,市环境监测站,,28,27,26,19,13,57,,,,13,8,6,6,0.6,0.7
2024-08-10T0400,3000A,119.3581,34.6972,连云港市,德源药业,,21,17,23,12,10,67,,,,11,16,5,5,0.3,0.5
2024-08-10T0400,3007A,119.178,34.844,连云港市,新城一中,,24,14,22,9,10,74,,,,8,11,3,2,0.7,0.8
2024-08-10T0400,3008A,119.3608,34.7519,连云港市,胡沟管理处,,35,27,24,14,11,111,,,,2,15,8,8,0.8,0.8
2024-08-10T0400,3009A,119.1478,34.5911,连云港市,矿山设计院,,27,27,29,17,14,54,,,,12,11,6,5,0.6,0.8
2024-08-10T0400,3434A,119.2413,34.6539,连云港市,工贸学校,,33,30,23,17,15,104,,,,9,8,8,6,1.0,0.9
2024-08-10T0400,3664A,119.4172,34.7341,连云港市,连云街道,,41,32,25,19,12,130,,,,11,14,5,3,0.8,0.7
2024-08-10T0400,2571A,102.3431,27.8099,凉山彝族自治州,青龙寺,,18,15,15,12,10,44,,,,3,4,1,3,0.3,0.4
2024-08-10T0400,2572A,102.2721,27.8415,凉山彝族自治州,邛海宾馆,,19,12,18,8,12,60,,,,4,8,6,8,0.5,0.6
2024-08-10T0400,2573A,102.2625,27.898,凉山彝族自治州,西昌市政府,颗粒物(PM10),80,109,24,8,13,64,,,,5,8,4,11,0.6,0.7
2024-08-10T0400,2574A,102.2685,27.8851,凉山彝族自治州,凉山州政府,,22,6,20,3,12,68,,,,5,9,5,9,0.6,0.6
2024-08-10T0400,2575A,102.237,27.8914,凉山彝族自治州,长安,,19,8,20,6,10,58,,,,6,8,5,10,0.6,0.6
2024-08-10T0400,2212A,123.2,41.1953,辽阳市,宏伟区,,24,24,35,14,22,63,,,,6,9,5,6,0.7,1
2024-08-10T0400,2213A,123.1683,41.2495,辽阳市,新华园,,23,20,40,16,27,59,,,,9,15,4,7,0.6,1.1
2024-08-10T0400,2214A,123.2354,41.2639,辽阳市,滨河路,,23,22,38,16,22,51,,,,9,14,7,7,0.4,0.9
2024-08-10T0400,2215A,123.149,41.2991,辽阳市,铁西工业园,,23,21,71,16,31,54,,,,8,20,8,11,0.7,1.6
2024-08-10T0400,2227A,125.1358,42.8845,辽源市,环保局,,24,24,26,13,15,41,,,,15,14,7,8,0.6,0.7
2024-08-10T0400,3239A,125.0764,42.9078,辽源市,银鹰制药,,24,24,24,12,15,44,,,,20,18,5,6,0.8,0.7
2024-08-10T0400,1625A,115.9848,36.4372,聊城市,区政府,,19,12,32,8,19,59,,,,12,12,9,8,0.5,0.6
2024-08-10T0400,2878A,116.0072,36.4343,聊城市,聊大东校,,21,,36,9,26,65,,,,8,10,8,7,0.5,0.7
2024-08-10T0400,3200A,115.9819,36.4978,聊城市,监控中心,,19,8,31,7,21,59,,,,8,10,7,6,0.5,0.6
2024-08-10T0400,3513A,116.0445,36.4361,聊城市,九州社区,,19,19,37,8,22,52,,,,6,10,4,5,0.6,0.7
2024-08-10T0400,4018A,116.0567,36.4608,聊城市,星美广场,,20,18,42,6,21,62,,,,5,9,6,6,0.5,0.7
2024-08-10T0400,2632A,94.3681,29.6376,林芝市,林芝监测站,,5,6,4,3,5,15,,,,2,4,8,9,0.3,0.3
2024-08-10T0400,2633A,94.3616,29.6616,林芝市,林芝人民医院,,6,,9,3,4,15,,,,3,5,6,6,0.2,0.2
2024-08-10T0400,2603A,100.0781,23.8982,临沧市,市环保局,,22,17,19,15,20,8,,,,11,9,4,4,0.3,0.3
2024-08-10T0400,2604A,100.0894,23.8822,临沧市,市气象局,,15,11,14,10,9,13,,,,11,9,4,5,0.4,0.4
2024-08-10T0400,1733A,111.5531,36.0783,临汾市,临钢医院,颗粒物(PM10),53,55,36,20,16,23,,,,13,12,4,4,1.0,0.8
2024-08-10T0400,1734A,111.5028,36.0714,临汾市,技工学校,颗粒物(PM10),53,55,37,15,14,22,,,,26,15,3,3,1.0,0.8
2024-08-10T0400,1736A,111.5018,36.0855,临汾市,市委,颗粒物(PM10),52,54,34,19,14,23,,,,17,10,6,5,1.0,0.8
2024-08-10T0400,3018A,111.505,36.1014,临汾市,唐尧大酒店,,33,33,26,14,13,17,,,,20,13,5,5,1.0,0.8
2024-08-10T0400,3668A,111.5036,36.0414,临汾市,城南,,39,39,33,13,17,8,,,,18,12,2,2,1.0,0.8
2024-08-10T0400,2667A,103.2069,35.5993,临夏回族自治州,环保局,颗粒物(PM10),55,60,57,17,23,31,,,,15,5,7,8,0.3,0.3
2024-08-10T0400,2668A,103.2417,35.6057,临夏回族自治州,建设大厦,颗粒物(PM10),51,51,53,14,14,38,,,,7,7,3,4,0.4,0.2
2024-08-10T0400,1618A,118.3429,35.0532,临沂市,沂河小区,,38,34,33,26,20,63,,,,3,4,9,8,0.4,0.5
2024-08-10T0400,1619A,118.295,35.0583,临沂市,鲁南制药厂,,38,31,27,26,17,69,,,,8,10,4,5,0.5,0.5
2024-08-10T0400,1620A,118.2794,34.9976,临沂市,新光毛纺厂,,38,22,24,22,17,121,,,,6,7,4,5,0.8,0.8
2024-08-10T0400,1621A,118.3956,35.0888,临沂市,河东保险公司,,36,31,27,25,16,48,,,,30,13,6,7,0.3,0.5
2024-08-10T0400,3370A,118.3564,35.0215,临沂市,十里堡居委,,32,,18,22,19,64,,,,8,10,6,7,0.6,0.7
2024-08-10T0400,3496A,118.3604,35.1084,临沂市,南坊新区,,34,34,33,17,17,60,,,,8,10,13,9,0.8,0.8
2024-08-10T0400,3860A,118.3920,35.0300,临沂市,皇山花园小区,,35,29,28,24,23,63,,,,13,14,16,13,0.7,0.7
2024-08-10T0400,1870A,109.4856,24.3895,柳州市,柳东小学,,16,16,20,11,14,46,,,,10,9,8,8,0.7,0.7
2024-08-10T0400,1871A,109.4157,24.3277,柳州市,环保监测站,,28,28,28,7,14,36,,,,10,7,7,7,0.8,0.8
2024-08-10T0400,1872A,109.389,24.341,柳州市,河西水厂,,28,27,26,19,14,35,,,,12,7,5,5,0.8,0.7
2024-08-10T0400,1873A,109.4311,24.2921,柳州市,市四中,,26,26,25,13,13,40,,,,12,8,6,6,0.5,0.5
2024-08-10T0400,1874A,109.4006,24.3631,柳州市,市九中,,31,31,29,20,17,40,,,,13,10,5,6,0.7,0.7
2024-08-10T0400,1875A,109.4958,24.3134,柳州市,古亭山,,25,25,24,13,13,46,,,,10,9,6,6,0.8,0.7
2024-08-10T0400,3402A,109.5422,24.3996,柳州市,市二中,,32,32,25,14,12,38,,,,14,10,6,7,0.6,0.6
2024-08-10T0400,2307A,116.5079,31.737,六安市,监测大楼,,29,23,25,20,17,74,,,,6,8,6,6,0.4,0.5
2024-08-10T0400,2308A,116.4738,31.7643,六安市,皖西学院,,34,34,32,17,17,75,,,,4,6,5,5,0.3,0.3
2024-08-10T0400,2309A,116.4996,31.7905,六安市,朝阳厂,,25,,27,17,17,71,,,,2,5,10,10,0.3,0.3
2024-08-10T0400,2310A,116.5567,31.7886,六安市,开发区,,32,32,31,19,24,74,,,,4,6,6,7,0.4,0.5
2024-08-10T0400,2576A,104.8,26.5892,六盘水市,窑上,,,,,,,,,,,,,,,,
2024-08-10T0400,2577A,104.83,26.5917,六盘水市,黄土坡,,19,,17,10,10,60,,,,9,7,5,7,0.5,0.4
2024-08-10T0400,2578A,104.89,26.5939,六盘水市,水钢,,20,20,24,7,8,61,,,,26,10,10,10,1.2,0.6
2024-08-10T0400,2579A,104.8475,26.5894,六盘水市,民中,,21,8,15,3,9,66,,,,15,8,6,7,0.3,0.3
2024-08-10T0400,2580A,104.9544,26.5506,六盘水市,双水,,33,24,20,23,12,45,,,,23,8,10,7,1.2,0.4
2024-08-10T0400,2335A,117.0189,25.1181,龙岩市,龙岩师专,,,,,,,,,,,,,,,,
2024-08-10T0400,2336A,117.0217,25.1033,龙岩市,龙岩市监测站,,46,46,34,23,20,3,,,,39,22,9,7,0.5,0.5
2024-08-10T0400,2337A,117.0258,25.0661,龙岩市,闽西职业技术学院,,49,49,36,30,21,11,,,,26,16,22,10,0.5,0.5
2024-08-10T0400,2338A,117.0196,25.0306,龙岩市,龙岩学院,,38,38,32,20,18,31,,,,6,7,4,3,0.3,0.4
2024-08-10T0400,2665A,105.0822,33.3261,陇南市,汉王镇固水子,,,,,,,,,,,,,,,,
2024-08-10T0400,2885A,104.9339,33.3826,陇南市,滨江中学,颗粒物(PM10),73,96,95,20,24,35,,,,11,14,5,5,0.4,0.4
2024-08-10T0400,3247A,104.955,33.371,陇南市,市总工会,颗粒物(PM10),69,87,89,31,25,43,,,,6,10,5,5,0.5,0.5
2024-08-10T0400,2487A,111.9589,27.8901,娄底市,电视发射台,,28,26,31,19,17,29,,,,7,7,7,7,0.8,0.7
2024-08-10T0400,2488A,111.9975,27.725,娄底市,市监测站,,26,21,31,18,22,35,,,,16,6,10,10,0.6,0.4
2024-08-10T0400,2489A,112.0194,27.7314,娄底市,市委党校,,39,39,37,24,21,40,,,,4,4,10,7,0.4,0.4
2024-08-10T0400,2490A,111.9561,27.7569,娄底市,涟钢,颗粒物(PM10),51,51,44,33,22,19,,,,15,24,11,15,0.6,0.9
2024-08-10T0400,2491A,111.9892,27.7044,娄底市,市政府,,42,30,29,29,21,29,,,,11,8,7,7,0.2,0.3
2024-08-10T0400,1893A,105.4324,28.9634,泸州市,九狮山,,30,30,46,13,31,53,,,,6,10,4,5,0.3,0.5
2024-08-10T0400,1894A,105.4427,28.9063,泸州市,小市上码头,,22,19,32,15,20,66,,,,6,12,7,10,0.3,0.4
2024-08-10T0400,1895A,105.4241,28.8573,泸州市,兰田宪桥,,25,24,34,17,30,62,,,,8,14,4,7,0.3,0.4
2024-08-10T0400,1896A,105.4379,28.8833,泸州市,市环监站,,26,26,33,16,26,70,,,,3,10,3,7,0.2,0.3
2024-08-10T0400,3490A,105.3617,28.7703,泸州市,纳溪区环保局,,31,31,38,17,22,70,,,,8,14,4,8,0.4,0.4
2024-08-10T0400,2183A,111.1406,37.5211,吕梁市,环保局,颗粒物(PM10),82,113,42,22,19,5,,,,39,19,4,4,0.7,0.6
2024-08-10T0400,2185A,111.1297,37.5136,吕梁市,自来水公司,颗粒物(PM10),71,92,44,28,17,6,,,,49,27,3,3,0.5,0.6
2024-08-10T0400,2867A,111.1283,37.51,吕梁市,马茂庄小学,颗粒物(PM10),83,115,63,26,22,5,,,,47,33,3,2,0.6,0.6
2024-08-10T0400,1812A,112.3931,34.6516,洛阳市,市委党校,颗粒物(PM10),63,76,35,31,25,53,,,,10,8,4,3,0.6,0.7
2024-08-10T0400,1814A,112.4657,34.6871,洛阳市,豫西宾馆,颗粒物(PM10),69,88,41,29,23,38,,,,27,12,7,3,0.5,0.5
2024-08-10T0400,1815A,112.494,34.6886,洛阳市,河南林校,颗粒物(PM10),52,54,28,25,21,49,,,,14,12,2,1,0.6,0.6
2024-08-10T0400,1816A,112.3844,34.623,洛阳市,开发区管委会,,46,46,29,20,20,43,,,,11,7,1,2,0.4,0.4
2024-08-10T0400,1817A,112.4267,34.6258,洛阳市,市委新办公区,,44,44,27,24,24,54,,,,3,3,3,3,0.5,0.6
2024-08-10T0400,3340A,112.6005,34.6326,洛阳市,伊滨,,41,41,29,18,22,66,,,,6,8,4,3,0.2,0.4
2024-08-10T0400,3341A,112.4951,34.6332,洛阳市,中移产业园,,45,45,35,22,24,59,,,,6,7,3,3,0.5,0.7
2024-08-10T0400,3593A,112.5736,34.8993,洛阳市,吉利监测站,颗粒物(PM10),73,95,31,20,16,57,,,,6,3,3,3,0.5,0.6
2024-08-10T0400,3635A,112.3677,34.662,洛阳市,河科大西苑校区,颗粒物(PM10),75,99,32,24,17,33,,,,34,9,4,4,0.6,0.7
2024-08-10T0400,3636A,112.4388,34.6781,洛阳市,英才小学,颗粒物(PM10),68,85,38,40,30,47,,,,17,6,9,4,0.7,0.6
2024-08-10T0400,2399A,114.051,33.5699,漯河市,三五一五工厂,,22,22,30,7,18,69,,,,8,10,6,6,0.4,0.5
2024-08-10T0400,2400A,114.0055,33.5698,漯河市,漯河大学,,21,21,32,14,19,67,,,,6,7,8,9,0.4,0.4
2024-08-10T0400,2401A,114.0138,33.5828,漯河市,市水利局,,22,17,30,9,15,70,,,,4,6,6,6,0.4,0.5
2024-08-10T0400,2402A,114.0261,33.5698,漯河市,市广电局,,22,17,27,6,17,70,,,,3,5,4,5,0.5,0.6
2024-08-10T0400,3478A,113.9749,33.5664,漯河市,市图书馆,,23,19,31,10,18,72,,,,6,8,8,8,0.4,0.5
2024-08-10T0400,3479A,114.0967,33.5906,漯河市,召陵区卫健委,,23,17,32,13,20,72,,,,2,4,2,2,0.5,0.6
2024-08-10T0400,1798A,118.5092,31.6837,马鞍山市,湖东路四小,,49,44,45,34,23,61,,,,25,16,6,7,0.8,0.8
2024-08-10T0400,1799A,118.5024,31.6449,马鞍山市,开发区,颗粒物(PM10),53,55,50,31,27,28,,,,50,27,4,4,0.8,0.8
2024-08-10T0400,1800A,118.5228,31.7231,马鞍山市,慈湖,,50,50,42,35,29,52,,,,33,23,5,6,0.9,0.9
2024-08-10T0400,1802A,118.6245,31.7241,马鞍山市,濮塘,,38,32,35,26,26,65,,,,12,9,4,4,1.1,0.9
2024-08-10T0400,3633A,118.4918,31.6809,马鞍山市,雨山,,41,41,41,28,25,53,,,,24,14,5,6,1.0,0.9
2024-08-10T0400,1686A,111.0286,21.4688,茂名市,电白南海,,28,19,24,19,17,66,,,,3,5,6,6,0.6,0.5
2024-08-10T0400,1687A,110.9294,21.6533,茂名市,茂石化七小,,20,19,32,14,21,34,,,,9,9,6,8,0.4,0.5
2024-08-10T0400,1688A,110.9107,21.6687,茂名市,健康路,,17,14,23,3,10,54,,,,5,8,8,9,0.5,0.6
2024-08-10T0400,1689A,110.8592,21.6828,茂名市,高岭,,25,17,26,17,19,46,,,,8,13,11,11,0.5,0.5
2024-08-10T0400,3450A,111.01,21.5165,茂名市,电白水东,,24,24,19,9,10,66,,,,3,4,4,4,0.5,0.5
2024-08-10T0400,2539A,104.0308,30.0478,眉山市,黑龙滩水库,,,28,37,3,8,37,,,,,9,6,6,0.3,0.3
2024-08-10T0400,2540A,103.8416,30.0874,眉山市,气象局,,24,24,38,7,17,48,,,,4,8,7,6,0.3,0.5
2024-08-10T0400,3137A,103.8578,30.0744,眉山市,市委党校,,24,24,31,3,13,53,,,,7,15,7,6,0.3,0.4
2024-08-10T0400,3148A,103.8291,30.0564,眉山市,区人社局,,28,28,35,3,14,50,,,,10,19,11,8,0.3,0.4
2024-08-10T0400,1690A,116.1231,24.3284,梅州市,梅江月梅,,45,45,38,28,20,35,,,,15,11,8,8,0.5,0.5
2024-08-10T0400,1691A,116.0797,24.2719,梅州市,梅县新城,,48,42,36,33,31,23,,,,29,20,4,5,0.6,0.6
2024-08-10T0400,1692A,116.1248,24.2654,梅州市,环境监控中心,,36,33,39,25,22,61,,,,12,18,7,8,0.3,0.4
2024-08-10T0400,3315A,116.1233,24.2991,梅州市,梅龙,,33,29,37,23,24,61,,,,12,13,12,9,0.6,0.6
2024-08-10T0400,1878A,104.7778,31.4741,绵阳市,富乐山,,41,41,32,20,19,0,,,,20,10,8,8,0.6,0.5
2024-08-10T0400,1879A,104.7563,31.4535,绵阳市,市人大,,42,42,38,22,18,7,,,,32,26,20,11,0.6,0.5
2024-08-10T0400,1880A,104.6697,31.4668,绵阳市,高新区自来水公司,,36,36,32,14,11,6,,,,30,24,7,6,0.6,0.5
2024-08-10T0400,1881A,104.7287,31.5075,绵阳市,三水厂,,44,44,32,21,19,0,,,,22,23,6,4,0.7,0.7
2024-08-10T0400,3491A,104.69,31.5322,绵阳市,西科大附属小学,颗粒物(PM10),52,54,32,30,16,7,,,,27,20,10,9,0.5,0.4
2024-08-10T0400,3492A,104.5648,31.5343,绵阳市,安州区旅游局,,42,42,27,27,19,10,,,,28,17,9,8,0.5,0.5
2024-08-10T0400,1784A,129.61,44.561,牡丹江市,环保大楼,,25,19,23,17,14,30,,,,7,9,6,7,0.2,0.3
2024-08-10T0400,1785A,129.6115,44.5782,牡丹江市,文化广场,,35,,26,24,25,28,,,,10,12,7,7,0.3,0.4
2024-08-10T0400,1786A,129.5904,44.5963,牡丹江市,第一医院,,24,24,24,11,14,8,,,,13,11,5,5,0.5,0.5
2024-08-10T0400,1787A,129.6364,44.6075,牡丹江市,机车工厂,,26,25,26,18,18,15,,,,13,11,9,15,0.4,0.4
2024-08-10T0400,1788A,129.6386,44.5462,牡丹江市,第一中学,,24,24,27,8,14,16,,,,11,9,4,5,0.3,0.4
2024-08-10T0400,2531A,105.0703,29.61,内江市,市监测站,,39,29,34,27,30,75,,,,4,13,3,3,0.3,0.4
2024-08-10T0400,2532A,105.0717,29.5947,内江市,东兴区政府,,22,21,33,15,20,67,,,,4,12,7,9,0.6,0.7
2024-08-10T0400,2533A,105.0653,29.5817,内江市,内江二中,,27,27,33,17,26,68,,,,4,11,1,3,0.5,0.6
2024-08-10T0400,2534A,105.0406,29.5822,内江市,内江日报社,,37,37,37,14,25,67,,,,8,12,2,5,0.3,0.4
2024-08-10T0400,2628A,92.0657,31.4846,那曲市,那曲监测站,,31,28,32,7,12,99,,,,5,8,6,7,0.4,0.4
2024-08-10T0400,3128A,92.0506,31.4797,那曲市,那曲会议中心,,35,15,19,9,9,111,,,,2,7,3,4,0.3,0.3
2024-08-10T0400,1290A,115.8931,28.6843,南昌市,省外办,,47,47,51,24,26,49,,,,27,16,9,11,0.5,0.3
2024-08-10T0400,1291A,115.8886,28.7003,南昌市,省林业公司,,46,46,40,27,21,45,,,,26,17,8,10,0.5,0.5
2024-08-10T0400,1292A,115.8126,28.7442,南昌市,林科所,,22,22,31,12,18,69,,,,14,29,13,16,0.2,0.3
2024-08-10T0400,1294A,115.8518,28.687,南昌市,建工学校,,39,39,39,16,16,52,,,,26,18,11,12,0.4,0.4
2024-08-10T0400,1295A,115.8921,28.6424,南昌市,象湖,,36,36,35,21,20,46,,,,21,20,5,9,0.5,0.6
2024-08-10T0400,1296A,115.7423,28.7996,南昌市,武术学校,,22,22,25,12,18,16,,,,7,6,1,2,0.6,0.6
2024-08-10T0400,1298A,115.9314,28.6842,南昌市,省站,,30,21,40,21,24,52,,,,15,13,9,12,0.6,0.6
2024-08-10T0400,3046A,115.9084,28.6062,南昌市,机电学校,,36,36,44,22,21,40,,,,18,16,10,11,0.6,0.6
2024-08-10T0400,3690A,115.9721,28.7031,南昌市,外国语学校,颗粒物(PM10),60,69,44,20,21,20,,,,46,15,4,5,0.3,0.2
2024-08-10T0400,1905A,106.056,30.8064,南充市,西山风景区,,48,48,22,13,16,35,,,,7,14,1,2,0.1,0.1
2024-08-10T0400,1906A,106.0789,30.8023,南充市,南充市委,,35,35,31,14,14,43,,,,8,10,6,7,0.3,0.3
2024-08-10T0400,1907A,106.1031,30.8217,南充市,南充炼油厂,,41,41,44,17,17,38,,,,8,12,5,6,0.5,0.3
2024-08-10T0400,1908A,106.1064,30.7856,南充市,高坪区监测站,,35,35,29,12,15,37,,,,9,11,5,6,0.1,0.2
2024-08-10T0400,1909A,106.0642,30.7636,南充市,嘉陵区环保局,,33,33,32,22,17,46,,,,8,12,7,7,0.2,0.3
2024-08-10T0400,1910A,106.1087,30.8388,南充市,市环境监测站,,31,31,36,14,19,37,,,,8,10,4,5,0.5,0.4
2024-08-10T0400,1151A,118.8086,32.1065,南京市,迈皋桥,,34,34,32,19,20,72,,,,20,23,11,8,0.1,0.4
2024-08-10T0400,1152A,118.7538,32.0551,南京市,草场门,,39,39,35,17,19,51,,,,41,18,6,6,0.6,0.6
2024-08-10T0400,1153A,118.7794,32.0745,南京市,山西路,,,41,40,,23,72,,,,13,10,3,4,0.5,0.5
2024-08-10T0400,1154A,118.7752,32.0023,南京市,中华门,,35,31,34,24,20,45,,,,39,20,4,4,0.6,0.6
2024-08-10T0400,1155A,118.8109,32.0309,南京市,瑞金路,,39,39,40,27,23,73,,,,8,9,6,5,0.5,0.5
2024-08-10T0400,1156A,118.7997,32.0754,南京市,玄武湖,,42,42,41,19,19,78,,,,10,9,4,4,0.6,0.6
2024-08-10T0400,1157A,118.6414,32.0931,南京市,浦口,,44,44,36,26,19,37,,,,28,12,6,7,0.4,0.4
2024-08-10T0400,1158A,118.7356,31.9996,南京市,奥体中心,,35,34,37,24,24,71,,,,23,19,6,8,0.4,0.5
2024-08-10T0400,1159A,118.9125,32.1028,南京市,仙林大学城,颗粒物(PM10),51,51,39,29,23,88,,,,18,18,10,9,0.6,0.7
2024-08-10T0400,3422A,118.8436,31.9198,南京市,江宁彩虹桥,,42,42,39,24,22,70,,,,16,17,4,4,0.8,0.8
2024-08-10T0400,3423A,119.0138,31.6494,南京市,溧水永阳,,44,44,38,29,23,106,,,,12,15,3,4,0.6,0.5
2024-08-10T0400,3424A,118.879,31.3302,南京市,高淳老职中,,40,40,39,27,26,86,,,,13,10,6,4,0.4,0.5
2024-08-10T0400,3427A,118.8554,32.3578,南京市,六合雄州,颗粒物(PM10),55,59,44,32,29,17,,,,42,22,8,7,1.0,1
2024-08-10T0400,1401A,108.3103,22.7881,南宁市,二十一中,,23,23,22,10,12,54,,,,7,8,3,4,0.6,0.6
2024-08-10T0400,1402A,108.3141,22.8528,南宁市,北湖,,30,30,25,14,13,58,,,,6,9,3,2,0.6,0.6
2024-08-10T0400,1403A,108.3206,22.8225,南宁市,市监测站,,22,22,23,13,11,59,,,,6,9,5,5,0.6,0.6
2024-08-10T0400,1404A,108.3829,22.8037,南宁市,大自然花园,,20,20,21,10,11,56,,,,8,7,4,4,0.6,0.5
2024-08-10T0400,1405A,108.4394,22.7904,南宁市,仙葫,,20,19,23,14,11,52,,,,7,5,6,6,0.7,0.6
2024-08-10T0400,1406A,108.2397,22.8467,南宁市,区农职院,,24,24,26,12,12,51,,,,10,9,5,5,0.7,0.8
2024-08-10T0400,1407A,108.3275,22.735,南宁市,英华嘉园,,27,27,25,9,11,52,,,,10,15,5,6,0.5,0.5
2024-08-10T0400,1408A,108.2257,22.7757,南宁市,沙井镇街道办,,38,38,30,15,17,42,,,,18,13,2,2,0.6,0.6
2024-08-10T0400,3401A,108.4834,22.7618,南宁市,红星社区,,33,30,28,23,20,32,,,,12,9,6,6,0.5,0.5
2024-08-10T0400,2331A,118.0966,26.6761,南平市,茫荡山,,,,,,,,,,,,,,,,
2024-08-10T0400,2332A,118.1681,26.6369,南平市,南平市监测站,,28,25,28,19,16,22,,,,18,12,4,5,0.6,0.7
2024-08-10T0400,2333A,118.1825,26.6489,南平市,南平铝业有限公司,,24,24,30,15,22,27,,,,13,12,5,7,0.6,0.7
2024-08-10T0400,2334A,118.1756,26.6272,南平市,南平七中,,29,29,30,18,18,18,,,,16,11,4,5,0.5,0.6
2024-08-10T0400,1168A,120.9098,31.9663,南通市,狼山街道,,26,22,25,12,14,7,,,,51,27,8,8,0.4,0.5
2024-08-10T0400,1169A,120.86,32.0005,南通市,虹桥,,26,26,28,12,16,21,,,,33,24,8,7,0.7,0.7
2024-08-10T0400,1170A,120.87,32.02,南通市,城中,,31,31,34,15,13,20,,,,40,22,9,7,0.8,0.8
2024-08-10T0400,1171A,120.94,31.93,南通市,星湖花园,,19,18,25,9,11,18,,,,37,28,6,6,0.5,0.6
2024-08-10T0400,1172A,120.81,32.0417,南通市,紫琅学院,,31,31,27,12,12,7,,,,57,33,11,9,0.6,0.7
2024-08-10T0400,3291A,121.067,32.062,南通市,通州监测站,,24,24,30,9,11,18,,,,24,14,4,5,0.6,0.7
2024-08-10T0400,3432A,120.9348,31.9883,南通市,环境教育馆,,34,34,31,10,12,21,,,,39,29,10,9,0.5,0.5
2024-08-10T0400,2404A,112.5224,33.0122,南阳市,瓦房庄,,28,28,30,15,18,41,,,,17,14,5,4,0.6,0.5
2024-08-10T0400,2405A,112.5003,32.9735,南阳市,汉画馆,,37,37,33,19,20,27,,,,23,14,5,5,0.9,0.6
2024-08-10T0400,2406A,112.5573,33.027,南阳市,气象站,,40,40,33,17,17,49,,,,12,10,5,5,0.5,0.5
2024-08-10T0400,2407A,112.5481,32.9689,南阳市,理工学院,,27,27,27,15,15,32,,,,24,13,5,5,0.7,0.6
2024-08-10T0400,4008A,112.5234,32.9922,南阳市,卧龙区政府,,32,32,33,16,21,27,,,,22,16,5,4,0.8,0.7
2024-08-10T0400,1234A,121.8358,29.911,宁波市,区环保大楼,,23,23,27,14,14,56,,,,14,14,7,8,0.6,0.6
2024-08-10T0400,1235A,121.56,29.82,宁波市,万里学院,,39,34,33,27,21,58,,,,13,12,11,9,0.6,0.6
2024-08-10T0400,1236A,121.713,29.9572,宁波市,龙赛医院,,17,12,24,9,14,53,,,,11,13,8,9,0.6,0.6
2024-08-10T0400,1239A,121.633,29.7733,宁波市,钱湖水厂,,20,18,21,14,15,40,,,,9,6,6,6,0.6,0.5
2024-08-10T0400,1240A,121.5856,29.8635,宁波市,太古小学,,28,28,28,9,14,52,,,,10,9,7,6,1.0,0.9
2024-08-10T0400,1241A,121.524,29.8674,宁波市,市环境监测中心,,28,28,27,13,14,63,,,,8,12,4,5,0.6,0.6
2024-08-10T0400,2871A,121.6147,29.9017,宁波市,万里国际学校,,27,27,26,16,18,60,,,,8,11,6,7,0.4,0.4
2024-08-10T0400,3710A,121.5594,29.8975,宁波市,白沙活动中心,,24,24,31,15,16,56,,,,14,12,10,7,0.5,0.5
2024-08-10T0400,2339A,119.5001,26.6946,宁德市,金涵水库,,,,,,,,,,,,,,,,
2024-08-10T0400,2341A,119.5388,26.6612,宁德市,宁德市监测站,,41,41,45,27,28,92,,,,9,12,4,5,0.6,0.8
2024-08-10T0400,3209A,119.5231,26.6562,宁德市,宁德一中,,48,40,48,33,32,73,,,,6,11,4,5,1.0,1.2
2024-08-10T0400,2618A,98.8601,25.8567,怒江傈僳族自治州,州监测站,,21,21,18,13,11,8,,,,18,9,10,10,0.5,0.5
2024-08-10T0400,2619A,98.8546,25.8417,怒江傈僳族自治州,泸水一中,,12,12,13,3,6,3,,,,18,12,4,5,0.5,0.5
2024-08-10T0400,1888A,101.6891,26.571,攀枝花市,弄弄坪,,26,17,42,3,15,82,,,,7,21,10,19,0.5,0.7
2024-08-10T0400,1889A,101.5769,26.5928,攀枝花市,河门口,,25,9,26,3,13,77,,,,9,15,4,12,0.6,0.8
2024-08-10T0400,1890A,101.7169,26.585,攀枝花市,炳草岗,,29,10,44,3,14,90,,,,6,20,6,27,0.6,0.6
2024-08-10T0400,1891A,101.7369,26.5008,攀枝花市,仁和,,23,20,19,8,11,68,,,,24,11,44,12,2.3,0.7
2024-08-10T0400,2835A,101.7227,26.567,攀枝花市,四十中小,,29,26,29,9,15,92,,,,5,15,5,14,0.6,0.6
2024-08-10T0400,1604A,122.0303,41.1489,盘锦市,开发区,,21,,44,13,25,66,,,,8,13,7,6,0.5,0.9
2024-08-10T0400,1605A,122.0485,41.0883,盘锦市,兴隆台,,18,14,38,10,24,55,,,,9,19,5,4,0.5,0.9
2024-08-10T0400,1606A,121.8297,41.1028,盘锦市,新生街道,,30,30,31,17,20,44,,,,10,10,5,5,0.6,0.9
2024-08-10T0400,1832A,113.3257,33.742,平顶山市,新华旅馆,,34,34,38,15,21,54,,,,10,11,4,3,0.5,0.5
2024-08-10T0400,1833A,113.2919,33.737,平顶山市,规划设计院,,26,26,25,9,17,46,,,,17,14,6,6,0.9,0.9
2024-08-10T0400,1834A,113.182,33.774,平顶山市,平顶山工学院,,21,19,26,3,12,65,,,,5,8,5,5,0.7,0.8
2024-08-10T0400,3204A,113.3025,33.73,平顶山市,规划局,,16,,25,10,19,49,,,,12,12,2,3,0.5,0.5
2024-08-10T0400,3594A,112.8867,33.9116,平顶山市,石龙区,,44,44,39,18,24,27,,,,31,15,9,10,0.4,0.5
2024-08-10T0400,2656A,106.6692,35.5461,平凉市,聚贤嘉苑,颗粒物(PM10),430,530,108,94,23,85,,,,14,24,7,7,0.2,0.2
2024-08-10T0400,2657A,106.7021,35.5307,平凉市,博物馆,颗粒物(PM10),432,532,100,98,20,66,,,,23,16,9,8,0.0,0.1
2024-08-10T0400,2347A,114.0997,27.5002,萍乡市,武功山,,13,10,9,3,6,39,,,,5,4,17,17,0.2,0.3
2024-08-10T0400,2348A,113.8385,27.6434,萍乡市,中医院,,31,31,28,21,15,19,,,,16,15,7,6,0.8,0.7
2024-08-10T0400,2349A,113.8493,27.6253,萍乡市,市政府车库,,45,45,29,21,17,31,,,,11,8,15,12,0.6,0.5
2024-08-10T0400,2350A,113.8676,27.6435,萍乡市,市环保局,,37,37,27,24,17,20,,,,26,8,18,13,1.5,0.7
2024-08-10T0400,2351A,113.866,27.6198,萍乡市,安源区政府,,38,38,31,12,13,32,,,,14,10,12,11,0.5,0.5
2024-08-10T0400,2319A,119.0141,25.4325,莆田市,荔城区仓后路,,45,39,55,31,34,38,,,,14,13,6,7,0.6,0.7
2024-08-10T0400,2320A,119.0015,25.4553,莆田市,莆田市监测站,,43,,45,30,30,42,,,,7,10,5,6,0.5,0.6
2024-08-10T0400,2321A,119.1119,25.4561,莆田市,涵江区六中,细颗粒物(PM2.5),67,,50,48,37,70,,,,20,12,8,7,0.8,0.8
2024-08-10T0400,2322A,119.1013,25.3215,莆田市,秀屿区政府,细颗粒物(PM2.5),82,,43,60,41,88,,,,11,13,7,8,0.6,0.7
2024-08-10T0400,2323A,118.981,25.4792,莆田市,东圳水库,,,,,,,,,,,,,,,,
2024-08-10T0400,2392A,115.0312,35.7636,濮阳市,环保局,,19,19,25,13,19,50,,,,8,8,5,4,0.6,0.6
2024-08-10T0400,2394A,115.0574,35.7609,濮阳市,油田运输公司,,20,14,23,14,21,54,,,,6,7,3,2,0.5,0.5
2024-08-10T0400,2395A,115.0866,35.7754,濮阳市,油田物探公司,,20,14,24,14,21,56,,,,4,6,3,2,0.5,0.5
2024-08-10T0400,3021A,115,35.7668,濮阳市,濮水河管理处,,26,19,25,18,22,34,,,,8,6,1,2,0.7,0.6
2024-08-10T0400,2601A,100.98,22.7633,普洱市,市环保局,,23,23,20,12,11,10,,,,5,6,9,8,0.4,0.4
2024-08-10T0400,2602A,100.9817,22.8322,普洱市,普洱第二中学,,21,21,21,12,13,3,,,,10,7,5,4,0.4,0.4
2024-08-10T0400,2262A,131.0518,45.8751,七台河市,新一中,,16,16,20,10,13,5,,,,20,14,9,10,1.4,1.4
2024-08-10T0400,3345A,131.0577,45.7879,七台河市,中波台,,22,22,15,11,7,5,,,,35,23,10,10,0.5,0.4
2024-08-10T0400,3637A,131.0176,45.7761,七台河市,人民广场,,23,23,29,11,12,32,,,,13,17,11,11,0.3,0.4
2024-08-10T0400,3684A,130.8781,45.8222,七台河市,新建矿广场,,44,44,39,19,14,5,,,,22,20,9,9,0.4,0.4
2024-08-10T0400,1779A,123.9305,47.3636,齐齐哈尔市,安居小区,,39,,34,27,28,48,,,,15,13,8,7,0.5,0.5
2024-08-10T0400,1780A,123.9488,47.3386,齐齐哈尔市,中心广场,,30,30,38,18,20,52,,,,11,15,3,3,0.4,0.4
2024-08-10T0400,1781A,123.9483,47.3227,齐齐哈尔市,农牧车辆厂,,36,36,45,18,22,43,,,,13,15,8,9,0.2,0.3
2024-08-10T0400,1783A,123.945,47.2988,齐齐哈尔市,市环境监测站,,32,32,35,19,24,39,,,,16,11,7,8,0.3,0.3
2024-08-10T0400,3662A,123.6333,47.2075,齐齐哈尔市,富区青少年活动中心,,33,33,39,14,18,32,,,,20,15,4,7,0.5,0.5
2024-08-10T0400,2591A,107.9783,26.5747,黔东南苗族侗族自治州,市环境监测站,,21,17,18,13,13,66,,,,4,7,3,3,0.3,0.3
2024-08-10T0400,2881A,107.8908,26.5311,黔东南苗族侗族自治州,凯里学院,,20,19,15,12,13,64,,,,4,4,4,4,0.3,0.3
2024-08-10T0400,2593A,107.5228,26.2403,黔南布依族苗族自治州,小围寨,,14,14,14,7,7,42,,,,4,4,5,5,0.4,0.4
2024-08-10T0400,3538A,107.5175,26.2978,黔南布依族苗族自治州,沙坝,,18,17,18,12,9,30,,,,4,4,4,4,0.4,0.4
2024-08-10T0400,2589A,104.9022,25.0925,黔西南布依族苗族自治州,场坝街,,29,21,18,20,10,49,,,,4,5,4,4,0.2,0.2
2024-08-10T0400,2590A,104.8811,25.0992,黔西南布依族苗族自治州,坪东大道,,36,36,19,15,10,49,,,,2,5,5,5,0.3,0.2
2024-08-10T0400,2502A,108.6236,21.9667,钦州市,市环保站,,22,22,23,3,8,39,,,,20,15,8,7,0.6,0.6
2024-08-10T0400,2503A,108.6549,21.9481,钦州市,沙埠小学,,36,36,26,14,12,23,,,,26,14,7,5,0.7,0.6
2024-08-10T0400,2504A,108.5989,21.7431,钦州市,港区一小,,25,25,30,9,11,62,,,,7,11,7,7,0.5,0.6
2024-08-10T0400,3404A,108.5959,21.9633,钦州市,北职校,,28,28,27,11,12,37,,,,17,11,5,5,0.6,0.6
2024-08-10T0400,1042A,119.5134,39.8207,秦皇岛市,北戴河环保局,,37,37,35,7,14,61,,,,6,5,2,2,0.4,0.3
2024-08-10T0400,1043A,119.7493,40.0116,秦皇岛市,第一关,,30,30,51,3,42,56,,,,5,18,3,3,0.2,0.5
2024-08-10T0400,1044A,119.5897,39.9499,秦皇岛市,监测站,,40,40,59,19,35,62,,,,6,15,3,3,0.3,0.6
2024-08-10T0400,1046A,119.5251,39.9041,秦皇岛市,建设大厦,,30,24,40,6,14,96,,,,3,8,1,2,0.2,0.4
2024-08-10T0400,3132A,119.610547,39.943889,秦皇岛市,文明里,,27,27,30,6,18,63,,,,2,6,3,3,0.2,0.4
2024-08-10T0400,1307A,120.6659,36.2403,青岛市,仰口,,26,,12,14,12,83,,,,2,4,7,6,0.1,0.2
2024-08-10T0400,1310A,120.4134,36.0658,青岛市,市南区东部子站,,20,9,11,3,4,61,,,,5,8,8,7,0.4,0.4
2024-08-10T0400,1311A,120.3664,36.1032,青岛市,四方区子站,,23,14,13,7,9,71,,,,2,8,9,9,0.5,0.6
2024-08-10T0400,1312A,120.2994,36.054,青岛市,市南区西部子站,,23,9,13,3,3,72,,,,2,20,7,8,0.5,0.6
2024-08-10T0400,1313A,120.4581,36.0858,青岛市,崂山区子站,,20,12,8,3,3,61,,,,8,10,8,8,0.4,0.5
2024-08-10T0400,1314A,120.1983,35.9608,青岛市,黄岛区子站,,22,7,9,3,7,68,,,,7,10,7,7,0.5,0.6
2024-08-10T0400,1315A,120.3999,36.3083,青岛市,城阳区子站,,23,7,14,7,8,71,,,,7,12,7,6,0.4,0.5
2024-08-10T0400,1966A,120.0405,35.8735,青岛市,黄岛区4号,,21,6,9,3,4,65,,,,8,12,6,7,0.4,0.5
2024-08-10T0400,3362A,120.5014,36.4034,青岛市,即墨2号,,21,9,13,8,12,67,,,,4,4,6,6,0.3,0.4
2024-08-10T0400,3642A,120.3503,36.0736,青岛市,市北区南部,,26,11,15,3,6,82,,,,7,10,8,8,0.5,0.6
2024-08-10T0400,3643A,120.3948,36.1805,青岛市,李沧区北部,,24,9,17,7,12,75,,,,8,16,8,8,0.3,0.4
2024-08-10T0400,1702A,113.0426,23.691,清远市,环保大楼,,29,20,35,20,19,29,,,,14,13,7,6,0.4,0.5
2024-08-10T0400,1703A,113.0208,23.7106,清远市,凤城街办,,22,22,39,13,25,21,,,,14,13,5,4,0.5,0.5
2024-08-10T0400,3025A,113.0477,23.6344,清远市,技师学院,,24,24,40,11,20,30,,,,23,22,6,8,0.7,0.8
2024-08-10T0400,3318A,112.9903,23.7403,清远市,清新太和,,29,29,45,14,24,27,,,,10,12,3,3,0.5,0.5
2024-08-10T0400,3455A,113.076,23.7198,清远市,清城东城,,19,19,44,9,24,26,,,,12,12,6,6,0.7,0.7
2024-08-10T0400,2661A,107.6325,35.7357,庆阳市,庆阳五中,颗粒物(PM10),500,858,229,164,38,93,,,,4,7,4,5,0.2,0.2
2024-08-10T0400,2662A,107.6364,35.7067,庆阳市,市环保局,颗粒物(PM10),500,719,193,175,40,86,,,,7,6,23,7,0.3,0.3
2024-08-10T0400,1916A,103.7897,25.5035,曲靖市,环境监测站,,16,16,19,9,8,22,,,,16,10,6,2,0.4,0.5
2024-08-10T0400,1917A,103.8,25.5364,曲靖市,烟厂办公区,,18,18,16,7,8,27,,,,15,10,4,4,0.3,0.3
2024-08-10T0400,3376A,103.7947,25.462,曲靖市,南苑二区,,31,31,14,9,6,25,,,,18,9,13,6,0.6,0.5
2024-08-10T0400,3377A,103.7444,25.5261,曲靖市,曲靖师范学院,,15,12,15,10,8,27,,,,16,10,6,6,0.5,0.5
2024-08-10T0400,1264A,118.8692,28.9398,衢州市,环保大楼,,31,31,34,21,23,36,,,,16,14,6,6,0.6,0.6
2024-08-10T0400,1265A,118.8709,28.9666,衢州市,实验学校,,30,29,32,21,14,40,,,,8,10,6,5,0.3,0.4
2024-08-10T0400,1266A,118.8621,28.9808,衢州市,衢州学院,,28,28,34,19,24,51,,,,8,16,4,4,0.6,0.7
2024-08-10T0400,1611A,118.5819,24.9117,泉州市,涂山街,,33,33,47,22,26,21,,,,15,18,4,5,0.6,0.6
2024-08-10T0400,1612A,118.5972,24.8978,泉州市,津头埔,,32,32,44,20,25,28,,,,16,20,3,4,0.6,0.7
2024-08-10T0400,1613A,118.6663,24.9424,泉州市,万安,,25,25,39,14,23,23,,,,20,19,3,4,0.5,0.6
2024-08-10T0400,1614A,118.6117,24.9604,泉州市,清源山,,,,,,,,,,,,,,,,
2024-08-10T0400,3529A,118.6333,24.9264,泉州市,城华南路,,26,26,39,18,24,42,,,,9,14,3,3,0.5,0.6
2024-08-10T0400,2626A,88.8876,29.2718,日喀则市,日喀则监测站,,35,6,4,3,2,112,,,,5,6,4,5,0.5,0.5
2024-08-10T0400,3726A,88.8781,29.2426,日喀则市,林业技术推广中心,,29,,3,3,4,91,,,,7,6,6,6,0.5,0.5
2024-08-10T0400,1659A,119.471,35.4209,日照市,监测站,,25,17,15,17,12,31,,,,31,19,10,10,0.6,0.6
2024-08-10T0400,1660A,119.523,35.4216,日照市,市政府广场,,19,7,11,3,8,58,,,,9,7,8,8,0.6,0.6
2024-08-10T0400,1661A,119.5587,35.4044,日照市,港务局,,16,14,15,3,5,51,,,,6,8,12,10,0.4,0.4
2024-08-10T0400,3507A,119.5328,35.4625,日照市,职业技术学院,,16,12,13,9,9,50,,,,8,8,9,9,0.5,0.6
2024-08-10T0400,3604A,119.3266,35.1044,日照市,岚山环保分局,,22,19,24,7,6,70,,,,18,16,9,9,0.5,0.5
2024-08-10T0400,1835A,111.1922,34.7752,三门峡市,市政府,颗粒物(PM10),78,105,42,21,15,4,,,,39,20,7,7,0.5,0.6
2024-08-10T0400,1836A,111.1587,34.7942,三门峡市,开发区,,,60,30,,22,9,,,,32,11,8,8,0.4,0.5
2024-08-10T0400,1838A,111.143,34.7955,三门峡市,风景区,,,,,,,,,,,,,,,,
2024-08-10T0400,3039A,111.1911,34.7829,三门峡市,三门峡市第一小学,颗粒物(PM10),79,107,43,21,13,6,,,,40,18,8,8,0.5,0.6
2024-08-10T0400,3598A,111.1,34.7167,三门峡市,富达温泉假日酒店,颗粒物(PM10),64,77,52,39,22,13,,,,23,15,14,15,0.7,0.7
2024-08-10T0400,2324A,117.6211,26.2625,三明市,三钢,,24,24,31,16,20,23,,,,12,14,9,11,0.4,0.9
2024-08-10T0400,2325A,117.635,26.2714,三明市,三明二中,,23,23,28,13,17,23,,,,13,15,3,6,0.6,0.9
2024-08-10T0400,2326A,117.6028,26.2378,三明市,三元区政府,,34,34,33,20,21,16,,,,11,13,1,4,0.3,0.4
2024-08-10T0400,2327A,117.7275,26.3108,三明市,洋溪,,,,,,,,,,,,,,,,
2024-08-10T0400,1876A,109.5078,18.2489,三亚市,河东子站,,18,15,16,12,9,44,,,,5,5,3,3,0.3,0.3
2024-08-10T0400,1877A,109.4964,18.2681,三亚市,河西子站,,21,21,17,10,10,34,,,,9,8,3,3,0.3,0.3
2024-08-10T0400,3540A,109.7348,18.3443,三亚市,君悦子站,,18,18,21,9,10,34,,,,10,10,1,2,0.2,0.2
2024-08-10T0400,2624A,91.7608,29.2313,山南市,山南监测站,,21,6,5,3,4,65,,,,4,4,6,6,0.3,0.3
2024-08-10T0400,2625A,91.7706,29.2436,山南市,山南人民医院,,21,6,9,3,5,65,,,,11,8,7,7,0.4,0.4
2024-08-10T0400,1674A,116.6794,23.3667,汕头市,金平子站,,19,12,35,9,18,60,,,,4,7,3,4,0.8,0.9
2024-08-10T0400,1675A,116.7244,23.3633,汕头市,龙湖子站,,15,14,32,6,17,47,,,,9,12,5,6,0.4,0.5
2024-08-10T0400,1676A,116.7258,23.2775,汕头市,濠江子站,,18,11,24,6,13,56,,,,7,11,4,5,0.5,0.6
2024-08-10T0400,1677A,116.7519,23.4714,汕头市,澄海子站,,26,23,39,18,25,46,,,,14,18,3,4,0.7,0.9
2024-08-10T0400,1678A,116.6092,23.2539,汕头市,潮阳子站,,20,,26,14,17,52,,,,3,5,4,5,0.4,0.5
2024-08-10T0400,3444A,116.454,23.2684,汕头市,潮南峡山,,18,16,30,12,18,40,,,,2,5,5,5,0.5,0.6
2024-08-10T0400,3624A,116.4069,23.2533,汕头市,潮南子站,,15,12,31,7,16,46,,,,1,5,4,4,0.5,0.6
2024-08-10T0400,1693A,115.3653,22.775,汕尾市,市环保局,,16,16,17,7,8,27,,,,13,12,6,6,0.4,0.4
2024-08-10T0400,1694A,115.3706,22.7898,汕尾市,市政府,,16,16,15,3,7,29,,,,13,11,5,6,0.3,0.4
2024-08-10T0400,1695A,115.3622,22.7925,汕尾市,新城中学,,16,16,18,7,8,33,,,,7,8,6,6,0.4,0.4
2024-08-10T0400,2645A,109.9154,33.8715,商洛市,监测站,颗粒物(PM10),79,108,69,31,28,31,,,,7,11,4,7,0.3,0.4
2024-08-10T0400,3045A,109.9643,33.8471,商洛市,商州区中学,颗粒物(PM10),74,98,87,29,23,14,,,,23,13,4,4,0.6,0.6
2024-08-10T0400,2408A,115.6702,34.4285,商丘市,环境监测站,,28,,39,19,23,74,,,,3,5,3,5,0.5,0.6
2024-08-10T0400,2409A,115.6458,34.4045,商丘市,粮食局,,25,,52,17,21,75,,,,2,8,4,4,0.5,0.6
2024-08-10T0400,2410A,115.6293,34.3948,商丘市,睢阳区环保局,,26,26,46,18,22,73,,,,3,8,5,5,0.4,0.5
2024-08-10T0400,3171A,115.6071,34.4465,商丘市,梁园区档案局,,23,19,40,12,22,73,,,,2,8,5,5,0.5,0.7
2024-08-10T0400,1141A,121.4,31.238,上海市,普陀,,28,28,34,11,16,32,,,,17,20,7,7,0.4,0.4
2024-08-10T0400,1142A,121.478,31.2036,上海市,十五厂,,26,26,33,11,19,33,,,,18,23,8,8,0.3,0.4
2024-08-10T0400,1143A,121.467,31.3008,上海市,虹口,,25,25,32,11,18,34,,,,14,18,8,8,0.5,0.5
2024-08-10T0400,1144A,121.412,31.1654,上海市,徐汇上师大,,27,27,38,14,22,34,,,,20,24,4,5,0.7,0.7
2024-08-10T0400,1145A,121.536,31.2659,上海市,杨浦四漂,,20,20,37,11,16,35,,,,14,17,7,7,0.6,0.6
2024-08-10T0400,1147A,121.425,31.2261,上海市,静安监测站,,30,30,33,13,17,33,,,,16,20,6,7,0.5,0.5
2024-08-10T0400,1148A,121.703,31.1907,上海市,浦东川沙,,23,23,31,14,15,35,,,,16,18,6,6,0.5,0.5
2024-08-10T0400,1149A,121.533,31.2284,上海市,浦东新区监测站,,23,23,30,10,17,32,,,,14,18,5,5,0.5,0.5
2024-08-10T0400,1150A,121.577,31.2071,上海市,浦东张江,,27,27,31,13,17,29,,,,16,22,6,5,0.5,0.6
2024-08-10T0400,3265A,121.4316,31.3322,上海市,宝山庙行,,24,24,34,11,19,36,,,,16,21,6,7,0.6,0.6
2024-08-10T0400,3266A,121.8791,31.4662,上海市,崇明上实东滩,,16,16,18,11,12,41,,,,16,15,8,8,0.6,0.6
2024-08-10T0400,3268A,121.3162,31.2838,上海市,嘉定南翔,,26,26,33,14,19,25,,,,22,28,8,7,0.5,0.5
2024-08-10T0400,3269A,121.3359,30.7456,上海市,金山新城,,27,27,29,17,20,57,,,,11,12,8,8,0.6,0.6
2024-08-10T0400,3270A,121.4996,31.0739,上海市,闵行浦江,,23,23,27,16,19,35,,,,18,18,6,6,0.6,0.5
2024-08-10T0400,3271A,121.2886,31.1663,上海市,青浦徐泾,,23,23,32,14,17,33,,,,18,19,7,7,0.5,0.6
2024-08-10T0400,3272A,121.2186,31.0378,上海市,松江图书馆,,25,22,31,17,20,28,,,,25,19,6,6,0.7,0.6
2024-08-10T0400,3273A,121.3902,31.2059,上海市,长宁仙霞,,26,26,34,14,19,34,,,,19,23,10,9,0.6,0.6
2024-08-10T0400,3274A,121.7965,31.0507,上海市,浦东惠南,,24,24,30,14,16,34,,,,16,16,8,8,0.5,0.5
2024-08-10T0400,3544A,121.4891,30.925,上海市,奉贤南桥新城,,26,26,29,15,18,30,,,,22,18,8,8,0.7,0.6
2024-08-10T0400,2381A,118.005,28.4572,上饶市,百草园,,37,37,31,19,18,32,,,,20,9,2,8,0.5,0.5
2024-08-10T0400,2382A,117.9756,28.4436,上饶市,市监测站,,44,44,35,29,20,23,,,,30,16,17,15,0.6,0.6
2024-08-10T0400,2383A,117.9519,28.4628,上饶市,凤凰光学,,49,47,36,34,19,13,,,,36,13,9,9,0.9,0.8
2024-08-10T0400,3413A,118.1953,28.4401,上饶市,广丰区教体局,,28,19,24,19,14,31,,,,11,8,14,13,0.8,0.7
2024-08-10T0400,3685A,117.897,28.4315,上饶市,双创科技城,颗粒物(PM10),51,52,37,28,18,17,,,,26,15,32,11,0.8,0.7
2024-08-10T0400,1669A,113.5824,24.7733,韶关市,市八中,,36,36,43,24,26,71,,,,17,12,19,14,0.8,0.8
2024-08-10T0400,1671A,113.5917,24.7972,韶关市,园林处,细颗粒物(PM2.5),52,51,35,36,29,77,,,,17,12,15,14,0.7,0.6
2024-08-10T0400,1672A,113.6735,24.7791,韶关市,韶关学院,,45,41,38,31,27,72,,,,15,11,12,17,0.5,0.6
2024-08-10T0400,1673A,113.5971,24.6863,韶关市,曲江监测站,,40,40,45,23,26,65,,,,16,15,12,14,0.5,0.5
2024-08-10T0400,3622A,113.5556,24.8082,韶关市,碧湖山庄,,45,45,40,30,25,61,,,,14,8,12,11,0.7,0.6
2024-08-10T0400,2462A,111.5239,27.3033,邵阳市,市水土所,,29,29,32,19,19,3,,,,7,8,3,4,0.6,0.5
2024-08-10T0400,2463A,111.4733,27.2317,邵阳市,市一中,,33,25,32,23,18,48,,,,9,8,7,7,0.6,0.5
2024-08-10T0400,2464A,111.5283,27.2442,邵阳市,市化工厂,,34,34,27,22,19,30,,,,13,8,8,8,0.7,0.6
2024-08-10T0400,2465A,111.4503,27.2537,邵阳市,市罐头厂,,45,34,34,31,22,45,,,,10,9,20,10,0.4,0.4
2024-08-10T0400,2466A,111.4328,27.2272,邵阳市,市环保局,,40,36,30,28,19,38,,,,12,7,23,11,0.4,0.4
2024-08-10T0400,1247A,120.6053,29.9928,绍兴市,城东开发委,,34,34,37,20,25,76,,,,9,11,6,7,0.8,0.8
2024-08-10T0400,2921A,120.5483,30.0003,绍兴市,树下王站,,32,30,35,22,27,74,,,,11,9,4,4,0.7,0.7
2024-08-10T0400,3408A,120.5683,29.9361,绍兴市,绍兴中专,,42,32,37,29,27,70,,,,20,14,3,3,0.6,0.6
2024-08-10T0400,3409A,120.4906,30.0861,绍兴市,柯桥区政府,,46,46,49,27,30,79,,,,14,16,5,5,0.8,0.8
2024-08-10T0400,3410A,120.8752,30.0249,绍兴市,重华小学,,35,35,38,20,26,73,,,,13,11,6,6,0.7,0.7
2024-08-10T0400,3411A,120.8369,30.0137,绍兴市,上虞中学,,41,41,39,25,27,51,,,,23,17,10,11,0.7,0.7
2024-08-10T0400,3560A,120.4722,30.0415,绍兴市,柯桥妇保,颗粒物(PM10),53,55,52,36,34,52,,,,21,20,6,6,0.7,0.7
2024-08-10T0400,3658A,120.6153,30.0764,绍兴市,袍江中学,,40,40,39,28,26,78,,,,12,11,3,4,0.6,0.7
2024-08-10T0400,1356A,114.1063,22.5545,深圳市,通心岭子站,,17,17,19,8,13,17,,,,10,7,4,5,0.5,0.5
2024-08-10T0400,1357A,114.117,22.5625,深圳市,洪湖,,23,23,20,3,5,28,,,,16,12,6,6,0.4,0.4
2024-08-10T0400,1358A,113.987,22.5417,深圳市,华侨城,,18,18,16,3,10,47,,,,2,5,5,5,0.4,0.4
2024-08-10T0400,1359A,113.9181,22.5171,深圳市,南海子站,,14,14,25,7,11,42,,,,10,14,6,7,0.5,0.5
2024-08-10T0400,1360A,114.2458,22.5689,深圳市,盐田,,10,10,20,6,9,25,,,,13,13,6,6,0.3,0.4
2024-08-10T0400,1361A,114.2283,22.7244,深圳市,龙岗,,14,14,25,7,10,17,,,,20,14,4,4,0.6,0.6
2024-08-10T0400,1363A,114.494,22.5422,深圳市,南澳,,14,14,15,6,6,28,,,,6,7,6,6,0.4,0.4
2024-08-10T0400,1364A,114.41,22.6342,深圳市,葵涌,,12,12,19,7,8,17,,,,16,16,6,6,0.5,0.6
2024-08-10T0400,1365A,114.297,22.5978,深圳市,梅沙,,31,31,26,8,10,4,,,,23,19,5,5,0.3,0.3
2024-08-10T0400,1366A,114.0678,22.738,深圳市,观澜,,16,16,26,3,10,41,,,,1,8,4,5,0.3,0.3
2024-08-10T0400,3305A,114.0731,22.559,深圳市,莲花,,16,16,18,7,9,30,,,,10,10,6,6,0.5,0.5
2024-08-10T0400,3306A,114.0261,22.6198,深圳市,民治,,16,16,22,9,13,36,,,,13,17,5,5,0.4,0.5
2024-08-10T0400,3307A,114.1871,22.6451,深圳市,横岗,,15,15,23,8,11,17,,,,23,17,5,5,0.5,0.5
2024-08-10T0400,3447A,114.3551,22.7151,深圳市,坪山,,15,15,21,7,11,10,,,,24,16,2,2,0.5,0.5
2024-08-10T0400,3623A,113.8953,22.5861,深圳市,西乡,,20,20,26,6,8,25,,,,22,18,6,6,0.5,0.5
2024-08-10T0400,1098A,123.6836,41.9339,沈阳市,森林路,,,,,,,,,,,,,,,,
2024-08-10T0400,1099A,123.505,41.7406,沈阳市,浑南东路,,45,45,48,25,28,23,,,,31,27,5,5,1.1,1
2024-08-10T0400,1100A,123.4231,41.6989,沈阳市,新秀街,,42,42,43,26,29,38,,,,26,24,6,10,0.9,1
2024-08-10T0400,1102A,123.5903,41.8411,沈阳市,东陵路,,41,41,47,20,27,14,,,,32,24,13,8,1.6,1.2
2024-08-10T0400,1103A,123.4264,41.8467,沈阳市,陵东街,,38,38,45,25,30,28,,,,32,32,6,6,1.4,1.2
2024-08-10T0400,1104A,123.4114,41.7653,沈阳市,文化路,,42,42,50,28,34,45,,,,27,21,8,8,0.9,0.8
2024-08-10T0400,1105A,123.4678,41.7867,沈阳市,小河沿,,37,37,50,22,28,32,,,,24,26,6,6,1.1,1.1
2024-08-10T0400,1106A,123.4017,41.7972,沈阳市,太原街,,45,42,48,31,35,35,,,,25,22,5,5,1.0,0.8
2024-08-10T0400,1108A,123.3783,41.9228,沈阳市,京沈街,颗粒物(PM10),52,54,52,26,30,16,,,,39,33,13,8,1.7,1
2024-08-10T0400,2897A,123.2444,41.7347,沈阳市,沈辽西路,颗粒物(PM10),59,67,64,33,33,26,,,,42,31,13,9,1.3,1.2
2024-08-10T0400,2900A,123.5953,41.9086,沈阳市,裕农路,,25,25,39,17,25,21,,,,20,19,6,6,0.9,1
2024-08-10T0400,2428A,111.0419,32.395,十堰市,武当山,,39,39,28,16,18,103,,,,1,5,9,9,0.6,0.7
2024-08-10T0400,2429A,110.78,32.6494,十堰市,滨河新村,,27,27,28,3,23,22,,,,16,11,7,7,0.7,0.6
2024-08-10T0400,2430A,110.7258,32.6389,十堰市,刘家沟,,23,23,34,9,18,25,,,,6,7,3,2,0.5,0.5
2024-08-10T0400,2431A,110.8839,32.5714,十堰市,铁二处,,17,17,25,3,20,39,,,,6,8,11,11,0.4,0.5
2024-08-10T0400,3545A,110.8054,32.8401,十堰市,郧阳区金沙路,,13,13,21,3,16,35,,,,5,7,4,4,0.5,0.6
2024-08-10T0400,2709A,86.0497,44.2967,石河子市,艾青诗歌馆,,25,22,30,17,15,72,,,,12,19,8,9,0.3,0.4
2024-08-10T0400,3442A,86.047,44.2331,石河子市,南区管委会,,30,18,25,11,7,96,,,,5,8,8,9,0.4,0.4
2024-08-10T0400,4051A,86.0791,44.3017,石河子市,世纪广场,,22,22,32,10,10,61,,,,16,17,6,7,0.4,0.4
2024-08-10T0400,1029A,114.4422,38.0444,石家庄市,职工医院,颗粒物(PM10),57,63,30,33,26,68,,,,8,10,4,2,0.6,0.7
2024-08-10T0400,1030A,114.6063,38.0266,石家庄市,高新区,颗粒物(PM10),63,75,38,31,33,65,,,,3,5,3,2,0.6,0.6
2024-08-10T0400,1031A,114.4898,38.1328,石家庄市,西北水源,,35,30,33,24,23,51,,,,15,13,4,3,0.7,0.8
2024-08-10T0400,1032A,114.4586,38.0058,石家庄市,西南高教,颗粒物(PM10),61,72,35,22,18,70,,,,4,8,5,3,0.5,0.6
2024-08-10T0400,1033A,114.5331,38.0178,石家庄市,世纪公园,颗粒物(PM10),66,81,46,29,27,54,,,,9,10,2,1,0.6,0.6
2024-08-10T0400,1034A,114.509,38.0457,石家庄市,人民会堂,细颗粒物(PM2.5),55,47,33,39,27,66,,,,8,9,3,3,0.4,0.4
2024-08-10T0400,1035A,114.3524,37.8911,石家庄市,封龙山,颗粒物(PM10),85,119,25,38,18,77,,,,6,6,8,7,0.5,0.8
2024-08-10T0400,2862A,114.5481,38.0378,石家庄市,22中南校区,颗粒物(PM10),65,79,42,25,33,65,,,,8,10,3,2,0.6,0.5
2024-08-10T0400,3456A,114.289,38.0906,石家庄市,鹿泉一中,颗粒物(PM10),73,95,36,28,22,70,,,,9,9,2,3,0.6,0.6
2024-08-10T0400,3573A,114.8506765,38.0322033,石家庄市,藁城区实验学校,,48,48,54,29,31,41,,,,10,8,3,3,0.4,0.5
2024-08-10T0400,3574A,114.0504658,38.0591645,石家庄市,井陉矿区区委大楼,颗粒物(PM10),71,92,28,24,14,69,,,,8,11,3,2,0.5,0.5
2024-08-10T0400,4024A,114.6549,37.9020,石家庄市,栾城区星河路,,38,38,36,18,25,34,,,,9,9,3,3,0.8,0.6
2024-08-10T0400,1947A,106.3394,38.817,石嘴山市,沙湖旅游区,,,,,,,,,,,,,,,,
2024-08-10T0400,1948A,106.3668,39.0145,石嘴山市,大武口朝阳西街,颗粒物(PM10),124,197,210,24,38,125,,,,2,3,6,7,0.3,0.6
2024-08-10T0400,1949A,106.7704,39.2282,石嘴山市,惠农南大街,颗粒物(PM10),66,82,241,23,41,113,,,,11,10,11,12,0.2,0.3
2024-08-10T0400,1950A,106.7099,39.1325,石嘴山市,红果子镇惠新街,颗粒物(PM10),72,93,193,18,30,120,,,,7,9,8,8,0.3,0.4
2024-08-10T0400,3520A,106.3495,38.9836,石嘴山市,妇女儿童医院,颗粒物(PM10),121,191,152,41,31,118,,,,3,5,5,6,0.3,0.3
2024-08-10T0400,3521A,106.7492,39.2069,石嘴山市,石大公路,颗粒物(PM10),68,85,205,29,60,124,,,,5,8,5,9,0.5,0.6
2024-08-10T0400,2248A,131.1511,46.6937,双鸭山市,双合村,颗粒物(PM10),68,85,34,30,18,7,,,,22,14,19,10,2.2,0.8
2024-08-10T0400,2249A,131.1652,46.6191,双鸭山市,南小市,,,,34,,14,,,50,,,7,,6,,0.4
2024-08-10T0400,2250A,131.1524,46.6554,双鸭山市,环保局,,35,24,27,24,17,15,,,,21,14,11,10,0.5,0.5
2024-08-10T0400,2251A,131.12,46.5656,双鸭山市,苗圃,,26,,36,18,17,22,,,,6,8,2,4,0.2,0.2
2024-08-10T0400,2166A,112.4397,39.3522,朔州市,平朔,颗粒物(PM10),152,253,79,50,22,96,,,,6,8,7,7,0.4,0.6
2024-08-10T0400,2167A,112.4575,39.3617,朔州市,朔唯,颗粒物(PM10),175,300,85,60,22,98,,,,3,4,11,8,0.4,0.5
2024-08-10T0400,2168A,112.4258,39.3197,朔州市,区政府,颗粒物(PM10),146,242,78,50,19,103,,,,3,5,5,5,0.5,0.6
2024-08-10T0400,2169A,112.4072,39.3278,朔州市,市环保局,颗粒物(PM10),147,244,81,51,25,98,,,,3,6,6,6,0.6,0.7
2024-08-10T0400,2170A,112.4272,39.3681,朔州市,市二中,颗粒物(PM10),150,250,81,56,22,99,,,,2,4,8,7,0.4,0.4
2024-08-10T0400,3571A,112.2931,39.53,朔州市,一水厂,颗粒物(PM10),182,314,83,43,20,106,,,,5,7,3,4,0.4,0.5
2024-08-10T0400,2225A,124.4002,43.1713,四平市,一商场,,26,20,33,11,18,83,,,,8,14,10,7,0.4,0.4
2024-08-10T0400,2226A,124.388,43.193,四平市,境园,,23,16,32,14,16,71,,,,3,8,4,4,0.3,0.4
2024-08-10T0400,3486A,124.4036,43.1411,四平市,植物园,,26,,22,14,15,83,,,,10,14,3,3,0.3,0.4
2024-08-10T0400,3713A,124.3419,43.1666,四平市,世纪城,,24,22,31,16,19,74,,,,17,18,5,4,0.4,0.5
2024-08-10T0400,2233A,124.8006,45.1214,松原市,江南,,20,18,18,14,10,53,,,,12,7,5,2,0.4,0.4
2024-08-10T0400,2234A,124.7965,45.1722,松原市,江北,,19,,16,13,10,36,,,,16,12,1,2,0.6,0.5
2024-08-10T0400,1160A,120.561,31.2472,苏州市,上方山,,33,33,42,23,31,24,,,,30,19,8,7,0.5,0.5
2024-08-10T0400,1162A,120.591,31.3019,苏州市,彩香,,38,38,43,18,27,28,,,,15,13,6,6,0.7,0.7
2024-08-10T0400,1163A,120.596,31.3264,苏州市,轧钢厂,,31,31,43,21,26,31,,,,20,20,9,9,0.6,0.7
2024-08-10T0400,1164A,120.613,31.2703,苏州市,吴中区,,29,29,44,18,23,27,,,,18,14,10,10,0.6,0.6
2024-08-10T0400,1165A,120.543,31.2994,苏州市,苏州新区,,41,41,46,24,29,25,,,,28,21,10,10,0.6,0.6
2024-08-10T0400,1166A,120.669,31.3097,苏州市,苏州工业园区,,49,49,43,15,27,33,,,,17,17,11,10,0.5,0.5
2024-08-10T0400,1167A,120.641,31.3708,苏州市,相城区,,25,25,41,17,24,29,,,,21,22,8,8,0.7,0.7
2024-08-10T0400,3289A,120.743,31.3188,苏州市,方洲路,,26,26,36,16,24,33,,,,15,14,6,7,0.6,0.6
2024-08-10T0400,3290A,120.5031,31.2774,苏州市,木渎中学,,23,21,37,16,26,17,,,,30,20,6,7,0.7,0.7
2024-08-10T0400,3425A,120.624,31.1733,苏州市,越秀幼儿园,,31,31,41,20,26,24,,,,26,17,9,8,0.8,0.8
2024-08-10T0400,3431A,120.6505,31.416,苏州市,高铁新城,,26,25,35,18,22,30,,,,18,17,9,9,0.7,0.7
2024-08-10T0400,1220A,118.293,33.9528,宿迁市,宿迁学院,,39,36,40,27,29,82,,,,11,17,5,5,0.8,0.7
2024-08-10T0400,1221A,118.2442,33.9592,宿迁市,宿迁中学,,46,42,43,32,32,96,,,,7,9,6,6,0.9,0.8
2024-08-10T0400,2996A,118.283,33.965,宿迁市,市供电局,,45,35,39,31,30,95,,,,4,7,4,4,0.9,0.7
2024-08-10T0400,3191A,118.3225,33.9447,宿迁市,宿豫区政府,细颗粒物(PM2.5),58,,40,41,33,83,,,,10,12,3,4,0.7,0.6
2024-08-10T0400,3187A,116.9509,33.666,宿州市,远航博物馆,,42,41,41,29,25,78,,,,9,6,7,4,0.5,0.5
2024-08-10T0400,3463A,116.9708,33.591,宿州市,社会福利中心,颗粒物(PM10),53,55,52,34,29,34,,,,38,16,9,6,0.3,0.3
2024-08-10T0400,3634A,116.9884,33.6305,宿州市,宿州学院,,48,48,46,31,28,55,,,,25,10,7,5,0.6,0.6
2024-08-10T0400,3701A,116.9648,33.6252,宿州市,皖北煤电集团,,49,48,44,34,34,59,,,,23,10,7,5,0.9,0.9
2024-08-10T0400,2266A,126.9785,46.6365,绥化市,人和东街,,47,47,47,29,25,46,,,,14,15,5,5,0.6,0.6
2024-08-10T0400,2267A,126.964,46.6528,绥化市,党政办公中心,,26,22,21,18,16,41,,,,21,22,5,5,0.5,0.5
2024-08-10T0400,2451A,113.3583,31.7275,随州市,市委党校,,33,32,30,23,20,29,,,,8,4,6,6,0.5,0.6
2024-08-10T0400,2452A,113.3833,31.6908,随州市,市林业局,,30,28,25,21,20,38,,,,3,3,4,4,0.7,0.7
2024-08-10T0400,2453A,113.3983,31.7308,随州市,市立交桥水厂,,30,28,29,21,21,28,,,,14,8,6,6,0.8,0.7
2024-08-10T0400,2527A,105.5453,30.5678,遂宁市,石溪浩,颗粒物(PM10),62,73,44,19,15,40,,,,8,10,8,8,0.5,0.6
2024-08-10T0400,2528A,105.5582,30.5232,遂宁市,市监测站,颗粒物(PM10),57,64,40,18,14,48,,,,7,13,8,8,0.2,0.2
2024-08-10T0400,2529A,105.5861,30.5366,遂宁市,行政中心,颗粒物(PM10),59,68,41,24,14,47,,,,7,9,7,8,0.3,0.3
2024-08-10T0400,2530A,105.5918,30.4728,遂宁市,美宁食品公司,颗粒物(PM10),55,60,41,22,14,44,,,,8,14,11,16,0.1,0.2
2024-08-10T0400,2706A,82.9994,46.7432,塔城地区,东门外小游园,,22,22,32,3,11,42,,,,3,4,8,8,0.1,0.1
2024-08-10T0400,1255A,121.273,28.6459,台州市,黄岩环保大楼,,32,28,31,22,22,81,,,,3,7,6,7,0.5,0.5
2024-08-10T0400,1256A,121.419,28.6542,台州市,台州环保大楼,,42,42,36,18,20,77,,,,6,7,6,6,0.5,0.5
2024-08-10T0400,1257A,121.377,28.5773,台州市,路桥田洋王,,35,35,33,16,20,85,,,,8,9,7,7,0.8,0.7
2024-08-10T0400,3564A,121.2568,28.6681,台州市,台州科技职业学院,,32,32,32,15,17,71,,,,7,9,7,8,0.7,0.7
2024-08-10T0400,1081A,112.522,37.8873,太原市,尖草坪,颗粒物(PM10),59,67,34,27,23,11,,,,53,28,6,5,0.9,0.8
2024-08-10T0400,1083A,112.434,38.0108,太原市,上兰,,,,,,,,,,,,,,,,
2024-08-10T0400,1084A,112.469,37.7124,太原市,晋源,颗粒物(PM10),69,87,46,33,24,11,,,,50,28,14,9,1.0,0.9
2024-08-10T0400,1085A,112.5583,37.7394,太原市,小店,颗粒物(PM10),64,78,36,27,19,13,,,,48,26,15,10,1.0,0.8
2024-08-10T0400,1086A,112.5369,37.8692,太原市,桃园,颗粒物(PM10),64,77,37,24,19,8,,,,57,28,13,7,1.3,0.8
2024-08-10T0400,1087A,112.57,37.8195,太原市,坞城,颗粒物(PM10),60,69,34,31,22,4,,,,60,27,14,9,1.5,0.9
2024-08-10T0400,1088A,112.549,37.9854,太原市,南寨,颗粒物(PM10),54,58,35,19,17,2,,,,24,19,7,7,0.8,0.8
2024-08-10T0400,3618A,112.4719,37.7831,太原市,金胜,颗粒物(PM10),72,94,40,24,21,30,,,,29,21,3,3,0.6,0.6
2024-08-10T0400,4010A,112.5608,37.8807,太原市,育英中学,颗粒物(PM10),59,67,32,31,23,11,,,,54,24,13,7,1.3,0.7
2024-08-10T0400,1656A,117.1437,36.1937,泰安市,监测站,细颗粒物(PM2.5),53,39,41,37,31,90,,,,14,13,10,10,0.5,0.5
2024-08-10T0400,1657A,117.0885,36.2017,泰安市,人口学校,,45,44,39,31,24,107,,,,8,10,11,10,0.8,0.7
2024-08-10T0400,1658A,117.1089,36.1758,泰安市,电力学校,,46,46,43,32,25,82,,,,12,11,10,12,0.7,0.6
2024-08-10T0400,3502A,117.1812,36.2275,泰安市,国网新校,细颗粒物(PM2.5),52,44,38,36,27,93,,,,9,9,6,7,0.7,0.7
2024-08-10T0400,3503A,117.0313,36.2018,泰安市,交通技校,细颗粒物(PM2.5),55,51,41,39,21,91,,,,8,8,8,8,0.8,0.7
2024-08-10T0400,3504A,117.0829,36.13,泰安市,山东第一医科大学,细颗粒物(PM2.5),53,,36,37,27,83,,,,10,9,6,7,0.8,0.7
2024-08-10T0400,1206A,119.905,32.4878,泰州市,公园路,,35,34,40,24,31,64,,,,23,16,6,4,1.1,1
2024-08-10T0400,1207A,119.9189,32.4625,泰州市,莲花,,44,44,48,24,31,69,,,,22,15,6,5,0.9,0.8
2024-08-10T0400,1209A,119.888,32.4639,泰州市,留学生创业园,,49,49,46,25,29,61,,,,27,17,9,9,1.1,1.1
2024-08-10T0400,2997A,119.8767,32.3289,泰州市,王营,,45,40,43,31,31,53,,,,35,23,9,9,0.7,0.8
2024-08-10T0400,3295A,120.1259,32.5099,泰州市,姜堰区政府广场,颗粒物(PM10),51,51,44,14,20,54,,,,38,22,16,15,0.7,0.6
2024-08-10T0400,3435A,119.9192,32.4322,泰州市,周山河街区,,48,39,42,33,35,42,,,,28,17,10,11,1.0,0.8
2024-08-10T0400,1037A,118.131,39.6363,唐山市,雷达站,,33,26,48,3,31,105,,,,6,14,3,3,0.3,0.7
2024-08-10T0400,1038A,118.1725,39.6334,唐山市,物资局,,30,17,45,13,40,94,,,,2,8,3,3,0.4,0.7
2024-08-10T0400,1040A,118.1705,39.6506,唐山市,十二中,,31,13,40,11,30,99,,,,2,9,3,3,0.4,0.8
2024-08-10T0400,1041A,118.1869,39.622,唐山市,小山,,30,18,47,3,19,93,,,,2,10,3,3,0.5,0.8
2024-08-10T0400,3457A,118.4359,39.2762,唐山市,冀东油田职工医院,,35,27,32,8,18,111,,,,2,6,3,3,0.2,0.2
2024-08-10T0400,3575A,118.09279,39.58089,唐山市,正泰大街热力站,,28,13,36,9,23,89,,,,2,9,3,3,0.4,0.7
2024-08-10T0400,3576A,118.1562,39.8322,唐山市,丰润区政府,,32,12,49,3,29,100,,,,2,10,1,2,0.4,0.8
2024-08-10T0400,3577A,118.43673,39.73809,唐山市,金山小学,,33,8,32,3,23,105,,,,2,6,1,2,0.8,0.8
2024-08-10T0400,3578A,118.24498,39.66941,唐山市,政府服务中心,,33,,39,12,36,103,,,,2,8,1,4,0.4,0.8
2024-08-10T0400,3692A,118.2059,39.6585,唐山市,消防缸窑路中队,,33,16,45,14,32,103,,,,2,10,1,3,0.5,0.8
2024-08-10T0400,3693A,118.1436,39.6202,唐山市,路南电大,,31,,40,14,34,98,,,,2,10,3,3,0.4,0.8
2024-08-10T0400,1015A,117.1444,39.1661,天津市,勤俭道,,27,11,26,8,19,84,,,,4,12,3,3,0.6,0.9
2024-08-10T0400,1017A,117.237,39.1082,天津市,大直沽八号路,,30,6,31,6,28,94,,,,6,16,3,3,0.3,0.6
2024-08-10T0400,1018A,117.202,39.0927,天津市,前进道,,28,20,31,3,16,88,,,,6,15,5,5,0.5,0.7
2024-08-10T0400,1019A,117.1837,39.2133,天津市,淮河道,,29,13,42,12,28,91,,,,8,17,5,6,0.6,0.7
2024-08-10T0400,1021A,117.307,39.0877,天津市,跃进路,,30,8,29,8,19,96,,,,3,15,4,4,0.6,0.7
2024-08-10T0400,1023A,117.707,39.0343,天津市,第四大街,,29,6,27,3,18,90,,,,5,25,4,4,0.5,0.6
2024-08-10T0400,1024A,117.457,38.8394,天津市,永明路,,30,6,25,3,19,94,,,,4,10,2,2,0.5,0.5
2024-08-10T0400,1026A,117.764,39.1587,天津市,汉北路,,30,8,28,6,19,93,,,,2,6,5,5,0.5,0.5
2024-08-10T0400,1027A,117.157,38.9194,天津市,团泊洼,,,,,,,,,,,,,,,,
2024-08-10T0400,2858A,117.7918,39.2474,天津市,河西一经路,,29,10,28,6,20,92,,,,4,5,3,5,0.5,0.6
2024-08-10T0400,2859A,117.3747,38.9846,天津市,津沽路,,29,7,26,7,20,92,,,,4,11,4,4,0.4,0.5
2024-08-10T0400,2860A,117.1589,39.0845,天津市,宾水西道,,28,,25,9,20,87,,,,3,13,3,3,0.5,0.6
2024-08-10T0400,2922A,117.1941,39.1067,天津市,大理道,,30,6,27,3,19,95,,,,3,12,2,3,0.4,0.7
2024-08-10T0400,3020A,117.2101,39.1699,天津市,中山北路,,29,11,37,7,26,91,,,,2,17,3,4,0.5,0.7
2024-08-10T0400,3051A,117.3876,39.1488,天津市,西四道,,29,8,24,6,19,90,,,,11,20,2,2,0.6,0.7
2024-08-10T0400,3325A,117.0365,39.3828,天津市,雍阳西道,,21,15,38,12,33,65,,,,7,16,2,2,0.4,0.5
2024-08-10T0400,3326A,117.0296,39.0605,天津市,辛老路,,27,24,27,16,17,84,,,,2,6,4,4,0.6,0.8
2024-08-10T0400,3327A,116.9638,38.9375,天津市,地纬路,,28,17,28,13,23,88,,,,7,13,4,4,0.5,0.6
2024-08-10T0400,3460A,117.4067,40.0583,天津市,北环路,,29,6,37,3,25,92,,,,2,6,8,10,0.5,0.9
2024-08-10T0400,3461A,117.3045,39.7169,天津市,建设路,,27,,49,13,31,84,,,,5,13,6,8,0.5,0.8
2024-08-10T0400,3462A,117.8199,39.3521,天津市,滨水东路,,28,9,34,6,20,89,,,,10,13,5,7,1.2,0.8
2024-08-10T0400,2649A,106.0055,34.343,天水市,麦积山,,,,,,,,,,,,,,,,
2024-08-10T0400,2650A,105.7205,34.5786,天水市,公园小学,,48,48,71,17,24,37,,,,13,10,5,7,0.2,0.2
2024-08-10T0400,2651A,105.8945,34.5538,天水市,麦积国土局,颗粒物(PM10),56,61,83,21,28,35,,,,12,10,7,6,0.5,0.5
2024-08-10T0400,2216A,123.8139,42.3022,铁岭市,汇工街西,,22,22,46,12,25,39,,,,8,10,5,7,0.5,0.7
2024-08-10T0400,2217A,123.8649,42.2923,铁岭市,水上乐园,,21,21,34,7,13,41,,,,12,16,5,5,0.5,0.7
2024-08-10T0400,2218A,123.8486,42.2867,铁岭市,银州路东段,,23,23,32,13,18,29,,,,15,14,5,5,0.5,0.7
2024-08-10T0400,2219A,123.7153,42.2217,铁岭市,金沙江路北,,23,21,36,16,24,48,,,,10,18,1,4,0.5,0.7
2024-08-10T0400,2229A,125.9358,41.7173,通化市,光明,,25,23,37,17,22,17,,,,8,20,8,16,0.6,1.1
2024-08-10T0400,2230A,125.9446,41.7325,通化市,铁路,,35,35,32,18,20,12,,,,15,24,8,14,0.8,1.1
2024-08-10T0400,2191A,122.2532,43.6801,通辽市,艺术职业学校,,40,38,35,28,15,65,,,,11,12,5,4,0.2,0.1
2024-08-10T0400,3706A,122.2584,43.6333,通辽市,老干部活动中心,,38,35,29,26,19,70,,,,15,16,4,6,0.3,0.1
2024-08-10T0400,3708A,122.2922,43.6189,通辽市,东方明珠社区,,48,,27,33,24,62,,,,7,14,6,8,0.5,0.3
2024-08-10T0400,1922A,109.0656,35.0994,铜川市,党校,,,,,,,,,,,,,,,,
2024-08-10T0400,1923A,109.0697,35.0697,铜川市,王益区政府,颗粒物(PM10),57,63,70,20,21,7,,,,27,17,4,4,0.3,0.4
2024-08-10T0400,1924A,108.9344,34.9058,铜川市,新区管委会,颗粒物(PM10),68,85,67,21,22,48,,,,6,7,5,5,0.4,0.4
2024-08-10T0400,3651A,108.9543,34.8732,铜川市,旺旺集团,颗粒物(PM10),62,74,71,21,20,51,,,,8,8,5,5,0.4,0.5
2024-08-10T0400,2285A,117.8177,30.9412,铜陵市,市第四中学,细颗粒物(PM2.5),69,66,49,50,30,4,,,,71,29,16,10,0.9,0.7
2024-08-10T0400,2286A,117.8059,30.9273,铜陵市,市公路局,颗粒物(PM10),52,54,52,27,21,31,,,,41,25,9,5,0.9,0.7
2024-08-10T0400,2287A,117.7807,30.9413,铜陵市,市新民污水厂,,45,45,45,24,27,3,,,,62,48,7,9,1.5,0.7
2024-08-10T0400,2288A,117.7439,30.8792,铜陵市,市第九中学,颗粒物(PM10),58,65,66,27,31,33,,,,37,37,9,9,1.0,0.8
2024-08-10T0400,2289A,117.846,30.9413,铜陵市,车站新区,"颗粒物(PM10),细颗粒物(PM2.5)",52,53,47,36,25,46,,,,22,20,7,7,0.7,0.5
2024-08-10T0400,2290A,117.8483,30.97,铜陵市,市职教基地,颗粒物(PM10),52,54,42,33,30,24,,,,29,22,8,8,0.7,0.6
2024-08-10T0400,2585A,109.1839,27.7344,铜仁市,铜仁卫校,,,,24,14,12,,,,,8,6,2,2,0.2,0.2
2024-08-10T0400,2586A,109.1753,27.6944,铜仁市,铜仁七中,,25,,17,17,10,14,,,,5,6,2,2,0.3,0.3
2024-08-10T0400,2686A,89.1904,42.9418,吐鲁番市,市环保局,,44,44,29,7,7,79,,,,24,20,5,5,0.4,0.4
2024-08-10T0400,2687A,89.1673,42.9559,吐鲁番市,地区环保局,,44,44,39,12,13,60,,,,32,31,5,6,0.4,0.5
2024-08-10T0400,1662A,122.1214,37.4236,威海市,华夏技校,,23,9,15,9,12,72,,,,6,12,6,6,0.3,0.3
2024-08-10T0400,1663A,122.0508,37.5236,威海市,山大分校,,30,17,21,3,8,96,,,,4,14,7,7,0.5,0.6
2024-08-10T0400,1664A,122.1067,37.5072,威海市,市监测站,,27,10,28,7,13,84,,,,4,15,3,3,0.4,0.5
2024-08-10T0400,1982A,122.0693,37.2174,威海市,文登开发区,,21,12,15,7,10,67,,,,4,8,5,5,0.4,0.5
2024-08-10T0400,3505A,122.1379,37.3414,威海市,临港区管委会,,27,14,13,3,9,86,,,,3,8,4,3,0.5,0.5
2024-08-10T0400,1650A,119.1437,36.7023,潍坊市,环保局,,22,22,21,11,14,62,,,,8,7,6,6,0.6,0.6
2024-08-10T0400,2877A,119.1641,36.6523,潍坊市,坊子邮政,,22,22,24,14,12,65,,,,8,7,10,10,0.4,0.4
2024-08-10T0400,3178A,119.0587,36.721,潍坊市,潍坊七中,,20,17,20,6,11,64,,,,7,8,9,8,0.5,0.5
2024-08-10T0400,3368A,119.1977,36.6872,潍坊市,高新实验学校,,31,31,28,12,11,51,,,,9,7,9,9,0.1,0.1
2024-08-10T0400,3416A,119.1755,36.7149,潍坊市,潍坊学院,,22,22,20,10,10,63,,,,6,6,6,6,0.3,0.4
2024-08-10T0400,3861A,119.2041,36.7699,潍坊市,寒亭区实验一小,,24,24,22,14,12,55,,,,9,7,12,10,0.8,0.5
2024-08-10T0400,1938A,109.5293,34.5101,渭南市,农科所,,,,,,,,,,,,,,,,
2024-08-10T0400,1939A,109.4974,34.4877,渭南市,日报社,颗粒物(PM10),53,56,80,27,33,60,,,,17,17,8,8,0.3,0.3
2024-08-10T0400,1940A,109.4636,34.493,渭南市,体育馆,颗粒物(PM10),58,66,84,20,28,54,,,,20,14,8,8,0.4,0.4
2024-08-10T0400,1941A,109.4259,34.5023,渭南市,高新一小,颗粒物(PM10),63,75,89,17,25,46,,,,21,16,8,11,0.4,0.4
2024-08-10T0400,1242A,120.634,28.0089,温州市,瓯海,,40,40,42,28,30,56,,,,18,15,4,5,0.6,0.6
2024-08-10T0400,1243A,120.6748,27.9939,温州市,南浦,,42,42,38,28,26,44,,,,25,14,4,5,0.6,0.5
2024-08-10T0400,1244A,120.76,27.9747,温州市,龙湾,,50,50,42,26,21,64,,,,15,16,6,7,0.4,0.5
2024-08-10T0400,1245A,120.6709,28.0167,温州市,市站,,46,43,54,32,33,44,,,,21,18,4,4,0.7,0.6
2024-08-10T0400,3561A,120.6985,27.9251,温州市,茶山,,39,,35,27,27,70,,,,8,12,4,5,0.6,0.6
2024-08-10T0400,2610A,104.2533,23.3594,文山壮族苗族自治州,州水务局,,15,15,11,3,7,25,,,,6,6,7,6,0.2,0.1
2024-08-10T0400,2611A,104.2319,23.3892,文山壮族苗族自治州,市便民服务中心,,20,20,13,3,7,23,,,,10,8,5,5,0.1,0.1
2024-08-10T0400,2187A,106.8174,39.6973,乌海市,市林业局,颗粒物(PM10),57,64,257,24,56,115,,,,3,5,8,7,0.3,0.4
2024-08-10T0400,2188A,106.7907,39.6667,乌海市,中海勃湾学校,颗粒物(PM10),61,72,276,19,57,122,,,,3,4,7,7,0.2,0.2
2024-08-10T0400,3284A,106.813,39.7274,乌海市,海北新区,颗粒物(PM10),68,86,346,3,62,123,,,,3,6,14,10,0.3,0.4
2024-08-10T0400,3621A,106.8288,39.6778,乌海市,聚英学校,颗粒物(PM10),72,94,342,13,66,122,,,,4,10,16,15,0.4,0.4
2024-08-10T0400,2197A,113.1306,40.9923,乌兰察布市,集宁新区,颗粒物(PM10),119,188,59,49,22,96,,,,4,6,9,7,0.3,0.4
2024-08-10T0400,3034A,113.1076,41.0385,乌兰察布市,光明街小学,颗粒物(PM10),138,226,71,64,28,96,,,,5,7,12,11,0.3,0.4
2024-08-10T0400,3285A,113.1376,40.9509,乌兰察布市,北京八中,颗粒物(PM10),147,243,72,36,17,94,,,,5,7,14,10,0.4,0.5
2024-08-10T0400,3421A,113.1775,40.9779,乌兰察布市,市委党校,颗粒物(PM10),141,232,61,31,16,102,,,,4,8,8,8,0.6,0.6
2024-08-10T0400,1490A,87.5801,43.8303,乌鲁木齐市,监测站,,37,24,27,21,9,116,,,,13,18,5,5,0.2,0.4
2024-08-10T0400,1491A,87.6046,43.768,乌鲁木齐市,收费所,,,33,27,10,8,132,,,,,8,7,7,0.2,0.2
2024-08-10T0400,1492A,87.4754,43.9469,乌鲁木齐市,新疆农科院农场,,43,43,39,11,15,94,,,,24,26,10,10,0.6,0.6
2024-08-10T0400,1493A,87.5525,43.8711,乌鲁木齐市,铁路局,,37,28,27,6,9,118,,,,9,14,2,2,0.1,0.2
2024-08-10T0400,1494A,87.6432,43.831,乌鲁木齐市,三十一中学,,41,17,26,6,11,129,,,,5,14,8,8,0.5,0.5
2024-08-10T0400,1496A,87.7216,44.1747,乌鲁木齐市,米东区环保局,颗粒物(PM10),77,104,44,33,13,6,,,,60,19,8,6,0.5,0.4
2024-08-10T0400,3033A,87.4651,43.4569,乌鲁木齐市,培训基地,,30,17,16,3,3,96,,,,5,5,3,3,0.4,0.4
2024-08-10T0400,3437A,88.3118,43.3658,乌鲁木齐市,达坂城区环保局,,25,9,14,9,8,79,,,,3,8,5,6,0.2,0.3
2024-08-10T0400,3438A,87.6162,43.8801,乌鲁木齐市,红光山片区,,39,30,30,3,11,123,,,,7,18,1,3,0.3,0.3
2024-08-10T0400,3439A,87.7024,43.8004,乌鲁木齐市,新师大温泉校区,,45,27,24,8,10,143,,,,2,4,7,7,0.1,0.1
2024-08-10T0400,3440A,87.4921,43.8411,乌鲁木齐市,大绿谷,颗粒物(PM10),53,56,31,12,9,134,,,,4,13,5,6,0.2,0.2
2024-08-10T0400,1188A,120.269,31.4867,无锡市,雪浪,,34,34,40,14,20,53,,,,17,14,6,5,0.5,0.5
2024-08-10T0400,1189A,120.275,31.6219,无锡市,黄巷,,38,38,46,17,22,53,,,,34,28,4,4,0.7,0.7
2024-08-10T0400,1190A,120.294,31.56,无锡市,曹张,,38,38,41,17,26,41,,,,32,25,5,5,0.9,1
2024-08-10T0400,1191A,120.242,31.5031,无锡市,漆塘,,31,31,40,19,24,57,,,,19,16,6,5,0.6,0.6
2024-08-10T0400,1192A,120.3489,31.5863,无锡市,东亭,,34,34,40,14,18,28,,,,39,26,6,5,0.5,0.6
2024-08-10T0400,1193A,120.354,31.5475,无锡市,旺庄,,29,29,37,17,23,19,,,,45,26,8,7,0.5,0.5
2024-08-10T0400,1194A,120.245,31.5631,无锡市,荣巷,,29,29,40,17,22,65,,,,18,19,8,8,0.4,0.4
2024-08-10T0400,1195A,120.299,31.6817,无锡市,堰桥,,29,29,33,17,22,36,,,,32,25,5,5,0.8,0.7
2024-08-10T0400,3428A,120.3142,31.4753,无锡市,华庄,,27,27,37,16,24,42,,,,21,17,5,5,0.6,0.7
2024-08-10T0400,2677A,106.1532,37.9648,吴忠市,教育园区,颗粒物(PM10),286,410,317,114,87,109,,,,2,4,9,9,0.2,0.2
2024-08-10T0400,2679A,106.1856,37.9956,吴忠市,新区二泵站,颗粒物(PM10),333,446,324,117,63,110,,,,5,9,7,7,0.2,0.2
2024-08-10T0400,3648A,106.2112,37.9768,吴忠市,文卫南街,颗粒物(PM10),192,333,247,99,65,106,,,,2,6,7,7,0.4,0.4
2024-08-10T0400,1794A,118.3606,31.3519,芜湖市,监测站,,50,50,49,21,23,10,,,,62,41,8,9,0.6,0.7
2024-08-10T0400,1795A,118.3714,31.4134,芜湖市,科创中心,,44,44,39,24,22,16,,,,53,24,8,9,0.6,0.6
2024-08-10T0400,1796A,118.3673,31.3131,芜湖市,四水厂,,40,40,46,23,23,34,,,,26,23,6,7,0.6,0.7
2024-08-10T0400,3328A,118.4209,31.3707,芜湖市,市气象局,,37,37,34,24,21,38,,,,18,12,12,12,0.5,0.6
2024-08-10T0400,3465A,118.4781,31.3225,芜湖市,清苑社区,,31,31,37,21,22,27,,,,19,14,8,9,0.6,0.7
2024-08-10T0400,3466A,118.2746,31.2326,芜湖市,扬子职业技术学院,,23,21,32,16,20,42,,,,11,7,7,8,0.6,0.6
2024-08-10T0400,2495A,111.3014,23.4832,梧州市,市逸夫小学,颗粒物(PM10),59,68,46,24,25,0,,,,41,18,12,13,0.5,0.5
2024-08-10T0400,2496A,111.3239,23.4794,梧州市,市十一中,颗粒物(PM10),66,82,74,14,32,0,,,,40,30,12,12,0.8,0.8
2024-08-10T0400,2497A,111.247,23.4189,梧州市,龙圩,颗粒物(PM10),54,58,54,21,26,11,,,,47,28,9,10,1.1,1.2
2024-08-10T0400,2498A,111.2711,23.4835,梧州市,龙新,颗粒物(PM10),53,56,55,8,21,25,,,,43,20,8,9,1.3,1.3
2024-08-10T0400,2711A,87.5475,44.1756,五家渠市,农水大厦,颗粒物(PM10),66,81,52,21,15,46,,,,30,22,5,4,0.3,0.4
2024-08-10T0400,3441A,87.546,44.1912,五家渠市,经开区管委会,颗粒物(PM10),66,82,50,18,16,55,,,,22,16,6,5,0.3,0.3
2024-08-10T0400,1325A,114.3677,30.5584,武汉市,东湖梨园,,29,23,22,20,13,89,,,,9,9,6,7,0.6,0.5
2024-08-10T0400,1326A,114.2529,30.558,武汉市,汉阳月湖,,29,29,26,14,14,80,,,,14,13,6,6,0.5,0.4
2024-08-10T0400,1327A,114.282,30.6189,武汉市,汉口花桥,,28,28,29,12,16,88,,,,11,15,6,6,0.4,0.4
2024-08-10T0400,1328A,114.3025,30.5332,武汉市,武昌紫阳,,,26,26,,,85,,,,13,12,8,8,0.7,0.5
2024-08-10T0400,1329A,114.3646,30.6217,武汉市,青山钢花,,30,30,28,19,21,87,,,,14,18,7,7,0.7,0.7
2024-08-10T0400,1330A,114.1566,30.4825,武汉市,沌口新区,,44,44,31,21,18,48,,,,43,20,6,7,0.5,0.5
2024-08-10T0400,1331A,114.3014,30.5944,武汉市,汉口江滩,,31,31,31,16,18,70,,,,33,43,8,7,0.4,0.3
2024-08-10T0400,1333A,114.135,30.6319,武汉市,吴家山,,26,26,24,17,16,70,,,,21,13,10,9,0.5,0.5
2024-08-10T0400,1334A,113.8454,30.2917,武汉市,沉湖七壕,,31,19,27,11,12,9,,,,61,19,4,4,0.6,0.6
2024-08-10T0400,3153A,114.3877,30.4908,武汉市,民族大道182号,,31,30,28,13,15,98,,,,11,11,8,6,0.4,0.3
2024-08-10T0400,2652A,102.6201,37.9251,武威市,监测站,,28,20,78,6,21,89,,,,4,7,2,3,0.2,0.3
2024-08-10T0400,3201A,102.6486,37.9325,武威市,东关招商场,,29,29,85,12,23,84,,,,6,6,4,2,0.2,0.2
2024-08-10T0400,1462A,108.882,34.2749,西安市,高压开关厂,颗粒物(PM10),56,61,67,22,26,37,,,,17,17,6,6,0.5,0.5
2024-08-10T0400,1463A,108.993,34.2629,西安市,兴庆小区,颗粒物(PM10),56,61,77,18,26,44,,,,18,20,6,6,0.4,0.4
2024-08-10T0400,1464A,109.06,34.2572,西安市,纺织城,颗粒物(PM10),88,125,97,41,30,0,,,,52,28,5,5,0.4,0.4
2024-08-10T0400,1465A,108.9356,34.2173,西安市,小寨,颗粒物(PM10),61,72,64,15,22,35,,,,17,16,4,4,0.5,0.5
2024-08-10T0400,1466A,108.954,34.2713,西安市,市人民体育场,颗粒物(PM10),54,58,73,19,27,38,,,,17,17,7,6,0.4,0.4
2024-08-10T0400,1467A,108.8922,34.2322,西安市,高新西区,颗粒物(PM10),52,54,67,20,26,43,,,,13,14,8,7,0.3,0.4
2024-08-10T0400,1468A,108.935,34.3474,西安市,经开区,颗粒物(PM10),61,72,74,23,24,34,,,,13,12,7,6,0.5,0.4
2024-08-10T0400,1469A,108.906,34.1546,西安市,长安区,颗粒物(PM10),52,54,82,19,24,40,,,,14,13,5,5,0.5,0.5
2024-08-10T0400,1471A,109.2186,34.3731,西安市,临潼区,颗粒物(PM10),123,195,83,21,21,74,,,,7,8,5,5,0.3,0.4
2024-08-10T0400,1472A,108.869,34.378,西安市,草滩,颗粒物(PM10),57,64,70,20,22,2,,,,33,20,4,3,0.5,0.3
2024-08-10T0400,1473A,108.985,34.1978,西安市,曲江文化产业集团,,49,49,80,19,23,36,,,,23,21,6,6,0.4,0.4
2024-08-10T0400,1474A,109.051,34.3213,西安市,广运潭,颗粒物(PM10),76,102,87,30,22,6,,,,44,19,7,7,0.5,0.5
2024-08-10T0400,3524A,108.6116,34.1164,西安市,文体局,,37,37,65,13,19,45,,,,5,8,6,6,0.3,0.4
2024-08-10T0400,3605A,109.09,34.5236,西安市,无线电监控中心,颗粒物(PM10),65,79,88,29,30,34,,,,22,14,5,5,0.3,0.3
2024-08-10T0400,1483A,101.524,36.6867,西宁市,第五水厂,,,,,,,,,,,,,,,,
2024-08-10T0400,3055A,101.7775,36.6428,西宁市,城北区政府,,25,20,33,17,17,79,,,,11,15,31,9,0.8,0.5
2024-08-10T0400,3629A,101.8305,36.5786,西宁市,世纪职校,,20,14,33,9,19,62,,,,12,19,12,11,0.4,0.5
2024-08-10T0400,3630A,101.7413,36.6397,西宁市,师大城西校区,,24,24,39,13,21,74,,,,14,20,27,11,0.9,0.7
2024-08-10T0400,2612A,100.7939,22.0019,西双版纳傣族自治州,景洪市江南,,18,18,17,3,9,11,,,,5,7,7,7,0.4,0.5
2024-08-10T0400,2613A,100.8017,22.0225,西双版纳傣族自治州,景洪市江北,,15,15,14,3,12,11,,,,8,9,10,10,0.5,0.5
2024-08-10T0400,3606A,108.7108,34.46,西咸新区,北杜,颗粒物(PM10),57,63,74,21,26,25,,,,15,11,4,4,0.3,0.4
2024-08-10T0400,3607A,108.7096,34.2956,西咸新区,同德佳苑,颗粒物(PM10),61,71,70,18,21,8,,,,32,17,4,4,0.6,0.5
2024-08-10T0400,3608A,108.8558,34.4978,西咸新区,崇文塔,颗粒物(PM10),65,79,80,25,23,8,,,,38,18,2,2,0.7,0.6
2024-08-10T0400,2202A,116.1042,43.9317,锡林郭勒盟,市环保监测站,,30,,22,3,7,94,,,,2,4,8,8,0.4,0.3
2024-08-10T0400,2203A,116.0781,43.9311,锡林郭勒盟,市政府,,31,6,14,3,9,99,,,,2,5,7,7,0.4,0.3
2024-08-10T0400,1286A,118.1608,24.8169,厦门市,溪东,,,,,,,,,,,,,,,,
2024-08-10T0400,1287A,118.1514,24.4767,厦门市,洪文,,33,33,35,16,18,18,,,,25,21,2,4,0.4,0.5
2024-08-10T0400,1288A,118.0661,24.4444,厦门市,鼓浪屿,,48,48,35,26,18,7,,,,30,28,6,7,0.4,0.4
2024-08-10T0400,2842A,118.0936,24.5058,厦门市,湖里中学,颗粒物(PM10),51,52,37,27,19,4,,,,75,44,2,3,0.5,0.5
2024-08-10T0400,3527A,118.0958,24.5688,厦门市,集美中学,,36,36,34,17,18,3,,,,45,31,2,2,0.6,0.6
2024-08-10T0400,3528A,118.1493,24.7245,厦门市,同安二实小,,18,18,22,12,16,23,,,,2,7,1,2,0.3,0.4
2024-08-10T0400,2447A,114.3175,29.8142,咸宁市,森林公园,,29,16,18,12,12,90,,,,2,4,7,6,0.5,0.5
2024-08-10T0400,2448A,114.3107,29.8454,咸宁市,市发改委,,29,29,24,18,16,20,,,,14,8,6,5,0.6,0.6
2024-08-10T0400,2449A,114.2936,29.8566,咸宁市,咸安区政府,,25,25,21,11,12,38,,,,10,9,4,4,0.5,0.5
2024-08-10T0400,3655A,114.3375,29.8683,咸宁市,长江产业园,,42,42,31,19,15,20,,,,18,13,4,4,0.4,0.4
2024-08-10T0400,1918A,108.7197,34.3956,咸阳市,气象站,,,,,,,,,,,,,,,,
2024-08-10T0400,1919A,108.673,34.3155,咸阳市,实验中学,颗粒物(PM10),72,94,90,27,24,14,,,,30,16,7,6,0.6,0.5
2024-08-10T0400,1920A,108.7233,34.3617,咸阳市,师范学院,颗粒物(PM10),70,90,89,29,25,30,,,,20,17,5,5,0.4,0.4
2024-08-10T0400,3165A,108.6594,34.2969,咸阳市,两寺渡,颗粒物(PM10),62,74,76,8,15,5,,,,31,20,5,5,0.6,0.4
2024-08-10T0400,3525A,108.6396,34.4078,咸阳市,奥体中心,颗粒物(PM10),68,86,77,34,27,13,,,,20,15,5,5,0.3,0.3
2024-08-10T0400,1508A,112.9433,27.8614,湘潭市,板塘,,29,29,24,19,18,49,,,,12,10,6,4,0.6,0.5
2024-08-10T0400,1511A,112.9118,27.8403,湘潭市,市监测站,,,32,30,19,18,34,,,,,15,4,8,0.7,0.7
2024-08-10T0400,1512A,112.8937,27.8728,湘潭市,江麓,颗粒物(PM10),54,58,40,26,24,20,,,,36,13,57,17,2.1,1
2024-08-10T0400,1513A,112.9227,27.8159,湘潭市,岳塘,,42,42,41,21,25,42,,,,19,13,23,13,0.6,0.6
2024-08-10T0400,1514A,112.9074,27.9119,湘潭市,科大,,43,43,40,18,22,44,,,,27,12,25,12,1.5,1.1
2024-08-10T0400,1562A,113.0048,27.9153,湘潭市,昭山,,39,39,36,18,19,48,,,,22,20,6,6,0.6,0.6
2024-08-10T0400,1564A,112.4876,27.9164,湘潭市,韶山,,31,31,31,11,13,40,,,,11,9,5,4,0.4,0.4
2024-08-10T0400,2492A,109.6414,28.2558,湘西土家族苗族自治州,跃进水库,,19,,18,13,17,7,,,,3,2,5,5,0.7,0.7
2024-08-10T0400,2493A,109.7325,28.3169,湘西土家族苗族自治州,州政府,,25,18,25,17,19,8,,,,8,7,7,7,0.5,0.6
2024-08-10T0400,2494A,109.6958,28.2675,湘西土家族苗族自治州,吉首市计生局,,22,22,23,14,16,10,,,,10,9,8,8,0.6,0.5
2024-08-10T0400,2432A,112.155,32.0197,襄阳市,襄城运动路,,43,,41,30,26,56,,,,10,11,6,7,0.7,0.7
2024-08-10T0400,2433A,112.1392,32.0564,襄阳市,樊城新华路,,30,29,39,21,22,56,,,,8,7,6,6,0.6,0.7
2024-08-10T0400,2434A,112.1825,32.1142,襄阳市,高新管委会,,35,27,38,24,24,56,,,,15,10,7,7,0.6,0.7
2024-08-10T0400,2435A,112.2106,32.0903,襄阳市,襄州航空路,,32,22,34,22,25,62,,,,8,8,9,9,0.7,0.7
2024-08-10T0400,3396A,112.0828,32.0067,襄阳市,襄城隆中路,,24,24,38,16,23,51,,,,11,16,7,9,0.6,0.5
2024-08-10T0400,3397A,112.1214,32.1008,襄阳市,高新台子湾,,34,34,43,11,21,46,,,,17,14,8,10,0.6,0.7
2024-08-10T0400,2443A,113.9153,30.9285,孝感市,文化路,,28,28,24,18,15,82,,,,10,6,10,9,0.7,0.6
2024-08-10T0400,2444A,113.942,30.9075,孝感市,东城区,,29,24,22,20,16,81,,,,9,4,10,9,0.7,0.6
2024-08-10T0400,2181A,112.7383,38.4519,忻州市,开发区,颗粒物(PM10),101,152,49,52,32,89,,,,5,4,7,7,0.5,0.6
2024-08-10T0400,2182A,112.7003,38.4928,忻州市,会展中心,颗粒物(PM10),113,175,53,42,28,77,,,,8,14,6,6,0.4,0.5
2024-08-10T0400,3208A,112.7283,38.4153,忻州市,市政府,颗粒物(PM10),89,127,47,22,24,72,,,,16,10,7,7,0.6,0.6
2024-08-10T0400,2389A,113.836,35.311,新乡市,环保西院,,32,32,34,16,17,46,,,,13,11,6,4,0.7,0.6
2024-08-10T0400,2390A,113.884,35.272,新乡市,开发区,,29,29,22,14,14,48,,,,19,10,5,4,0.7,0.7
2024-08-10T0400,2391A,113.883,35.303,新乡市,环保东院,,40,40,32,18,19,49,,,,11,9,5,4,0.6,0.5
2024-08-10T0400,3054A,113.9194,35.2847,新乡市,市委党校,,42,42,23,15,14,52,,,,6,5,8,6,0.4,0.4
2024-08-10T0400,3475A,113.9188,35.3045,新乡市,市政府,,34,34,28,16,14,54,,,,9,8,8,7,0.5,0.4
2024-08-10T0400,3476A,113.9135,35.3327,新乡市,河师大,颗粒物(PM10),55,59,39,21,17,50,,,,10,9,8,7,0.6,0.6
2024-08-10T0400,3689A,113.9003,35.372,新乡市,行政服务中心,,42,42,29,22,18,30,,,,22,16,5,5,0.6,0.4
2024-08-10T0400,2352A,115.0861,27.9317,新余市,北岗,,,,,,,,,,,,,,,,
2024-08-10T0400,2353A,114.9886,27.8431,新余市,飞宇,,33,33,34,15,16,28,,,,22,13,7,6,0.7,0.8
2024-08-10T0400,2354A,114.9231,27.8246,新余市,第二水厂,,33,33,33,22,17,62,,,,6,12,10,10,0.2,0.4
2024-08-10T0400,2355A,114.9308,27.8036,新余市,市气象局,,41,41,36,25,18,47,,,,18,17,8,11,1.0,1.4
2024-08-10T0400,3206A,114.9149,27.807,新余市,新钢沁园村,,38,38,33,17,12,43,,,,8,8,11,10,0.5,0.5
2024-08-10T0400,2054A,114.1099,32.1059,信阳市,平桥分局,,23,20,26,16,15,55,,,,10,6,2,2,0.5,0.5
2024-08-10T0400,2064A,113.9956,32.1271,信阳市,南湾水厂,,25,20,26,13,15,78,,,,6,6,3,3,0.5,0.5
2024-08-10T0400,2065A,114.0775,32.1195,信阳市,市酿酒公司,,34,34,31,18,18,64,,,,8,6,2,2,0.5,0.5
2024-08-10T0400,2066A,114.0609,32.1399,信阳市,审计局,,26,22,30,14,17,81,,,,7,8,3,3,0.6,0.6
2024-08-10T0400,2200A,122.0392,46.0656,兴安盟,胜华新制药厂,,50,38,35,35,27,48,,,,9,11,3,4,0.4,0.5
2024-08-10T0400,2201A,121.9504,46.0741,兴安盟,科右前旗环保局,,39,27,26,27,19,20,,,,18,12,3,3,0.4,0.4
2024-08-10T0400,3035A,122.0931,46.0707,兴安盟,北滨河,,42,42,35,23,19,20,,,,12,13,11,11,0.4,0.4
2024-08-10T0400,1077A,114.4704,37.0886,邢台市,达活泉,,29,29,31,7,19,49,,,,7,8,1,2,0.5,0.6
2024-08-10T0400,1078A,114.5062,37.0349,邢台市,邢师高专,,15,15,26,7,17,29,,,,9,9,3,2,0.4,0.5
2024-08-10T0400,1079A,114.5237,37.0851,邢台市,路桥公司,,33,33,31,11,19,50,,,,9,10,3,3,1.2,0.5
2024-08-10T0400,1080A,114.4725,37.0719,邢台市,市环保局,,41,41,32,10,20,55,,,,2,7,2,2,0.3,0.5
2024-08-10T0400,3584A,115.8844,39.0341,雄安新区,容城县环境保护局,,20,12,35,3,24,64,,,,4,14,6,6,0.3,0.5
2024-08-10T0400,3585A,115.8665,39.0645,雄安新区,河北容城中学,,20,20,33,3,25,64,,,,5,13,6,6,0.3,0.5
2024-08-10T0400,3586A,115.923,38.9405,雄安新区,安新县民政局,,23,16,34,6,20,72,,,,12,16,5,5,0.4,0.5
2024-08-10T0400,3587A,115.9324,38.9338,雄安新区,安新县电力局,,,26,40,11,22,61,,,,,7,4,5,0.2,0.4
2024-08-10T0400,3588A,116.0901,38.9816,雄安新区,雄县环境保护局,,22,14,32,12,27,70,,,,3,10,7,8,0.4,0.6
2024-08-10T0400,3589A,116.1105,39.0046,雄安新区,雄县国土资源局,,24,22,41,7,25,74,,,,3,11,10,11,0.3,0.5
2024-08-10T0400,1177A,117.179,34.2761,徐州市,黄河新村,细颗粒物(PM2.5),57,53,50,40,37,89,,,,13,13,7,7,0.7,0.7
2024-08-10T0400,1178A,117.1918,34.2384,徐州市,淮塔,细颗粒物(PM2.5),77,60,50,56,41,63,,,,19,17,3,4,0.5,0.6
2024-08-10T0400,1180A,117.256,34.2153,徐州市,新城区,细颗粒物(PM2.5),70,,47,51,36,61,,,,18,15,6,6,0.5,0.5
2024-08-10T0400,1181A,117.244,34.2911,徐州市,桃园路,细颗粒物(PM2.5),74,,44,54,33,65,,,,16,13,7,7,0.7,0.6
2024-08-10T0400,1182A,117.2933,34.2778,徐州市,农科院,细颗粒物(PM2.5),65,48,42,47,37,52,,,,13,15,6,6,0.6,0.6
2024-08-10T0400,3005A,117.1814,34.29,徐州市,鼓楼区政府,细颗粒物(PM2.5),64,,39,46,37,76,,,,7,10,6,6,0.7,0.7
2024-08-10T0400,3006A,117.1694,34.1781,徐州市,铜山区招生办,细颗粒物(PM2.5),64,48,40,46,31,63,,,,24,15,9,8,0.6,0.6
2024-08-10T0400,3288A,117.4754,34.4422,徐州市,大泉街道,颗粒物(PM10),56,62,47,35,26,85,,,,12,10,8,8,0.6,0.6
2024-08-10T0400,2396A,113.8276,34.0159,许昌市,监测站,,29,29,31,12,18,46,,,,21,14,4,2,0.7,0.7
2024-08-10T0400,2398A,113.7906,33.9953,许昌市,开发区,,,,45,10,13,54,,,,12,12,2,1,0.4,0.4
2024-08-10T0400,3134A,113.8172,34.0339,许昌市,市一中,,,25,30,11,14,,,,,13,9,5,4,0.5,0.5
2024-08-10T0400,3337A,113.8614,34.0442,许昌市,许昌学院,,29,29,29,15,18,53,,,,7,6,2,2,0.5,0.6
2024-08-10T0400,3338A,113.843,34.0823,许昌市,芙蓉广场,,22,22,27,11,12,45,,,,13,7,4,3,0.5,0.5
2024-08-10T0400,3597A,113.8134,34.1251,许昌市,建安区兴业大厦,,34,34,29,13,15,39,,,,12,7,8,3,0.6,0.5
2024-08-10T0400,2316A,118.7581,30.9454,宣城市,鳌峰子站,,32,31,30,22,18,36,,,,15,10,7,6,0.6,0.6
2024-08-10T0400,2317A,118.7385,30.9743,宣城市,敬亭山子站,,26,26,25,17,17,48,,,,9,7,7,6,0.5,0.5
2024-08-10T0400,2318A,118.7173,30.9427,宣城市,开发区子站,,30,30,27,17,18,46,,,,12,9,6,7,0.5,0.6
2024-08-10T0400,3470A,118.7724,30.9141,宣城市,夏渡子站,,36,31,28,25,19,24,,,,19,8,9,9,0.6,0.5
2024-08-10T0400,2554A,103.0475,30.02,雅安市,建安厂,,19,12,16,7,11,60,,,,6,13,5,5,0.4,0.4
2024-08-10T0400,2555A,103.0111,29.9833,雅安市,市政府,,16,9,16,3,9,51,,,,2,5,8,8,0.4,0.5
2024-08-10T0400,2556A,102.9905,29.9775,雅安市,川农大,,16,16,17,7,9,45,,,,3,4,9,9,0.3,0.3
2024-08-10T0400,3700A,103.0456,29.9956,雅安市,康养中心,,,24,29,13,12,102,,,,,,11,10,,
2024-08-10T0400,1642A,121.2514,37.5639,烟台市,开发区,,24,7,19,7,14,74,,,,2,9,7,9,0.6,0.6
2024-08-10T0400,1643A,121.3719,37.5433,烟台市,轴承厂,,27,14,26,10,20,84,,,,1,7,6,6,0.3,0.3
2024-08-10T0400,1644A,121.3181,37.5436,烟台市,西郊化工站,,27,12,27,8,17,84,,,,2,10,6,6,0.3,0.4
2024-08-10T0400,1645A,121.4478,37.4822,烟台市,莱山环保局,,25,7,16,6,12,77,,,,2,5,7,7,0.5,0.5
2024-08-10T0400,1646A,121.2611,37.4967,烟台市,福山环保局,,22,12,24,9,14,68,,,,1,8,6,6,0.4,0.5
2024-08-10T0400,3057A,121.5992,37.4014,烟台市,牟平检察院,,27,17,23,8,19,86,,,,1,6,3,4,0.5,0.6
2024-08-10T0400,3366A,121.5206,37.4336,烟台市,中国农业大学,,25,19,23,3,12,80,,,,5,7,8,6,0.2,0.3
2024-08-10T0400,1926A,109.4131,36.6275,延安市,枣园,颗粒物(PM10),90,130,70,20,16,21,,,,15,12,5,5,0.3,0.4
2024-08-10T0400,1927A,109.4761,36.6028,延安市,延大医附院,颗粒物(PM10),81,111,94,12,16,19,,,,16,15,4,4,0.4,0.5
2024-08-10T0400,1929A,109.5056,36.6106,延安市,百米大道,颗粒物(PM10),105,160,80,30,18,29,,,,23,22,5,4,0.5,0.6
2024-08-10T0400,3652A,109.4809,36.5786,延安市,西北局旧址,颗粒物(PM10),96,142,81,30,20,26,,,,18,19,3,4,0.3,0.4
2024-08-10T0400,2237A,129.47,42.8883,延边朝鲜族自治州,妇幼医院,,23,23,24,8,13,9,,,,11,11,5,5,0.5,0.6
2024-08-10T0400,2238A,129.5055,42.9108,延边朝鲜族自治州,延边医院,,19,19,28,9,13,16,,,,15,14,6,6,0.6,0.6
2024-08-10T0400,2239A,129.3964,42.8881,延边朝鲜族自治州,朝阳川镇医院,,16,16,20,3,7,11,,,,13,9,4,5,0.5,0.6
2024-08-10T0400,1215A,120.118,33.4022,盐城市,盐城电厂,,36,36,27,22,13,61,,,,16,10,8,7,0.8,0.7
2024-08-10T0400,1216A,120.156,33.3942,盐城市,市监测站,,35,35,25,19,15,58,,,,18,13,9,7,0.7,0.6
2024-08-10T0400,1218A,120.2144,33.38,盐城市,开发区管委会,,48,33,27,33,19,58,,,,20,12,6,5,0.4,0.5
2024-08-10T0400,3004A,120.1544,33.3663,盐城市,宝龙广场,,36,36,26,19,18,59,,,,14,7,10,7,0.7,0.7
2024-08-10T0400,3293A,120.1501,33.3367,盐城市,月亮广场,,46,33,25,32,18,60,,,,12,7,5,4,0.6,0.6
2024-08-10T0400,3436A,120.4279,33.205,盐城市,大丰高级中学,,32,31,22,22,15,62,,,,13,6,7,7,0.6,0.6
2024-08-10T0400,1186A,119.389,32.3761,扬州市,邗江监测站,颗粒物(PM10),53,56,60,34,29,96,,,,18,27,6,8,0.8,0.9
2024-08-10T0400,2869A,119.447,32.4155,扬州市,五台山医院,,50,46,48,35,33,83,,,,25,24,7,9,0.9,0.9
2024-08-10T0400,3164A,119.4686,32.3942,扬州市,广陵建设局,,49,49,45,34,32,64,,,,38,26,6,8,1.0,1
2024-08-10T0400,3195A,119.3633,32.3972,扬州市,市体育局,颗粒物(PM10),51,51,53,34,30,95,,,,16,24,7,8,0.7,0.8
2024-08-10T0400,3294A,119.5653,32.4222,扬州市,引江管理处,颗粒物(PM10),52,54,52,29,32,105,,,,18,26,8,7,0.6,0.8
2024-08-10T0400,1699A,111.9797,21.8593,阳江市,鸳鸯湖,,19,15,20,12,13,58,,,,4,7,7,10,0.6,0.6
2024-08-10T0400,1701A,111.9491,21.8658,阳江市,马南垌,,19,19,20,8,10,40,,,,13,7,6,5,0.5,0.5
2024-08-10T0400,3317A,111.9765,21.8947,阳江市,两阳中学,,23,23,22,3,7,44,,,,12,9,7,7,0.5,0.5
2024-08-10T0400,3453A,112.0125,21.8749,阳江市,阳东陶然,,15,12,17,3,9,48,,,,6,4,6,7,0.4,0.4
2024-08-10T0400,1738A,113.5758,37.8572,阳泉市,市中心,颗粒物(PM10),53,55,24,22,17,57,,,,20,20,8,6,1.0,1
2024-08-10T0400,1739A,113.4894,37.8731,阳泉市,赛鱼,颗粒物(PM10),60,69,38,18,20,61,,,,15,15,7,6,0.9,0.8
2024-08-10T0400,1740A,113.5819,37.8486,阳泉市,南庄,颗粒物(PM10),67,84,32,21,17,67,,,,12,13,8,7,0.9,1
2024-08-10T0400,1742A,113.5614,37.8703,阳泉市,平坦,颗粒物(PM10),62,74,37,22,21,57,,,,17,16,8,8,0.8,0.8
2024-08-10T0400,1743A,113.5158,37.8392,阳泉市,大阳泉,颗粒物(PM10),53,56,22,28,15,74,,,,11,9,7,6,0.8,0.8
2024-08-10T0400,3619A,113.617,37.8571,阳泉市,龙柱,颗粒物(PM10),62,73,32,30,19,59,,,,20,19,6,5,0.9,0.9
2024-08-10T0400,2252A,128.5159,47.4311,伊春市,环保局,,19,,26,13,12,4,,,,6,8,3,5,0.4,0.4
2024-08-10T0400,2253A,128.9102,47.7412,伊春市,电力嘉园,,13,13,10,3,6,2,,,,9,11,10,9,0.6,0.6
2024-08-10T0400,2254A,129.5029,48.471,伊春市,汤旺河国家公园,,22,22,18,8,11,5,,,,5,5,3,4,0.5,0.5
2024-08-10T0400,3342A,128.4741,47.4346,伊春市,中心小学,,16,16,21,3,9,6,,,,8,6,7,7,0.6,0.6
2024-08-10T0400,3343A,128.6871,47.7369,伊春市,检察院,,25,25,21,6,16,2,,,,8,6,8,9,0.6,0.7
2024-08-10T0400,3344A,128.8431,47.8474,伊春市,双子河社区,,23,23,21,15,10,1,,,,8,8,6,7,0.7,0.6
2024-08-10T0400,3480A,129.1368,47.6417,伊春市,美溪镇,,23,23,22,3,7,4,,,,12,9,11,10,0.8,0.9
2024-08-10T0400,2703A,81.2815,43.9404,伊犁哈萨克自治州,市环保局,颗粒物(PM10),66,81,66,28,22,21,,,,52,44,8,10,0.9,0.8
2024-08-10T0400,2704A,81.2996,43.9174,伊犁哈萨克自治州,新政府片区,颗粒物(PM10),52,54,37,27,17,23,,,,46,25,7,7,0.9,0.6
2024-08-10T0400,2705A,81.3364,43.941,伊犁哈萨克自治州,第二水厂,颗粒物(PM10),63,75,47,19,23,40,,,,34,24,9,7,0.6,0.6
2024-08-10T0400,1882A,104.563,28.793,宜宾市,石马中学,,25,25,27,16,24,74,,,,5,7,4,4,0.4,0.5
2024-08-10T0400,1883A,104.6201,28.7728,宜宾市,市委,,27,23,31,10,18,84,,,,8,13,6,8,0.3,0.5
2024-08-10T0400,1884A,104.6055,28.793,宜宾市,宜宾四中,,27,25,30,14,21,84,,,,6,10,6,6,0.5,0.6
2024-08-10T0400,1885A,104.639,28.7562,宜宾市,市政府,,29,20,31,13,21,91,,,,8,12,8,8,0.5,0.6
2024-08-10T0400,1886A,104.5742,28.7199,宜宾市,黄金嘴,,30,30,28,12,17,86,,,,7,12,8,8,0.4,0.6
2024-08-10T0400,3728A,104.68,28.8071,宜宾市,白酒学院,,32,25,34,13,22,101,,,,4,10,7,7,0.4,0.6
2024-08-10T0400,1840A,111.2992,30.6981,宜昌市,白龙岗,,25,19,33,17,22,50,,,,9,17,3,3,0.5,0.6
2024-08-10T0400,1841A,111.3549,30.6465,宜昌市,伍家岗,,28,20,26,19,23,24,,,,38,17,3,4,0.4,0.5
2024-08-10T0400,1842A,111.2628,30.6961,宜昌市,点军区,,15,14,34,9,17,47,,,,8,14,6,7,0.5,0.6
2024-08-10T0400,1843A,111.3275,30.7819,宜昌市,夷陵区,,28,28,34,14,17,45,,,,11,16,3,3,0.4,0.5
2024-08-10T0400,3546A,111.4606,30.552,宜昌市,猇亭区张家湾站,,38,38,40,16,22,76,,,,8,18,4,5,0.6,0.7
2024-08-10T0400,3653A,111.3119,30.7273,宜昌市,云深路,,30,30,35,20,24,36,,,,12,13,7,6,0.6,0.6
2024-08-10T0400,2371A,114.3408,27.8064,宜春市,槟榔水业,,,,,,,,,,,,,,,,
2024-08-10T0400,2373A,114.3956,27.7844,宜春市,市石油公司,,25,25,27,16,18,31,,,,7,6,3,7,0.7,0.7
2024-08-10T0400,2374A,114.3703,27.7914,宜春市,市气象局,,29,25,27,20,17,28,,,,9,8,4,8,0.7,0.7
2024-08-10T0400,2375A,114.4013,27.8074,宜春市,市广电局,,22,22,26,14,16,31,,,,10,7,11,15,0.4,0.5
2024-08-10T0400,3151A,114.375,27.8097,宜春市,宜春学院北校区,,32,32,31,20,21,16,,,,15,7,7,15,0.5,0.4
2024-08-10T0400,3415A,114.4519,28.0828,宜春市,万载县环保局,,37,37,31,19,15,20,,,,14,13,24,16,0.6,0.6
2024-08-10T0400,2467A,112.4067,28.6428,益阳市,甘溪港,,36,31,32,25,22,47,,,,8,8,10,8,0.6,0.6
2024-08-10T0400,2468A,112.3458,28.5808,益阳市,市环保局,,50,50,35,3,11,62,,,,13,8,7,7,0.6,0.5
2024-08-10T0400,2469A,112.3437,28.5531,益阳市,市特殊教育学校,,26,26,33,13,15,68,,,,5,8,10,9,0.6,0.6
2024-08-10T0400,2470A,112.3347,28.6047,益阳市,资阳区政务中心,,25,24,22,17,13,66,,,,5,8,9,9,0.7,0.6
2024-08-10T0400,2471A,112.3744,28.5819,益阳市,赫山环保分局,,34,34,25,12,17,66,,,,7,10,10,10,0.6,0.6
2024-08-10T0400,1484A,105.9512,38.6016,银川市,贺兰山马莲口,,,,,,,,,,,,,,,,
2024-08-10T0400,1488A,106.2328,38.4975,银川市,贺兰山东路,颗粒物(PM10),98,146,188,44,59,119,,,,5,9,6,6,0.2,0.3
2024-08-10T0400,1489A,106.1358,38.5036,银川市,学院路,颗粒物(PM10),94,138,179,37,49,109,,,,5,7,4,4,0.5,0.5
2024-08-10T0400,2924A,106.2266,38.4418,银川市,水乡路,颗粒物(PM10),91,132,182,39,45,104,,,,5,9,6,7,0.4,0.5
2024-08-10T0400,2925A,106.2757,38.4842,银川市,上海东路,颗粒物(PM10),92,134,140,43,50,117,,,,3,9,6,10,0.3,0.3
2024-08-10T0400,2926A,106.1015,38.497,银川市,文昌北街,颗粒物(PM10),85,120,169,40,49,119,,,,4,5,5,5,0.2,0.2
2024-08-10T0400,3523A,106.5105,38.3856,银川市,滨河新区,颗粒物(PM10),83,116,164,37,33,124,,,,5,8,2,4,0.4,0.5
2024-08-10T0400,2357A,116.9822,28.1136,鹰潭市,龙虎山,,,,,,,,,,,,,,,,
2024-08-10T0400,2358A,117.0564,28.2642,鹰潭市,新监测站,,38,,41,26,21,31,,,,2,10,4,4,0.4,0.5
2024-08-10T0400,2359A,117.0311,28.2475,鹰潭市,财苑宾馆,,28,,42,19,19,23,,,,13,8,6,6,0.3,0.3
2024-08-10T0400,2360A,117.0222,28.2264,鹰潭市,体育馆,,24,24,34,16,17,29,,,,7,6,7,7,0.4,0.3
2024-08-10T0400,2361A,117.0017,28.2131,鹰潭市,三川水表,,37,37,33,15,16,23,,,,10,6,8,8,0.4,0.4
2024-08-10T0400,1597A,122.2703,40.7094,营口市,大庆路,,22,21,40,12,25,68,,,,11,22,4,7,0.5,1.1
2024-08-10T0400,1598A,122.2150,40.6511,营口市,镜湖西路,,,,,,,,,,,,,,,,
2024-08-10T0400,1599A,122.1658,40.6789,营口市,西炮台,,19,16,31,3,19,60,,,,11,15,7,6,0.5,1
2024-08-10T0400,3379A,122.1139,40.2278,营口市,鲅鱼圈市民活动中心,,23,13,37,7,23,71,,,,9,20,8,9,0.4,0.7
2024-08-10T0400,3866A,122.2469,40.66302,营口市,三高中,,21,20,33,13,23,67,,,,6,13,9,10,0.5,0.9
2024-08-10T0400,4006A,122.3622,40.6762,营口市,老边实验小学,,24,24,53,12,45,53,,,,19,26,8,10,0.9,1.3
2024-08-10T0400,2477A,111.6217,26.2081,永州市,零陵南津渡,,34,34,32,22,20,58,,,,4,4,7,6,0.5,0.5
2024-08-10T0400,2478A,111.6156,26.4214,永州市,市环境监测站,,25,25,26,17,18,56,,,,6,5,11,8,0.6,0.5
2024-08-10T0400,2479A,111.6236,26.2331,永州市,零陵区环保局,,22,22,28,13,18,59,,,,4,6,4,7,0.5,0.5
2024-08-10T0400,2480A,111.5992,26.4364,永州市,永州市环保局,,23,23,27,15,19,50,,,,6,7,8,7,0.5,0.4
2024-08-10T0400,2481A,111.5989,26.4519,永州市,冷水滩区环保局,,22,22,25,15,18,57,,,,5,6,11,8,0.6,0.6
2024-08-10T0400,2638A,109.7414,38.3344,榆林市,红石峡森林公园,颗粒物(PM10),98,145,109,23,19,60,,,,16,12,10,8,0.3,0.3
2024-08-10T0400,2639A,109.7456,38.2911,榆林市,世纪广场,颗粒物(PM10),91,132,90,33,23,65,,,,16,14,13,7,0.5,0.6
2024-08-10T0400,2640A,109.7289,38.2839,榆林市,实验中学,颗粒物(PM10),101,151,109,38,20,65,,,,18,16,20,9,0.3,0.4
2024-08-10T0400,2641A,109.7336,38.2478,榆林市,环保监测大楼,颗粒物(PM10),91,131,97,32,22,62,,,,18,13,18,10,0.7,0.7
2024-08-10T0400,2509A,110.1106,22.7019,玉林市,寒山水库,,32,26,30,22,17,25,,,,7,8,5,5,0.7,0.7
2024-08-10T0400,2510A,110.1675,22.6411,玉林市,市监测站,,35,35,32,23,15,38,,,,6,8,5,8,0.6,0.5
2024-08-10T0400,2511A,110.1433,22.6164,玉林市,南江一中,,43,43,44,28,17,33,,,,14,9,30,11,0.7,0.6
2024-08-10T0400,3532A,110.1945,22.6831,玉林市,玉林师范学院东校区,细颗粒物(PM2.5),53,,28,37,13,28,,,,14,14,1,2,0.6,0.5
2024-08-10T0400,3533A,110.0527,22.5893,玉林市,福绵环保局,,32,32,24,12,16,33,,,,8,9,1,3,0.4,0.4
2024-08-10T0400,2675A,97,33.0014,玉树藏族自治州,玉树县结古镇,,31,11,10,3,4,99,,,,7,5,6,6,0.5,0.5
2024-08-10T0400,1715A,102.575,24.3711,玉溪市,东风水库,,15,15,9,8,4,7,,,,14,9,8,8,0.6,0.6
2024-08-10T0400,2882A,102.5389,24.3703,玉溪市,玉溪一中,,31,31,12,7,4,5,,,,20,10,13,9,1.7,0.7
2024-08-10T0400,2883A,102.5381,24.3389,玉溪市,文体中心,,13,13,12,3,3,11,,,,18,12,10,12,0.9,0.6
2024-08-10T0400,1847A,113.1094,29.3578,岳阳市,南湖风景区,,26,26,24,17,18,73,,,,14,10,14,10,0.7,0.7
2024-08-10T0400,1848A,113.1493,29.4251,岳阳市,城陵矶,,26,26,26,18,16,73,,,,12,12,8,8,0.7,0.6
2024-08-10T0400,1849A,113.1497,29.3575,岳阳市,开发区,,29,29,30,17,19,73,,,,12,10,8,7,0.4,0.4
2024-08-10T0400,1850A,113.2621,29.4758,岳阳市,云溪区,,28,20,24,10,14,87,,,,6,9,8,9,0.6,0.6
2024-08-10T0400,1851A,112.9943,29.4402,岳阳市,君山区,,30,28,24,21,18,72,,,,11,11,8,7,0.6,0.6
2024-08-10T0400,1852A,113.2117,29.355,岳阳市,金凤水库,,28,28,26,13,11,42,,,,19,13,5,6,0.5,0.5
2024-08-10T0400,1712A,112.0392,22.9169,云浮市,新市府,,20,20,22,13,17,46,,,,3,4,6,6,0.5,0.5
2024-08-10T0400,1714A,112.0539,22.9539,云浮市,牧羊,,22,,28,15,17,50,,,,7,12,8,9,0.6,0.6
2024-08-10T0400,3628A,112.0336,22.9374,云浮市,文笔,,18,18,22,8,8,56,,,,6,5,4,5,0.6,0.6
2024-08-10T0400,2175A,110.9956,35.0147,运城市,运城中学,颗粒物(PM10),87,124,48,38,24,55,,,,11,6,6,3,1.0,0.7
2024-08-10T0400,2178A,110.9686,35.0303,运城市,地区技校,颗粒物(PM10),77,104,53,43,38,14,,,,4,5,4,3,0.9,0.5
2024-08-10T0400,2179A,111.0414,35.1147,运城市,空港新区,颗粒物(PM10),81,111,54,36,25,59,,,,9,9,8,4,0.6,0.7
2024-08-10T0400,3667A,111.0283,35.0547,运城市,水利职院,颗粒物(PM10),84,118,52,45,27,41,,,,11,8,3,2,0.7,0.5
2024-08-10T0400,3670A,111.0522,35.0439,运城市,禹都公园,颗粒物(PM10),74,98,44,31,21,45,,,,6,5,1,1,0.7,0.6
2024-08-10T0400,1637A,117.558,34.8438,枣庄市,市中区政府,颗粒物(PM10),52,53,47,31,29,95,,,,17,19,11,13,0.7,0.6
2024-08-10T0400,1638A,117.2852,34.7837,枣庄市,薛城环保局,颗粒物(PM10),53,56,46,36,29,94,,,,17,16,6,7,0.8,0.8
2024-08-10T0400,1639A,117.5852,34.7745,枣庄市,峄城区政府,细颗粒物(PM2.5),68,63,49,49,32,89,,,,15,15,5,7,0.8,0.7
2024-08-10T0400,1640A,117.7276,34.5578,枣庄市,台儿庄区环保局,,,44,43,34,30,,,,,14,17,6,7,0.7,0.7
2024-08-10T0400,1641A,117.4518,35.0992,枣庄市,山亭区环保局,,46,46,43,32,31,122,,,,13,13,9,9,0.9,0.8
2024-08-10T0400,3364A,117.3152,34.8103,枣庄市,市环保局,细颗粒物(PM2.5),55,54,45,39,29,102,,,,17,16,8,8,1.0,0.8
2024-08-10T0400,1680A,110.3539,21.2706,湛江市,湛江影剧院,,32,32,32,14,14,42,,,,10,12,13,13,0.5,0.5
2024-08-10T0400,1681A,110.3928,21.2228,湛江市,市环境监测站,,43,43,29,17,17,32,,,,16,12,8,10,0.6,0.6
2024-08-10T0400,1682A,110.4019,21.1997,湛江市,环保局宿舍,,39,36,29,27,15,30,,,,17,14,8,9,0.6,0.6
2024-08-10T0400,1683A,110.4111,21.2028,湛江市,霞山游泳场,,27,27,27,18,14,24,,,,10,11,6,8,0.7,0.5
2024-08-10T0400,1684A,110.3316,21.2679,湛江市,麻章区环保局,,34,34,31,17,19,34,,,,14,12,10,13,0.6,0.6
2024-08-10T0400,1685A,110.4558,21.2567,湛江市,坡头区环保局,,21,21,24,12,15,30,,,,9,12,5,7,0.5,0.4
2024-08-10T0400,1858A,110.5319,29.1217,张家界市,永定新区,,29,22,20,20,20,31,,,,7,8,3,3,0,0.1
2024-08-10T0400,1859A,110.4697,29.1242,张家界市,电业局,,28,20,20,19,18,30,,,,4,8,7,7,0.3,0.3
2024-08-10T0400,1860A,110.5594,29.3547,张家界市,未央路,,30,,18,21,18,25,,,,5,10,3,4,0.2,0.2
2024-08-10T0400,1861A,110.4417,29.315,张家界市,袁家界,,18,16,17,12,13,34,,,,21,20,6,6,0.6,0.6
2024-08-10T0400,1057A,114.8883,40.8336,张家口市,人民公园,,16,16,23,10,13,45,,,,15,11,3,2,0.6,0.5
2024-08-10T0400,1059A,114.8687,40.8042,张家口市,五金库,,22,20,30,10,13,68,,,,11,11,5,4,0.6,0.5
2024-08-10T0400,1060A,114.8902,40.762,张家口市,世纪豪园,,26,12,21,3,9,81,,,,7,8,1,5,0.6,0.4
2024-08-10T0400,1061A,114.8916,40.8661,张家口市,北泵房,,36,,17,25,25,27,,,,10,7,5,5,0.5,0.4
2024-08-10T0400,3131A,114.879,40.7993,张家口市,烟厂,,21,21,16,14,11,63,,,,11,13,3,3,0.5,0.5
2024-08-10T0400,3323A,115.2773,40.9724,张家口市,青少年活动中心,,31,31,22,9,11,66,,,,3,6,2,2,0.3,0.5
2024-08-10T0400,2654A,100.4698,38.9524,张掖市,润泉湖,,29,29,185,9,38,59,,,,7,9,8,8,0.2,0.3
2024-08-10T0400,2655A,100.4154,38.9422,张掖市,区工会,,26,26,161,12,34,67,,,,8,9,8,8,0.3,0.4
2024-08-10T0400,2075A,117.6336,24.4674,漳州市,九湖,,,,,,,,,,,,,,,,
2024-08-10T0400,2920A,117.7116,24.506,漳州市,蓝田镇,,50,50,37,27,20,4,,,,31,22,5,6,0.5,0.5
2024-08-10T0400,3216A,114.6622,24.5183,漳州市,漳州党校,颗粒物(PM10),53,55,41,29,24,10,,,,29,18,9,8,0.7,0.6
2024-08-10T0400,3530A,117.6296,24.5314,漳州市,西洋坪路,,38,38,26,22,19,2,,,,28,16,6,6,0.7,0.5
2024-08-10T0400,2596A,103.7667,27.3736,昭通市,监测站,,29,12,22,12,16,92,,,,5,6,7,6,0.3,0.4
2024-08-10T0400,2597A,103.7225,27.3361,昭通市,环保局,,29,,21,14,12,91,,,,6,8,6,10,0.3,0.3
2024-08-10T0400,1397A,112.4267,23.0706,肇庆市,睦岗子站,,24,24,25,14,16,48,,,,8,9,5,6,0.4,0.4
2024-08-10T0400,1398A,112.4645,23.0475,肇庆市,城中子站,,24,24,24,9,13,32,,,,17,14,9,10,0.5,0.5
2024-08-10T0400,1399A,112.5544,23.1522,肇庆市,坑口子站,,19,19,24,9,15,38,,,,16,16,5,6,0.4,0.3
2024-08-10T0400,1400A,112.4753,23.1,肇庆市,七星岩子站,,,,,,,,,,,,,,,,
2024-08-10T0400,3313A,112.4575,23.0166,肇庆市,高要湖西,,20,20,25,11,13,41,,,,9,8,3,4,0.4,0.4
2024-08-10T0400,3451A,112.5617,23.2083,肇庆市,鼎湖凤凰,,19,17,24,13,15,15,,,,10,9,6,7,0.5,0.5
2024-08-10T0400,1203A,119.6707,32.1875,镇江市,新区办事处,,39,37,47,27,29,122,,,,11,26,5,6,0.4,0.7
2024-08-10T0400,1204A,119.4974,32.1968,镇江市,职教中心,,45,45,47,25,30,113,,,,12,21,8,9,0.5,0.6
2024-08-10T0400,1205A,119.4303,32.1328,镇江市,丹徒区监测站,细颗粒物(PM2.5),65,47,51,47,36,103,,,,10,16,4,6,0.6,0.7
2024-08-10T0400,2870A,119.4424,32.1873,镇江市,市疾控中心,,38,38,45,24,27,104,,,,14,22,7,7,0.5,0.6
2024-08-10T0400,3287A,119.3842,32.1976,镇江市,富润路1号,细颗粒物(PM2.5),55,42,44,39,35,98,,,,13,24,6,7,0.6,0.6
2024-08-10T0400,1316A,113.69031,34.76122,郑州市,烟厂,颗粒物(PM10),70,89,33,22,9,79,,,,11,13,1,1,0.5,0.6
2024-08-10T0400,1317A,113.65724,34.77134,郑州市,郑纺机,,,95,34,,,86,,,,10,10,2,2,0.5,0.6
2024-08-10T0400,1318A,113.67526,34.80246,郑州市,银行学校,颗粒物(PM10),64,77,31,28,13,78,,,,13,11,2,3,0.4,0.5
2024-08-10T0400,1319A,113.56746,34.81334,郑州市,供水公司,颗粒物(PM10),68,86,32,20,17,84,,,,17,15,4,2,0.5,0.4
2024-08-10T0400,1320A,113.7329,34.7178,郑州市,经开区管委,,,56,32,,19,84,,,,10,10,3,3,0.4,0.5
2024-08-10T0400,1321A,113.73961,34.77172,郑州市,四十七中,,,84,31,,,86,,,,7,10,2,3,0.3,0.4
2024-08-10T0400,1322A,113.60532,34.74838,郑州市,市监测站,,,83,35,,,75,,,,6,11,3,3,0.5,0.5
2024-08-10T0400,1323A,113.64164,34.7525,郑州市,河医大,颗粒物(PM10),66,81,35,15,17,84,,,,7,10,3,3,0.3,0.4
2024-08-10T0400,1324A,113.51488,34.91089,郑州市,岗李水库,,,,,,,,,,,,,,,,
2024-08-10T0400,3471A,113.616563,34.86783,郑州市,惠济区政府,颗粒物(PM10),57,64,29,18,12,82,,,,8,11,1,1,0.5,0.6
2024-08-10T0400,3590A,113.8374,34.5589,郑州市,北区建设指挥部,,,38,30,,,44,,,,29,19,3,2,0.4,0.4
2024-08-10T0400,3591A,113.30952,34.803229,郑州市,上街区政府,,,105,37,,,88,,,,8,8,3,2,0.4,0.5
2024-08-10T0400,1379A,113.3769,22.5211,中山市,华柏园,,13,13,24,7,12,38,,,,8,9,7,8,0.3,0.3
2024-08-10T0400,1380A,113.3881,22.5497,中山市,张溪,,18,18,22,3,12,46,,,,4,5,2,5,0.4,0.4
2024-08-10T0400,1381A,113.4075,22.5111,中山市,紫马岭,,17,17,20,7,12,46,,,,4,5,8,8,0.5,0.4
2024-08-10T0400,1382A,113.4411,22.4853,中山市,长江旅游区,,,,,,,,,,,,,,,,
2024-08-10T0400,3454A,113.3528,22.478,中山市,中山南区,,19,19,20,9,12,38,,,,10,8,6,6,0.4,0.4
2024-08-10T0400,2680A,105.0025,37.4635,中卫市,沙坡头消防站,,,,,,,,,,,,,,,,
2024-08-10T0400,2682A,105.1971,37.5002,中卫市,环保局站,颗粒物(PM10),153,256,665,57,138,88,,,,5,6,5,5,0.3,0.4
2024-08-10T0400,3650A,105.1698,37.5162,中卫市,沙坡头区政府站,细颗粒物(PM2.5),224,327,724,174,158,94,,,,5,6,3,3,0.4,0.4
2024-08-10T0400,1414A,106.3787,29.8279,重庆市,缙云山,,21,17,22,8,13,65,,,,6,9,6,10,0.2,0.2
2024-08-10T0400,1416A,106.4213,29.8253,重庆市,天生,,40,33,32,28,20,58,,,,11,11,6,7,0.4,0.4
2024-08-10T0400,1417A,106.6263,29.7228,重庆市,两路,,43,,26,30,19,57,,,,11,22,7,8,0.5,0.6
2024-08-10T0400,1418A,106.2953,29.5983,重庆市,虎溪,,35,35,33,24,19,69,,,,8,11,5,6,0.6,0.6
2024-08-10T0400,1419A,106.5777,29.5102,重庆市,南坪,,43,40,27,30,19,50,,,,8,15,9,9,0.6,0.7
2024-08-10T0400,1420A,106.6556,29.6277,重庆市,唐家沱,颗粒物(PM10),55,59,33,38,17,43,,,,16,19,10,10,0.7,0.6
2024-08-10T0400,1421A,106.6349,29.4906,重庆市,茶园,颗粒物(PM10),51,52,36,33,19,55,,,,13,20,9,6,0.8,0.8
2024-08-10T0400,1422A,106.3754,29.4572,重庆市,白市驿,,41,41,25,18,13,46,,,,13,16,6,8,0.5,0.5
2024-08-10T0400,1425A,106.6205,29.7166,重庆市,空港,,33,31,28,23,18,64,,,,8,15,8,8,0.7,0.7
2024-08-10T0400,1426A,106.4782,29.4875,重庆市,新山村,,43,43,31,29,19,44,,,,9,15,8,8,0.6,0.6
2024-08-10T0400,1427A,106.5616,29.6453,重庆市,礼嘉,,36,31,25,25,15,62,,,,6,15,10,9,0.5,0.6
2024-08-10T0400,1428A,106.4522,29.7091,重庆市,蔡家,,25,25,28,14,19,71,,,,8,16,8,6,0.5,0.6
2024-08-10T0400,1429A,106.5093,29.3917,重庆市,鱼新街,颗粒物(PM10),52,54,29,28,21,42,,,,18,21,15,10,0.7,0.7
2024-08-10T0400,3014A,106.4958,29.5346,重庆市,歇台子,,35,33,31,24,17,39,,,,9,13,7,8,0.8,0.7
2024-08-10T0400,3015A,106.4037,29.5728,重庆市,龙井湾,,37,37,38,17,12,46,,,,7,10,6,7,0.7,0.7
2024-08-10T0400,3016A,106.5507,29.4153,重庆市,龙洲湾,颗粒物(PM10),51,51,27,32,17,45,,,,15,15,13,9,0.7,0.7
2024-08-10T0400,3133A,106.5468,29.5654,重庆市,上清寺,,47,47,33,29,20,42,,,,13,24,6,7,0.7,0.6
2024-08-10T0400,3346A,108.3872,31.1628,重庆市,安康,,40,,24,28,23,14,,,,11,15,5,5,0.6,0.5
2024-08-10T0400,3347A,105.9017,29.3569,重庆市,北山路,,48,48,25,3,13,57,,,,11,11,3,6,0.7,0.7
2024-08-10T0400,3348A,105.839,30.1946,重庆市,春阳街,颗粒物(PM10),62,73,32,27,20,46,,,,7,10,6,7,0.4,0.5
2024-08-10T0400,3349A,107.7983,30.6758,重庆市,人民东路,,26,21,53,18,21,32,,,,8,10,6,6,0.7,0.7
2024-08-10T0400,3350A,106.6479,29.0244,重庆市,滩子口,细颗粒物(PM2.5),58,50,31,41,21,57,,,,7,7,8,9,0.4,0.5
2024-08-10T0400,3351A,105.7167,29.7076,重庆市,棠香,,24,24,40,10,14,68,,,,5,8,8,7,0.6,0.6
2024-08-10T0400,3352A,107.0732,29.8617,重庆市,桃源西路,细颗粒物(PM2.5),58,50,34,41,22,55,,,,17,10,21,15,0.6,0.4
2024-08-10T0400,3353A,107.3535,29.7287,重庆市,迎宾大道,,29,28,26,20,17,4,,,,37,22,4,5,0.5,0.5
2024-08-10T0400,3354A,108.815,29.5081,重庆市,舟白,,30,,22,21,19,26,,,,5,7,5,5,0.3,0.4
2024-08-10T0400,3355A,108.3679,30.8426,重庆市,周家坝,,39,33,26,27,25,9,,,,26,21,6,10,0.6,0.6
2024-08-10T0400,3356A,108.4319,30.7555,重庆市,百安坝,,36,,23,25,26,43,,,,4,11,8,8,0.3,0.4
2024-08-10T0400,3482A,107.7541,29.3277,重庆市,芙蓉中路,,48,48,41,19,16,4,,,,24,18,26,14,0.7,0.7
2024-08-10T0400,3483A,108.7661,29.5368,重庆市,西山,,30,25,26,21,23,6,,,,17,11,5,6,0.4,0.4
2024-08-10T0400,3484A,106.2628,29.32,重庆市,行政中心,,47,47,25,20,15,58,,,,9,12,6,8,0.6,0.6
2024-08-10T0400,3485A,107.0944,29.1608,重庆市,高寺路,,42,,22,29,20,52,,,,10,10,5,5,0.8,0.6
2024-08-10T0400,3599A,106.2649,29.9851,重庆市,书院路,,42,42,28,25,21,54,,,,7,10,8,8,0.4,0.5
2024-08-10T0400,3600A,106.2339,29.5559,重庆市,虎峰,颗粒物(PM10),55,60,41,22,15,44,,,,8,7,7,8,1.4,0.8
2024-08-10T0400,3601A,106.0499,29.8342,重庆市,龙门街,,44,44,25,30,24,56,,,,7,11,11,14,0.6,0.6
2024-08-10T0400,3610A,105.5933,29.4105,重庆市,昌元,,47,47,39,21,18,68,,,,7,10,2,3,0.6,0.6
2024-08-10T0400,1258A,122.122,30.0203,舟山市,定海檀枫,,33,31,29,23,16,55,,,,13,14,6,6,0.4,0.4
2024-08-10T0400,1260A,122.19,29.9944,舟山市,临城新区,,17,17,18,10,10,46,,,,20,15,9,8,0.4,0.4
2024-08-10T0400,4033A,122.3123,29.9619,舟山市,普陀东港中学,,18,18,18,7,10,52,,,,9,9,5,5,0.4,0.4
2024-08-10T0400,2067A,114.6613,33.6128,周口市,市环境监测站,,23,9,41,7,17,71,,,,15,15,5,5,0.3,0.5
2024-08-10T0400,2068A,114.6758,33.6347,周口市,周口师范,,22,,36,7,16,69,,,,6,8,3,4,0.5,0.6
2024-08-10T0400,2069A,114.6546,33.5979,周口市,市运管处,,20,11,27,3,17,61,,,,11,11,3,3,0.6,0.7
2024-08-10T0400,2070A,114.6369,33.6406,周口市,川汇区环保局,,20,14,34,8,17,64,,,,5,6,4,4,0.4,0.4
2024-08-10T0400,1515A,113.135,27.8244,株洲市,天台山庄,,32,32,32,7,19,58,,,,8,9,18,10,0.6,0.5
2024-08-10T0400,1518A,113.095,27.8867,株洲市,株冶医院,,36,36,32,19,18,56,,,,11,11,8,9,0.5,0.5
2024-08-10T0400,1519A,113.167,27.8667,株洲市,市四中,,39,39,34,24,22,49,,,,14,10,11,8,0.5,0.4
2024-08-10T0400,1520A,113.143,27.8381,株洲市,火车站,,32,32,32,13,21,51,,,,10,9,7,8,0.5,0.5
2024-08-10T0400,1524A,113.13,27.8528,株洲市,市监测站,,36,36,34,23,23,52,,,,11,9,12,11,0.6,0.6
2024-08-10T0400,1559A,113.251,27.8336,株洲市,大京风景区,,23,23,27,12,16,30,,,,10,6,5,5,0.4,0.4
2024-08-10T0400,2031A,113.1817,27.9958,株洲市,云田中学,,38,37,39,26,23,47,,,,12,11,11,12,0.7,0.7
2024-08-10T0400,1367A,113.5814,22.2618,珠海市,吉大,,18,18,20,9,11,51,,,,3,7,4,4,0.4,0.4
2024-08-10T0400,1368A,113.4881,22.2335,珠海市,前山,,18,18,21,7,9,49,,,,1,4,3,4,0.4,0.4
2024-08-10T0400,1369A,113.628,22.4251,珠海市,唐家,,13,13,18,3,9,40,,,,4,5,6,6,0.4,0.4
2024-08-10T0400,1370A,113.299,22.2281,珠海市,斗门,,16,14,15,8,9,50,,,,4,6,8,8,0.6,0.6
2024-08-10T0400,3308A,113.3494,22.0569,珠海市,金湾,,18,18,24,3,9,54,,,,2,4,6,6,0.4,0.5
2024-08-10T0400,3448A,113.5433,22.1163,珠海市,横琴,,17,14,16,8,9,54,,,,4,4,6,6,0.5,0.5
2024-08-10T0400,2420A,114.0189,32.9656,驻马店市,市一纸厂,,23,20,30,16,17,73,,,,5,8,5,5,0.3,0.3
2024-08-10T0400,2421A,114.0114,33.015,驻马店市,市彩印厂,,23,,22,15,19,73,,,,4,6,4,4,0.3,0.3
2024-08-10T0400,2422A,113.9976,32.9771,驻马店市,天方二分厂,,33,,35,23,20,72,,,,4,7,2,2,0.3,0.3
2024-08-10T0400,3339A,114.0012,33.0412,驻马店市,小管楼,,25,10,28,7,19,78,,,,5,6,5,5,0.4,0.5
2024-08-10T0400,2561A,104.6617,30.1372,资阳市,莲花山,,36,36,36,13,17,85,,,,7,10,5,5,0.2,0.2
2024-08-10T0400,2562A,104.6356,30.1506,资阳市,资阳中学,,43,43,55,16,24,84,,,,2,5,10,11,0.7,0.7
2024-08-10T0400,2563A,104.6295,30.1383,资阳市,四三一厂,,42,42,44,18,22,88,,,,3,10,6,8,0.5,0.6
2024-08-10T0400,2564A,104.6463,30.1146,资阳市,师范校,,37,37,37,24,20,85,,,,4,10,7,8,0.6,0.7
2024-08-10T0400,2565A,104.6296,30.1256,资阳市,区法院,,35,35,38,12,21,82,,,,1,5,5,10,0.6,0.6
2024-08-10T0400,1631A,118.0414,36.8103,淄博市,人民公园,,35,14,34,14,23,109,,,,8,16,8,10,0.2,0.5
2024-08-10T0400,1633A,117.8525,36.4847,淄博市,双山,,39,35,31,27,22,114,,,,10,9,9,9,0.8,0.6
2024-08-10T0400,1634A,117.9592,36.6331,淄博市,气象站,,45,,34,31,24,109,,,,14,18,10,11,0.6,0.5
2024-08-10T0400,1635A,118.3092,36.8194,淄博市,莆田园,,42,34,30,29,25,107,,,,12,16,8,8,0.3,0.4
2024-08-10T0400,3363A,117.9883,36.8372,淄博市,新区,,36,14,32,3,19,113,,,,5,14,8,9,0.6,0.9
2024-08-10T0400,3644A,117.8661,36.805,淄博市,三金集团,,37,23,36,3,23,117,,,,8,20,3,12,0.4,0.8
2024-08-10T0400,3645A,118.0253,36.8406,淄博市,东风化工厂,,36,31,42,3,23,113,,,,9,15,6,7,0.3,0.6
2024-08-10T0400,3027A,104.72,29.3427,自贡市,青杠林路,,25,15,37,12,26,79,,,,4,10,7,8,0.2,0.3
2024-08-10T0400,3028A,104.776,29.3627,自贡市,檀木林体育馆,,24,24,37,12,26,75,,,,3,9,6,8,0.3,0.4
2024-08-10T0400,3360A,104.7894,29.3194,自贡市,南湖救助站,,26,21,39,3,27,83,,,,2,10,8,7,0.2,0.4
2024-08-10T0400,3638A,104.7636,29.3338,自贡市,轻化工大学,,25,12,37,11,17,80,,,,3,9,7,8,0.3,0.4
2024-08-10T0400,1911A,106.9222,27.6869,遵义市,丁字口,,26,26,28,13,13,26,,,,15,10,5,6,0.7,0.6
2024-08-10T0400,1912A,106.9242,27.7019,遵义市,凤凰山,,29,22,23,20,16,47,,,,11,11,10,8,0.5,0.4
2024-08-10T0400,1913A,106.8906,27.6486,遵义市,忠庄,,29,25,33,20,18,30,,,,12,8,7,4,0.5,0.5
2024-08-10T0400,1914A,106.9231,27.6506,遵义市,舟水桥,,27,27,27,8,14,12,,,,13,10,1,2,0.6,0.5
2024-08-10T0400,1915A,106.9178,27.72,遵义市,干田坝,,18,,17,12,10,16,,,,17,9,6,6,0.7,0.6
2024-08-10T0400,3536A,106.8547,27.5919,遵义市,第十二小学,,31,31,30,19,17,34,,,,12,11,12,7,0.5,0.4
