timepoint,stationcode,longitude,latitude,area,positionname,primarypollutant,aqi,pm10,pm10_24h,pm2_5,pm2_5_24h,o3,o3_24h,o3_8h,o3_8h_24h,no2,no2_24h,so2,so2_24h,co,co_24h
2025-05-09T1900,2566A,102.1879,31.914,阿坝藏族羌族自治州,州农科所,,40,40,40,12,13,83,,105,105,12,8,13,10,0.7,0.7
2025-05-09T1900,2568A,102.2502,31.8896,阿坝藏族羌族自治州,马师校,颗粒物(PM10),51,51,41,24,20,94,,100,100,8,11,4,4,0.4,0.4
2025-05-09T1900,3994A,102.2165,31.9024,阿坝藏族羌族自治州,马尔康中学西区,,,59,41,34,20,108,,111,111,3,8,,12,,0.1
2025-05-09T1900,2695A,80.292,41.1694,阿克苏地区,电视台,颗粒物(PM10),342,453,975,137,303,94,,94,94,18,18,2,5,0.4,0.5
2025-05-09T1900,2696A,80.2613,41.1551,阿克苏地区,艺术中心,颗粒物(PM10),383,486,1048,157,340,88,,89,89,6,15,4,4,0.4,0.5
2025-05-09T1900,2204A,105.6467,38.8363,阿拉善盟,西城区西花园,,46,39,47,32,27,119,,116,116,9,8,5,5,0.6,0.6
2025-05-09T1900,2205A,105.6985,38.8411,阿拉善盟,蒙二幼,,40,40,51,19,20,102,,100,100,10,7,8,8,0.4,0.4
2025-05-09T1900,2206A,105.724,38.8516,阿拉善盟,环保局新楼,,38,38,48,20,25,110,,108,108,5,4,8,8,0.4,0.5
2025-05-09T1900,2708A,88.1264,47.8517,阿勒泰地区,市站,,37,17,17,3,4,116,,113,113,10,7,2,2,0.1,0.1
2025-05-09T1900,2630A,80.1161,32.5,阿里地区,阿里监测站,,44,8,9,3,6,140,,133,133,6,8,6,6,0.4,0.4
2025-05-09T1900,3192A,80.0903,32.5028,阿里地区,阿里藏医院,,47,6,14,3,6,150,,142,142,2,5,8,8,0.3,0.4
2025-05-09T1900,2642A,109.0318,32.6537,安康市,香溪洞,颗粒物(PM10),70,90,74,19,25,108,,99,99,5,5,7,6,0.3,0.4
2025-05-09T1900,2644A,109.0072,32.6975,安康市,汉滨区检察院,颗粒物(PM10),57,63,68,26,26,108,,98,98,7,7,16,9,0.4,0.4
2025-05-09T1900,4054A,109.0325,32.6913,安康市,市邮政管理局,颗粒物(PM10),58,66,73,22,25,104,,100,100,8,6,9,11,0.3,0.3
2025-05-09T1900,2291A,117.0809,30.5177,安庆市,环科院,,40,40,16,21,9,98,,104,104,10,12,1,2,0.5,0.6
2025-05-09T1900,2292A,117.0331,30.5119,安庆市,马山宾馆,,41,41,16,19,10,68,,97,97,43,17,3,4,0.7,0.8
2025-05-09T1900,2294A,116.9896,30.6145,安庆市,安庆大学,,36,36,16,16,16,105,,110,110,11,13,2,3,0.2,0.5
2025-05-09T1900,3173A,117.0598,30.5351,安庆市,市人大,,,45,18,17,9,96,,111,111,23,14,,7,,0.5
2025-05-09T1900,3122A,105.9606,26.2611,安顺市,伍家关,,34,32,23,17,6,108,,114,114,10,10,5,4,0.5,0.4
2025-05-09T1900,3123A,105.9408,26.2431,安顺市,凤凰山,,38,32,27,18,21,120,,128,128,8,8,8,8,0.5,0.5
2025-05-09T1900,3124A,105.9439,26.2564,安顺市,金钟山,,37,29,29,19,20,116,,123,123,6,7,6,6,0.3,0.3
2025-05-09T1900,3125A,105.8983,26.2481,安顺市,娄家坡,,37,34,33,20,18,116,,123,123,8,8,8,8,0.6,0.7
2025-05-09T1900,1818A,114.4839,36.0621,安阳市,棉研所,,,,,,,,,,,,,,,,
2025-05-09T1900,1819A,114.3551,36.1017,安阳市,红庙街,,31,24,51,8,26,97,,94,94,1,3,2,2,0.5,0.5
2025-05-09T1900,1820A,114.361,36.0681,安阳市,银杏小区,,32,25,54,8,32,100,,97,97,1,4,3,2,0.4,0.5
2025-05-09T1900,3141A,114.3922,36.0878,安阳市,信访局,,32,14,52,13,29,102,,102,102,4,7,2,2,0.5,0.5
2025-05-09T1900,3669A,114.4705,36.0637,安阳市,左辅环卫站,,35,20,58,3,30,109,,104,104,9,15,2,2,0.2,0.4
2025-05-09T1900,3703A,114.2917,36.0949,安阳市,安钢职工学校,,31,21,54,6,34,97,,93,93,8,8,1,2,0.5,0.7
2025-05-09T1900,1748A,123.044,41.1196,鞍山市,深沟寺,颗粒物(PM10),71,92,61,49,23,68,,96,90,21,15,7,10,0.7,0.7
2025-05-09T1900,1749A,123.011,41.0931,鞍山市,太阳城,颗粒物(PM10),74,97,60,53,25,67,,82,81,19,15,10,8,0.8,0.7
2025-05-09T1900,1750A,123.0485,41.1442,鞍山市,太平,颗粒物(PM10),92,134,83,56,30,58,,90,80,22,13,9,9,0.8,0.8
2025-05-09T1900,1751A,122.9642,41.0971,鞍山市,铁西三道街,"颗粒物(PM10),细颗粒物(PM2.5)",84,118,71,62,27,56,,88,85,36,23,30,10,1.6,0.9
2025-05-09T1900,1753A,123.022,41.0821,鞍山市,明达新区,颗粒物(PM10),71,92,59,41,17,73,,92,88,16,13,8,8,0.4,0.3
2025-05-09T1900,1754A,123.1289,41.0228,鞍山市,千山,,,,35,,6,,,87,,,10,,6,,0.5
2025-05-09T1900,4201A,122.9446,41.0826,鞍山市,兴盛南路290号,颗粒物(PM10),75,99,74,44,25,68,,86,85,23,24,12,12,0.8,0.9
2025-05-09T1900,2195A,107.4212,40.761,巴彦淖尔市,附二中,,32,30,26,13,22,100,,99,99,5,6,8,8,0.3,0.3
2025-05-09T1900,2196A,107.37,40.7372,巴彦淖尔市,市环保大楼,,50,,34,35,23,105,,105,105,10,8,4,4,0.3,0.3
2025-05-09T1900,1956A,86.1472,41.7538,巴音郭楞蒙古自治州,孔雀公园,颗粒物(PM10),84,117,103,35,24,116,,108,108,11,17,7,8,0.3,0.3
2025-05-09T1900,1957A,86.1972,41.7166,巴音郭楞蒙古自治州,棉纺厂,颗粒物(PM10),86,121,99,25,17,132,,113,113,7,14,3,7,0.3,0.2
2025-05-09T1900,1958A,86.2357,41.7173,巴音郭楞蒙古自治州,经济开发区,颗粒物(PM10),63,75,67,12,13,112,,110,110,4,7,7,8,0.2,0.2
2025-05-09T1900,2914A,106.7677,31.8794,巴中市,苏山坪,颗粒物(PM10),99,147,121,44,34,111,,110,110,10,7,5,4,0.2,0.2
2025-05-09T1900,3181A,106.7768,31.8526,巴中市,市五中,,,,83,,26,105,,102,102,,10,6,6,,0.4
2025-05-09T1900,3183A,106.7418,31.8654,巴中市,圣泉水务公司,颗粒物(PM10),93,136,96,41,31,105,,107,107,13,15,7,7,0.1,0.2
2025-05-09T1900,3616A,106.7616,31.8344,巴中市,市中心医院,颗粒物(PM10),106,162,81,55,31,108,,104,104,7,8,4,4,0.3,0.4
2025-05-09T1900,2235A,122.7911,45.6077,白城市,洮北区环保局,,38,29,33,26,26,111,,119,119,18,10,4,4,0.4,0.4
2025-05-09T1900,2236A,122.8738,45.5725,白城市,市环保局,,39,39,29,24,24,114,,125,125,12,5,3,2,0.4,0.4
2025-05-09T1900,2231A,126.4219,41.9171,白山市,喜丰,颗粒物(PM10),67,83,67,19,19,98,,107,106,28,23,8,8,0.7,0.5
2025-05-09T1900,2232A,126.4077,41.9419,白山市,环保局,颗粒物(PM10),55,60,51,22,17,110,,106,106,8,14,8,11,0.7,0.6
2025-05-09T1900,2647A,104.1724,36.5446,白银市,第三小学,,34,32,89,12,28,108,,109,109,5,10,9,8,0.2,0.5
2025-05-09T1900,2648A,104.1465,36.5482,白银市,动力公司,,35,25,89,15,26,109,,108,108,6,10,7,8,0.2,0.4
2025-05-09T1900,2512A,106.6103,23.9011,百色市,市监测站,,,49,35,17,17,93,,106,106,,11,6,6,0.5,0.5
2025-05-09T1900,2513A,106.6538,23.8859,百色市,市中心血站,,39,39,35,13,22,100,,110,110,13,7,6,7,0.6,0.6
2025-05-09T1900,3406A,106.6085,23.8798,百色市,祈福高中,,47,47,44,17,22,98,,105,105,6,9,6,6,0.6,0.6
2025-05-09T1900,2270A,117.396,32.939,蚌埠市,工人疗养院,颗粒物(PM10),69,88,22,24,7,115,,110,110,9,5,4,3,0.4,0.6
2025-05-09T1900,2271A,117.3605,32.9427,蚌埠市,百货大楼,颗粒物(PM10),68,86,20,33,10,113,,110,110,1,4,6,5,0.2,0.2
2025-05-09T1900,2273A,117.4185,32.8911,蚌埠市,蚌埠学院,颗粒物(PM10),60,70,17,29,10,108,,112,112,10,4,3,3,0.6,0.5
2025-05-09T1900,2274A,117.3533,32.9673,蚌埠市,淮上区政府,颗粒物(PM10),65,80,19,32,13,113,,114,114,16,7,5,4,0.4,0.4
2025-05-09T1900,2275A,117.3145,32.8977,蚌埠市,高新区,颗粒物(PM10),69,88,17,27,9,104,,110,110,15,9,5,4,0.4,0.4
2025-05-09T1900,3715A,117.3092,32.9314,蚌埠市,蚌埠田家炳中学,颗粒物(PM10),74,98,26,32,9,97,,110,110,16,5,5,4,0.4,0.3
2025-05-09T1900,1585A,109.8756,40.6532,包头市,市环境监测站,细颗粒物(PM2.5),53,,31,37,19,92,,93,93,11,13,7,10,0.4,0.5
2025-05-09T1900,1587A,109.9991,40.5842,包头市,包头八中,颗粒物(PM10),52,54,35,31,19,87,,94,94,16,13,9,9,0.6,0.6
2025-05-09T1900,1588A,109.8538,40.6821,包头市,青山宾馆,,36,30,28,25,21,92,,94,94,7,11,9,10,0.4,0.5
2025-05-09T1900,1589A,109.8642,40.6288,包头市,惠龙物流,,30,22,30,21,14,92,,95,95,12,13,7,10,0.3,0.4
2025-05-09T1900,1590A,110.0377,40.5546,包头市,东河鸿龙湾,,40,36,28,28,14,90,,92,92,10,11,8,9,0.5,0.6
2025-05-09T1900,3283A,109.9154,40.5685,包头市,滨河大厦,,45,45,32,16,12,95,,97,97,4,7,6,6,0.5,0.5
2025-05-09T1900,3419A,109.9447,40.6261,包头市,包头市委党校,,34,34,29,20,13,94,,93,93,6,9,7,8,0.4,0.4
2025-05-09T1900,3683A,109.8331,40.6576,包头市,昆区政府,,38,28,31,26,19,92,,96,96,13,13,6,9,0.7,0.9
2025-05-09T1900,1930A,107.185,34.3063,宝鸡市,庙沟村,,37,37,154,21,53,117,,111,111,5,6,7,7,0.5,0.5
2025-05-09T1900,1931A,107.0708,34.3017,宝鸡市,竹园沟,,47,47,165,18,57,113,,108,108,4,5,3,3,0.2,0.2
2025-05-09T1900,1932A,107.1906,34.3672,宝鸡市,三陆医院,,42,42,125,27,43,111,,104,104,7,12,5,5,0.3,0.3
2025-05-09T1900,1933A,107.1431,34.3547,宝鸡市,监测站,,45,45,132,14,28,108,,100,100,6,7,4,4,0.4,0.4
2025-05-09T1900,1934A,107.1186,34.3739,宝鸡市,技工学校,,40,40,133,15,38,104,,99,99,6,4,6,7,0.3,0.4
2025-05-09T1900,1935A,107.3906,34.3528,宝鸡市,陈仓区环保局家属楼,,48,48,136,13,34,108,,105,105,8,7,7,7,0.3,0.3
2025-05-09T1900,1936A,107.2058,34.3497,宝鸡市,文理学院,,42,42,137,16,42,106,,100,100,6,6,6,6,0.3,0.3
2025-05-09T1900,1937A,107.2386,34.3622,宝鸡市,三迪小学,颗粒物(PM10),51,51,146,32,40,111,,105,105,3,5,8,5,0.2,0.2
2025-05-09T1900,1051A,115.493,38.8632,保定市,游泳馆,,29,25,73,6,37,92,,77,77,5,13,3,4,0.0,0.1
2025-05-09T1900,1052A,115.5213,38.8959,保定市,华电二区,,30,,51,16,30,96,,85,80,3,8,1,2,0.3,0.6
2025-05-09T1900,1053A,115.4713,38.9108,保定市,接待中心,,30,16,51,3,27,94,,82,77,4,7,3,2,0.0,0.2
2025-05-09T1900,1054A,115.4612,38.8416,保定市,地表水厂,,30,20,57,3,19,95,,85,83,5,12,3,3,0.2,0.4
2025-05-09T1900,3581A,115.31981,38.95208,保定市,满城区生态环境分局,,,2,47,,33,86,,82,,4,7,4,5,0.3,0.5
2025-05-09T1900,3582A,115.47694,38.76408,保定市,清苑区第二中学,,30,,77,8,32,96,,87,87,4,9,4,5,0.2,0.4
2025-05-09T1900,3583A,115.62909,39.02311,保定市,徐水物探局,,,3,57,,24,98,,78,78,,11,3,2,0.4,0.7
2025-05-09T1900,4004A,115.4202,38.8656,保定市,双鹰农机,,29,17,41,11,24,92,,77,77,3,8,3,3,0.2,0.3
2025-05-09T1900,4034A,115.5150,38.8590,保定市,植保所站,,28,25,53,18,28,89,,79,77,4,11,3,3,0.2,0.3
2025-05-09T1900,2594A,99.1678,25.1081,保山市,市环境监测站,,38,38,36,24,25,114,,109,109,6,8,5,5,0.5,0.6
2025-05-09T1900,2595A,99.1711,25.1328,保山市,市环保局,,39,39,33,20,18,120,,117,117,6,6,6,5,0.3,0.4
2025-05-09T1900,1866A,109.2262,21.588,北海市,牛尾岭水库,,,,12,,5,,,61,,,9,,7,,0.5
2025-05-09T1900,1867A,109.1436,21.4086,北海市,海滩公园,,21,14,25,3,6,67,,92,88,12,8,6,5,0.6,0.6
2025-05-09T1900,1868A,109.0981,21.4661,北海市,新市环保局,,22,22,21,7,9,66,,95,87,16,11,5,3,0.7,0.5
2025-05-09T1900,1869A,109.1778,21.5233,北海市,北海工业园,,23,23,21,15,13,42,,76,69,24,14,10,8,0.4,0.4
2025-05-09T1900,3400A,109.1911,21.4415,北海市,龙潭自来水厂,,18,15,18,8,12,57,,81,75,10,8,7,8,0.4,0.4
2025-05-09T1900,1001A,116.3621,39.8784,北京市,万寿西宫,,28,7,53,3,26,89,,87,87,10,15,2,3,0.4,0.6
2025-05-09T1900,1002A,116.2202,40.2915,北京市,定陵,,,,,,,,,,,,,,,,
2025-05-09T1900,1003A,116.4174,39.9289,北京市,东四,,26,8,57,3,26,83,,83,83,11,16,3,4,0.5,0.7
2025-05-09T1900,1004A,116.4072,39.8863,北京市,天坛,,26,6,50,3,26,83,,81,81,12,17,3,3,0.4,0.6
2025-05-09T1900,1005A,116.462,39.9365,北京市,农展馆,,24,6,51,3,24,74,,76,76,9,10,2,3,0.7,0.9
2025-05-09T1900,1006A,116.3392,39.9295,北京市,官园,,25,7,55,3,28,80,,79,79,10,14,4,4,0.4,0.6
2025-05-09T1900,1007A,116.2878,39.9611,北京市,海淀万柳,,23,6,51,3,24,73,,72,72,1,9,4,5,0.4,0.6
2025-05-09T1900,1008A,116.6636,40.135,北京市,顺义新城,,23,7,48,3,24,71,,84,83,11,9,4,5,0.4,0.6
2025-05-09T1900,1009A,116.6275,40.3275,北京市,怀柔镇,,26,9,41,8,23,81,,84,83,5,8,2,3,0.4,0.6
2025-05-09T1900,1010A,116.2296,40.217,北京市,昌平镇,,22,8,43,6,29,70,,82,81,12,11,2,2,0.1,0.4
2025-05-09T1900,1011A,116.3966,39.9821,北京市,奥体中心,,26,7,54,3,26,81,,83,83,15,17,3,3,0.6,0.8
2025-05-09T1900,3281A,115.9718,40.4529,北京市,延庆夏都,,28,6,14,3,9,87,,109,92,9,7,3,3,0.3,0.4
2025-05-09T1900,3418A,116.8336,40.4095,北京市,密云新城,,25,8,31,3,18,77,,89,85,3,5,4,4,0.4,0.5
2025-05-09T1900,3671A,116.088,39.9726,北京市,门头沟三家店,,,,,,,,,,,,,,,,
2025-05-09T1900,3672A,116.1541,39.8204,北京市,丰台云岗,,26,6,57,3,28,83,,83,83,8,15,4,4,0.3,0.5
2025-05-09T1900,3673A,116.6804,39.9081,北京市,通州东关,,27,6,55,3,26,84,,88,88,3,8,5,6,0.5,0.8
2025-05-09T1900,3674A,115.9577,39.7603,北京市,房山燕山,,34,6,55,3,27,106,,98,98,6,13,3,3,0.2,0.5
2025-05-09T1900,3675A,116.4672,39.7733,北京市,大兴旧宫,,26,6,51,3,25,83,,83,83,9,15,1,2,0.4,0.6
2025-05-09T1900,3694A,115.986,40.4563,北京市,延庆石河营,,26,6,14,3,9,81,,100,86,10,7,2,2,0.4,0.5
2025-05-09T1900,3695A,116.6151,40.3053,北京市,怀柔新城,,25,6,41,3,25,79,,90,89,3,7,2,2,0.5,0.7
2025-05-09T1900,3696A,116.2545,39.8768,北京市,丰台小屯,,26,7,56,3,19,83,,83,83,2,12,1,2,0.2,0.5
2025-05-09T1900,3697A,116.84,40.3844,北京市,密云镇,,25,8,36,3,18,78,,86,86,6,7,5,5,0.4,0.6
2025-05-09T1900,4182A,116.1942,39.9158,北京市,八角北路9号,,29,9,57,6,28,92,,88,88,8,16,4,5,0.2,0.6
2025-05-09T1900,4194A,117.0790,40.1518,北京市,洳河巡河路,,26,8,46,7,34,83,,81,80,5,10,2,4,0.2,0.5
2025-05-09T1900,1761A,123.8275,41.3064,本溪市,大峪,颗粒物(PM10),89,127,85,62,27,78,,106,105,20,14,8,8,0.9,0.7
2025-05-09T1900,1762A,123.7567,41.3325,本溪市,溪湖,颗粒物(PM10),90,130,90,61,32,79,,107,106,17,20,4,10,0.8,1.3
2025-05-09T1900,1763A,123.7169,41.3094,本溪市,彩屯,颗粒物(PM10),91,132,90,57,30,68,,105,100,29,23,10,14,0.8,1.3
2025-05-09T1900,1764A,123.7669,41.2864,本溪市,东明,颗粒物(PM10),67,84,89,39,22,75,,106,103,25,18,8,8,0.8,0.6
2025-05-09T1900,1765A,123.7992,41.2664,本溪市,新立屯,细颗粒物(PM2.5),100,88,78,75,32,85,,108,106,21,18,8,7,0.8,0.5
2025-05-09T1900,1766A,123.8142,41.3472,本溪市,威宁,细颗粒物(PM2.5),77,100,87,56,28,71,,102,100,20,13,5,6,0.9,0.8
2025-05-09T1900,2587A,105.2864,27.3125,毕节市,八中,,40,40,28,22,14,91,,100,100,8,8,5,5,0.4,0.5
2025-05-09T1900,2588A,105.31,27.2944,毕节市,师专,,36,36,25,17,13,93,,104,103,9,13,2,4,0.4,0.5
2025-05-09T1900,4263A,105.3688,27.3598,毕节市,工业大道,,33,33,24,18,16,93,,100,100,10,13,6,6,0.7,0.6
2025-05-09T1900,1629A,118.0018,37.3617,滨州市,第二水厂,,25,22,42,14,19,80,,107,102,19,15,6,6,0.3,0.3
2025-05-09T1900,1630A,117.9776,37.393,滨州市,北中新校,,25,24,42,17,20,76,,102,97,18,14,4,4,0.3,0.3
2025-05-09T1900,3514A,117.9378,37.3956,滨州市,中海酒店,,29,,39,19,22,92,,114,110,11,10,5,6,0.5,0.6
2025-05-09T1900,3515A,117.9378,37.3553,滨州市,开发区一中,,27,27,41,14,18,81,,105,102,18,16,4,4,0.4,0.4
2025-05-09T1900,3516A,118.0917,37.694,滨州市,金海六路,,30,7,34,3,16,93,,119,112,12,13,5,7,0.3,0.1
2025-05-09T1900,4028A,117.9956,37.3753,滨州市,滨州市西街道办事处,,35,,36,24,22,90,,122,116,15,12,4,4,0.3,0.3
2025-05-09T1900,2311A,115.8072,33.8399,亳州市,污水处理厂,颗粒物(PM10),103,155,51,30,21,110,,117,117,11,7,3,3,0.2,0.3
2025-05-09T1900,2312A,115.7789,33.8518,亳州市,三国揽胜宫,颗粒物(PM10),135,219,54,29,16,114,,121,121,8,5,4,3,0.2,0.4
2025-05-09T1900,3332A,115.7633,33.8034,亳州市,亳州学院,颗粒物(PM10),97,144,50,29,16,110,,116,116,12,8,2,2,0.2,0.4
2025-05-09T1900,2693A,82.0485,44.8556,博尔塔拉蒙古自治州,市党校,,50,37,37,12,17,157,,138,138,8,8,7,5,0.5,0.5
2025-05-09T1900,2694A,82.0806,44.8969,博尔塔拉蒙古自治州,市环保局,颗粒物(PM10),51,52,49,17,16,157,,135,135,7,13,1,2,0.5,0.3
2025-05-09T1900,1071A,116.8842,38.2991,沧州市,沧县城建局,,30,24,49,14,26,95,,96,96,12,23,3,2,0.4,0.4
2025-05-09T1900,1072A,116.8584,38.3254,沧州市,电视转播站,,31,31,56,19,30,83,,86,86,17,21,2,2,0.5,0.4
2025-05-09T1900,1073A,116.8709,38.3228,沧州市,市环保局,,42,37,60,29,35,98,,103,103,13,20,6,7,0.4,0.4
2025-05-09T1900,3324A,116.8136,38.3004,沧州市,河北水利电力学院,,32,,43,22,27,101,,104,104,16,20,2,4,0.2,0.2
2025-05-09T1900,2622A,97.1806,31.1273,昌都市,昌都监测站,,41,29,32,13,16,130,,124,124,4,6,3,3,0.4,0.4
2025-05-09T1900,3719A,97.1714,31.1406,昌都市,昌都会议中心,,39,36,33,14,17,122,,122,122,4,4,4,8,0.2,0.2
2025-05-09T1900,2690A,88.1236,43.8886,昌吉回族自治州,天山天池,,40,29,15,3,5,126,,115,115,7,5,9,6,0.7,0.5
2025-05-09T1900,2692A,87.2717,44.0297,昌吉回族自治州,新区政务中心,臭氧1小时,64,50,85,15,26,171,,147,147,7,17,11,10,0.4,0.7
2025-05-09T1900,3613A,87.3095,44.0142,昌吉回族自治州,亚心广场,,,78,103,22,26,176,,146,146,10,20,,10,0.3,0.4
2025-05-09T1900,1119A,125.3325,43.9166,长春市,食品厂,,29,20,40,20,22,73,,85,84,21,15,4,5,0.5,0.4
2025-05-09T1900,1120A,125.2863,43.9027,长春市,客车厂,,30,27,39,21,22,72,,86,85,23,16,5,5,0.4,0.3
2025-05-09T1900,1121A,125.2841,43.8463,长春市,邮电学院,,24,20,34,15,26,76,,92,91,19,13,6,6,0.4,0.4
2025-05-09T1900,1122A,125.3716,43.8772,长春市,劳动公园,,30,28,37,21,24,81,,89,89,15,10,6,6,0.4,0.4
2025-05-09T1900,1123A,125.3297,43.8805,长春市,园林处,,25,18,35,16,22,80,,88,88,15,10,6,6,0.6,0.6
2025-05-09T1900,1124A,125.4605,43.79,长春市,净月潭,,26,14,38,13,21,82,,89,89,6,8,6,6,0.4,0.4
2025-05-09T1900,1125A,125.7194,43.515,长春市,甩湾子,,,,,,,,,,,,,,,,
2025-05-09T1900,1126A,125.3863,43.8447,长春市,经开区环卫处,,34,34,47,15,20,77,,87,87,18,12,6,6,0.4,0.4
2025-05-09T1900,1127A,125.245,43.7783,长春市,高新区管委会,,32,32,35,21,25,75,,90,88,24,12,5,6,0.4,0.4
2025-05-09T1900,1128A,125.1761,43.8325,长春市,岱山公园,,35,30,38,24,27,68,,90,87,33,15,4,4,0.4,0.4
2025-05-09T1900,1335A,113.0833,28.2325,长沙市,经开区环保局,,50,50,33,24,17,127,,128,128,14,14,4,5,0.5,0.5
2025-05-09T1900,1336A,112.8872,28.2189,长沙市,高开区环保局,,,55,33,27,17,135,,132,132,7,4,6,5,,0.5
2025-05-09T1900,1337A,113.0792,28.2053,长沙市,马坡岭,,48,48,31,30,18,133,,133,133,14,13,4,4,0.5,0.6
2025-05-09T1900,1338A,112.9394,28.19,长沙市,湖南师范大学,颗粒物(PM10),52,53,34,24,17,112,,128,128,14,9,2,2,0.4,0.3
2025-05-09T1900,1339A,113.0178,28.1322,长沙市,雨花区环保局,,44,44,33,22,16,135,,134,134,15,9,4,4,0.7,0.7
2025-05-09T1900,1340A,112.9792,28.2597,长沙市,伍家岭,颗粒物(PM10),57,63,36,27,19,118,,122,122,12,8,3,3,0.5,0.5
2025-05-09T1900,1341A,113.0014,28.1944,长沙市,火车新站,颗粒物(PM10),55,60,34,27,17,123,,126,126,12,8,7,7,0.5,0.5
2025-05-09T1900,1342A,112.9844,28.1178,长沙市,天心区环保局,颗粒物(PM10),53,55,33,23,18,132,,132,132,13,10,3,3,0.5,0.5
2025-05-09T1900,1343A,112.8908,28.1308,长沙市,湖南中医药大学,"颗粒物(PM10),细颗粒物(PM2.5)",52,53,32,36,19,129,,130,130,5,4,3,3,0.4,0.5
2025-05-09T1900,1344A,112.9581,28.3611,长沙市,沙坪,,45,45,29,15,19,110,,94,,15,11,3,3,0.4,0.5
2025-05-09T1900,1727A,113.1147,36.1547,长治市,清华站,,29,22,55,3,18,92,,103,101,10,10,5,5,0.5,0.7
2025-05-09T1900,1730A,113.0886,36.2125,长治市,审计局,颗粒物(PM10),81,112,56,9,23,92,,102,100,12,16,6,7,0.3,0.5
2025-05-09T1900,1731A,113.0844,36.1856,长治市,长治八中,,40,40,68,14,30,92,,101,100,11,13,8,8,0.5,0.6
2025-05-09T1900,2845A,113.1569,36.1911,长治市,德盛苑,,28,28,53,7,22,87,,100,97,10,9,5,5,0.4,0.6
2025-05-09T1900,3568A,113.06,36.0464,长治市,向阳小学,,42,42,82,20,29,91,,101,99,13,13,6,7,0.3,0.5
2025-05-09T1900,3569A,112.8792,36.3144,长治市,屯留一中,,39,39,55,16,22,85,,97,95,10,15,7,8,0.1,0.2
2025-05-09T1900,4189A,113.1131,36.19948,长治市,英华南巷50号,,33,33,57,7,25,96,,108,106,9,10,4,5,0.5,0.7
2025-05-09T1900,4190A,113.2367,36.3344,长治市,学府街1号,,31,31,59,9,24,93,,101,99,13,21,3,4,0.5,0.6
2025-05-09T1900,1854A,111.6975,28.9703,常德市,市二中,,49,49,34,32,18,111,,123,123,14,9,7,6,0.7,0.6
2025-05-09T1900,1857A,111.7158,29.1456,常德市,白鹤山,,,,,,,,,,,,,,,,
2025-05-09T1900,3138A,111.7153,29.0289,常德市,武陵区永安,颗粒物(PM10),55,59,34,28,17,123,,130,130,8,6,7,7,0.4,0.5
2025-05-09T1900,3139A,111.6892,28.9881,常德市,鼎城区玉霞,颗粒物(PM10),55,59,32,28,16,122,,131,131,6,7,5,4,0.5,0.6
2025-05-09T1900,3140A,111.6625,29.0531,常德市,武陵区长庚,颗粒物(PM10),52,54,32,24,16,135,,140,140,8,8,7,7,0.7,0.7
2025-05-09T1900,1196A,119.9633,31.762,常州市,市监测站,,35,31,26,11,7,112,,117,117,14,8,10,10,0.7,0.8
2025-05-09T1900,1200A,119.9468,31.7069,常州市,武进监测站,,34,22,28,9,5,108,,112,112,20,15,7,10,0.6,0.6
2025-05-09T1900,1201A,119.9255,31.9087,常州市,安家,,43,43,29,10,5,102,,117,116,20,10,11,10,0.5,0.4
2025-05-09T1900,3002A,119.9805,31.8174,常州市,行政中心,,34,20,24,14,6,106,,109,109,13,12,11,15,0.4,0.4
2025-05-09T1900,3003A,120.0522,31.7748,常州市,经开区,,37,21,25,10,4,117,,120,120,14,13,3,3,0.4,0.7
2025-05-09T1900,3010A,119.9025,31.7964,常州市,钟楼,,30,19,22,9,4,96,,112,112,21,10,6,6,0.5,0.5
2025-05-09T1900,3429A,119.8598,31.7066,常州市,武进经发区,,34,22,19,9,8,107,,112,112,9,8,8,8,0.6,0.7
2025-05-09T1900,3430A,119.5826,31.7245,常州市,金坛城区,,36,18,22,13,8,114,,118,118,11,10,8,7,0.5,0.6
2025-05-09T1900,2220A,120.4318,41.5881,朝阳市,西梁,,31,31,29,20,18,88,,96,96,23,14,7,6,0.5,0.5
2025-05-09T1900,2221A,120.4521,41.5646,朝阳市,河畔小区,,32,32,31,19,22,95,,99,99,20,10,7,7,0.5,0.5
2025-05-09T1900,2222A,120.4176,41.5648,朝阳市,八里堡,,40,40,27,20,22,83,,94,94,27,12,7,6,0.5,0.4
2025-05-09T1900,2223A,120.3806,41.5969,朝阳市,农业园区,,35,28,28,24,25,87,,93,93,18,14,8,8,0.5,0.6
2025-05-09T1900,1705A,116.6367,23.6719,潮州市,西园路,,22,,40,15,21,32,,37,35,13,10,3,3,0.6,0.4
2025-05-09T1900,3026A,116.6183,23.6608,潮州市,市政府,,34,34,46,11,21,39,,54,48,16,14,3,6,0.8,0.7
2025-05-09T1900,4036A,116.6461,23.6761,潮州市,金山,,24,24,37,15,24,40,,45,44,14,12,6,6,0.8,0.7
2025-05-09T1900,2472A,113.0073,25.9061,郴州市,马头岭,,39,39,22,16,10,97,,88,88,3,7,6,6,0.2,0.3
2025-05-09T1900,2473A,113.0116,25.8226,郴州市,市职中,,39,33,19,27,13,104,,97,97,9,8,3,3,0.5,0.6
2025-05-09T1900,2475A,113.0383,25.8071,郴州市,市审计局,,31,30,19,13,11,99,,94,94,8,6,2,3,0.5,0.5
2025-05-09T1900,2476A,113.0348,25.7759,郴州市,市环保局,,29,29,20,13,13,88,,87,87,9,7,3,3,0.5,0.5
2025-05-09T1900,4252A,113.0138,25.8011,郴州市,好美居路49号,,34,27,18,14,14,106,,96,96,8,6,6,5,0.6,0.6
2025-05-09T1900,1431A,103.9728,30.7236,成都市,金泉两河,颗粒物(PM10),196,342,186,84,47,71,,79,79,19,20,2,2,0.6,0.6
2025-05-09T1900,1432A,104.176,30.6872,成都市,十里店,颗粒物(PM10),290,413,244,111,64,100,,109,109,16,15,3,3,0.3,0.4
2025-05-09T1900,1433A,104.079,30.5706,成都市,三瓦窑,颗粒物(PM10),300,420,257,106,63,98,,101,101,20,28,4,4,0.4,0.5
2025-05-09T1900,1434A,104.1114,30.63,成都市,沙河铺,颗粒物(PM10),229,370,258,99,70,88,,96,96,22,19,7,7,0.4,0.4
2025-05-09T1900,1437A,104.0786,30.6531,成都市,君平街,颗粒物(PM10),279,405,244,102,63,64,,74,74,20,21,7,6,0.4,0.5
2025-05-09T1900,1438A,103.613,31.0283,成都市,灵岩寺,,,,,,,,,,,,,,,,
2025-05-09T1900,2880A,104.0239,30.65639,成都市,大石西路,颗粒物(PM10),250,385,222,102,59,95,,100,100,20,23,4,4,0.4,0.4
2025-05-09T1900,3136A,104.2725,30.5589,成都市,龙泉驿区区政府,颗粒物(PM10),312,429,306,85,59,98,,102,102,21,17,4,4,0.3,0.3
2025-05-09T1900,3357A,104.0106,30.6931,成都市,金博路,颗粒物(PM10),228,369,191,80,46,80,,86,86,17,20,7,7,0.3,0.4
2025-05-09T1900,3359A,104.0578,30.5225,成都市,华阳,颗粒物(PM10),265,395,243,97,65,63,,78,78,30,25,6,6,0.5,0.5
2025-05-09T1900,3488A,104.3853,30.7453,成都市,青白江技师分院,颗粒物(PM10),290,413,325,133,92,81,,107,106,31,18,3,2,0.3,0.2
2025-05-09T1900,3489A,104.0789,30.4072,成都市,科学城,颗粒物(PM10),198,346,211,89,55,96,,111,111,19,12,4,4,0.3,0.3
2025-05-09T1900,4011A,103.8506,30.6947,成都市,光华大道三段,颗粒物(PM10),174,297,154,103,50,101,,114,114,20,17,1,1,0.5,0.6
2025-05-09T1900,4224A,104.2433,30.5353,成都市,鲸龙路1057号,颗粒物(PM10),339,451,286,96,60,94,,106,106,19,15,5,4,0.4,0.4
2025-05-09T1900,1062A,117.9531,40.9081,承德市,铁路,,33,32,21,23,12,56,,90,82,31,12,3,3,0.2,0.3
2025-05-09T1900,1063A,117.9392,40.9763,承德市,中国银行,,31,31,21,9,13,78,,88,84,8,7,3,3,0.2,0.3
2025-05-09T1900,1064A,117.9503,40.928,承德市,开发区,,25,,28,17,22,77,,92,88,9,8,1,1,0.4,0.4
2025-05-09T1900,1065A,117.8051,40.9655,承德市,文化中心,,24,14,24,8,14,75,,100,84,14,10,3,3,0.3,0.3
2025-05-09T1900,1066A,117.9268,41.0026,承德市,离宫,,35,,27,24,30,64,,86,82,6,6,1,2,0.2,0.2
2025-05-09T1900,2314A,117.47,30.6618,池州市,池州学院,,35,35,15,19,8,112,,116,116,6,8,5,5,0.5,0.6
2025-05-09T1900,3237A,117.4918,30.6617,池州市,展览馆,,41,41,16,24,9,111,,116,116,7,8,5,5,0.5,0.6
2025-05-09T1900,3333A,117.5627,30.695,池州市,第八中学,,36,26,14,13,8,113,,114,114,9,8,6,6,0.5,0.5
2025-05-09T1900,3334A,117.5038,30.6243,池州市,第十二中学,,36,36,15,19,9,106,,116,116,11,13,2,3,0.5,0.7
2025-05-09T1900,1744A,118.9233,42.2816,赤峰市,松山一中,,30,30,25,12,10,81,,101,98,37,20,7,8,0.6,0.5
2025-05-09T1900,1745A,118.9576,42.2728,赤峰市,哈达街,,30,30,26,19,13,86,,98,98,28,20,8,8,0.6,0.5
2025-05-09T1900,1746A,118.8788,42.2554,赤峰市,天义路,,33,,18,23,15,91,,105,104,20,13,7,7,0.4,0.3
2025-05-09T1900,3058A,119.2658,42.0353,赤峰市,银河街,,31,31,29,12,13,93,,96,96,10,8,12,14,0.5,0.5
2025-05-09T1900,3286A,118.9359,42.3147,赤峰市,桥北物流园区,,32,32,30,21,12,84,,98,96,23,14,7,7,0.4,0.4
2025-05-09T1900,2521A,107.3476,22.4136,崇左市,市环保局江州分局,,41,40,40,14,26,131,,124,124,5,6,6,6,0.5,0.5
2025-05-09T1900,4256A,107.3750,22.3736,崇左市,石景林东路7号,,45,24,34,18,28,143,,138,138,6,8,3,4,0.5,0.5
2025-05-09T1900,2298A,118.3093,32.3153,滁州市,老年大学,,37,37,17,21,15,112,,117,117,4,5,1,2,0.3,0.3
2025-05-09T1900,2299A,118.3244,32.2786,滁州市,人大宾馆,,36,36,12,17,11,96,,109,108,10,6,7,7,0.3,0.3
2025-05-09T1900,3207A,118.3118,32.3038,滁州市,市政府原办公楼,,37,37,13,24,17,108,,118,118,9,6,3,3,0.2,0.2
2025-05-09T1900,3331A,118.3267,32.2634,滁州市,图书馆,,36,35,14,25,11,99,,106,106,4,4,7,8,0.3,0.3
2025-05-09T1900,2605A,101.5482,25.0441,楚雄彝族自治州,州环境监测站,,40,34,28,14,19,125,,123,123,8,14,7,8,0.3,0.4
2025-05-09T1900,2606A,101.538,25.0492,楚雄彝族自治州,市经济开发区,,38,31,28,16,18,119,,120,120,8,12,6,8,0.5,0.6
2025-05-09T1900,2548A,107.5277,31.2827,达州市,达州职业技术学院,颗粒物(PM10),105,159,87,42,22,82,,95,95,18,14,5,5,0.7,0.5
2025-05-09T1900,2549A,107.5086,31.2186,达州市,市环境监测站,颗粒物(PM10),119,187,86,39,18,95,,98,98,16,18,5,4,0.2,0.2
2025-05-09T1900,2550A,107.4988,31.2132,达州市,凤凰小区,,,,81,,21,93,,99,99,,16,6,6,0.2,0.3
2025-05-09T1900,2551A,107.5082,31.1986,达州市,达县机关宾馆,颗粒物(PM10),115,180,89,43,22,81,,95,95,28,18,5,4,0.3,0.3
2025-05-09T1900,2552A,107.4644,31.2124,达州市,市政中心,颗粒物(PM10),116,182,94,41,18,90,,95,95,15,13,2,1,0.2,0.2
2025-05-09T1900,2614A,100.1542,25.7054,大理白族自治州,大理市环境监测站,,36,28,17,20,16,114,,114,114,9,7,7,7,0.3,0.3
2025-05-09T1900,2615A,100.2171,25.5811,大理白族自治州,大理古城,,43,34,21,30,12,113,,118,118,9,10,8,8,0.4,0.4
2025-05-09T1900,1109A,121.612,38.9741,大连市,甘井子,,33,28,29,23,15,91,,102,86,22,19,4,4,0.4,0.2
2025-05-09T1900,1110A,121.565,38.9511,大连市,周水子,,37,37,34,22,17,86,,95,82,22,16,6,6,0.5,0.3
2025-05-09T1900,1111A,121.5637,38.8845,大连市,星海三站,,41,41,31,24,16,85,,107,88,16,10,3,3,0.5,0.3
2025-05-09T1900,1112A,121.6302,38.9117,大连市,青泥洼桥,,,47,34,24,15,84,,105,86,20,11,,6,0.7,0.4
2025-05-09T1900,1113A,121.6251,38.8638,大连市,傅家庄,,40,40,29,25,13,86,,117,98,23,14,6,6,0.3,0.2
2025-05-09T1900,1114A,121.5213,38.8661,大连市,七贤岭,,42,42,34,25,16,94,,106,93,17,14,5,6,0.5,0.3
2025-05-09T1900,1115A,121.2529,38.8061,大连市,旅顺,,35,34,26,24,14,87,,92,83,15,13,4,4,0.4,0.2
2025-05-09T1900,1116A,121.7485,39.1311,大连市,金州,颗粒物(PM10),52,54,32,31,17,89,,107,92,20,13,7,7,0.6,0.2
2025-05-09T1900,1117A,121.7811,39.0496,大连市,开发区,,45,37,33,31,16,76,,98,90,28,18,3,3,0.6,0.3
2025-05-09T1900,1118A,121.9762,39.0631,大连市,双D港,,36,32,22,25,12,86,,114,103,13,6,6,6,0.3,0.3
2025-05-09T1900,1789A,124.81117,46.03138,大庆市,大同区,,43,43,31,28,27,117,,122,122,12,8,5,4,0.6,0.6
2025-05-09T1900,1790A,125.129,46.533,大庆市,龙凤区,,49,49,32,33,22,91,,120,116,24,9,5,4,0.5,0.5
2025-05-09T1900,1791A,124.902,46.408,大庆市,红岗区,,37,35,25,23,17,117,,130,130,10,7,17,8,0.3,0.4
2025-05-09T1900,1792A,125.153,46.586,大庆市,萨尔图区,颗粒物(PM10),53,55,35,23,20,86,,110,108,27,10,8,6,0.4,0.3
2025-05-09T1900,1793A,124.9042,46.6215,大庆市,让胡路区,,39,38,28,27,26,99,,116,116,20,10,7,6,0.3,0.4
2025-05-09T1900,3481A,125.141,46.634,大庆市,萨区政府监测点,,47,47,32,19,17,104,,121,121,17,7,5,5,0.4,0.4
2025-05-09T1900,1721A,113.3819,40.1097,大同市,果树场,,,,21,,13,,,89,,,10,,5,,0.3
2025-05-09T1900,1723A,113.2994,40.0758,大同市,云冈宾馆,,29,28,28,15,14,92,,106,104,18,12,8,8,0.3,0.1
2025-05-09T1900,1724A,113.3444,40.0917,大同市,大同大学,,26,19,21,15,13,82,,94,92,18,16,3,3,0.3,0.4
2025-05-09T1900,1725A,113.2661,40.1269,大同市,安家小村,,26,23,24,17,13,81,,104,99,14,11,10,8,0.3,0.3
2025-05-09T1900,1726A,113.2711,40.0844,大同市,教育学院,,30,23,26,21,15,76,,104,100,22,11,6,5,0.4,0.3
2025-05-09T1900,3282A,113.3397,40.0597,大同市,大同市卫生学校,,29,20,27,20,15,88,,95,94,13,11,6,7,0.4,0.7
2025-05-09T1900,3565A,113.1367,40.1122,大同市,云冈站,,26,24,30,18,20,69,,99,90,13,11,6,8,0.5,0.3
2025-05-09T1900,3566A,113.1186,40.2556,大同市,图书馆,,39,28,31,27,19,71,,92,87,12,9,7,6,0.6,0.4
2025-05-09T1900,3567A,113.5931,40.0461,大同市,区一中,,31,,21,18,14,97,,107,106,8,9,9,8,0.4,0.4
2025-05-09T1900,4199A,113.2798,40.0997,大同市,魏都大道141号,,30,,28,21,14,94,,114,110,19,10,5,4,0.6,0.5
2025-05-09T1900,2269A,124.1069,50.4097,大兴安岭地区,科技局,,30,29,38,13,23,93,,97,97,5,7,5,5,0.3,0.4
2025-05-09T1900,3663A,124.1164,50.4278,大兴安岭地区,红旗社区,,28,7,30,3,24,89,,99,98,3,12,5,5,0.3,0.4
2025-05-09T1900,1600A,124.3303,40.0625,丹东市,江湾东路,颗粒物(PM10),57,64,50,22,22,88,,82,82,11,16,5,7,0.5,0.6
2025-05-09T1900,1601A,124.4256,40.1503,丹东市,临江后街,颗粒物(PM10),54,57,66,22,22,71,,71,71,15,19,6,7,0.6,0.7
2025-05-09T1900,1602A,124.3933,40.1461,丹东市,元宝山,颗粒物(PM10),52,53,46,18,16,77,,71,71,11,16,7,8,0.4,0.6
2025-05-09T1900,1603A,124.3633,40.1092,丹东市,民主桥,颗粒物(PM10),52,53,48,15,16,85,,76,76,12,21,6,8,0.8,0.9
2025-05-09T1900,3541A,109.5726,19.5167,儋州市,第一中学子站,,22,17,22,6,12,69,,80,80,7,5,5,6,0.5,0.5
2025-05-09T1900,3542A,109.5567,19.5187,儋州市,东坡学校子站,,24,23,18,6,11,76,,82,82,4,4,4,5,0.6,0.6
2025-05-09T1900,2616A,98.5842,24.428,德宏傣族景颇族自治州,德宏州监测站,颗粒物(PM10),54,57,50,30,32,113,,115,115,12,12,8,8,0.6,0.7
2025-05-09T1900,3677A,98.5881,24.4368,德宏傣族景颇族自治州,芒市人民政府综合楼,颗粒物(PM10),59,68,62,27,32,137,,136,136,10,12,5,6,0.4,0.5
2025-05-09T1900,1901A,104.4239,31.1208,德阳市,东山公园,颗粒物(PM10),411,511,279,114,69,107,,107,107,10,12,3,3,0.7,0.7
2025-05-09T1900,1902A,104.3826,31.1317,德阳市,西小区,颗粒物(PM10),399,499,274,117,69,98,,104,104,17,18,4,4,0.7,0.7
2025-05-09T1900,1904A,104.3553,31.1091,德阳市,耐火材料厂,颗粒物(PM10),408,508,288,110,66,96,,102,102,16,21,5,5,0.3,0.4
2025-05-09T1900,3639A,104.4019,31.1244,德阳市,市教育局,颗粒物(PM10),358,466,280,127,59,103,,106,106,15,17,4,4,0.4,0.4
2025-05-09T1900,1622A,116.3032,37.4674,德州市,儿童乐园,,36,22,52,14,31,113,,95,95,6,13,5,6,0.3,0.5
2025-05-09T1900,1624A,116.2991,37.4451,德州市,监理站,,37,17,48,7,32,116,,101,101,5,12,7,8,0.3,0.5
2025-05-09T1900,3066A,116.2721,37.4379,德州市,九衢泉纯净水厂,,35,19,49,19,26,111,,95,95,10,18,6,6,0.4,0.6
2025-05-09T1900,3371A,116.3728,37.4403,德州市,开发区人民医院,,31,19,54,17,27,97,,88,88,8,15,4,5,0.6,0.7
2025-05-09T1900,3372A,116.3572,37.4094,德州市,太阳城中学,,37,22,61,19,32,117,,110,110,7,17,3,4,1.9,0.6
2025-05-09T1900,3511A,116.5652,37.3319,德州市,陵城艺术中心,,37,19,57,12,25,116,,110,110,9,15,2,4,0.4,0.6
2025-05-09T1900,2621A,99.7056,27.8317,迪庆藏族自治州,迪庆州站,,40,40,32,14,13,110,,112,112,8,9,4,5,0.2,0.3
2025-05-09T1900,3180A,99.7136,27.8094,迪庆藏族自治州,质量技术监督局,,38,38,27,11,11,117,,119,119,6,9,4,5,0.3,0.4
2025-05-09T1900,4257A,104.6092,35.5962,定西市,将台街,,38,35,73,18,24,121,,117,117,6,18,4,5,0.3,0.3
2025-05-09T1900,4309A,104.6159,35.5701,定西市,正龙路62号,,38,31,67,16,22,119,,113,113,4,9,6,8,0.3,0.3
2025-05-09T1900,1389A,113.7547,23.0494,东莞市,莞城梨川,,27,24,31,15,18,84,,94,92,29,22,8,7,0.6,0.5
2025-05-09T1900,1390A,113.7944,23.0128,东莞市,东城石井,,23,20,32,11,12,72,,87,86,30,25,4,4,0.7,0.6
2025-05-09T1900,1391A,113.7383,22.9658,东莞市,南城西平,,22,22,33,15,16,68,,84,80,40,33,2,3,0.5,0.5
2025-05-09T1900,3319A,113.7338,23.0381,东莞市,万江金泰,,26,24,29,10,13,83,,87,86,27,21,7,6,0.7,0.7
2025-05-09T1900,3626A,113.7533,23.0202,东莞市,南城元岭,,27,21,26,12,13,84,,93,91,32,25,7,3,0.5,0.6
2025-05-09T1900,3627A,113.7875,23.0457,东莞市,东城主山,,25,18,31,9,14,78,,86,86,26,22,4,4,0.4,0.4
2025-05-09T1900,1666A,118.6614,37.4309,东营市,市环保局,,27,,31,12,13,84,,110,105,20,12,3,4,0.4,0.4
2025-05-09T1900,3036A,118.6904,37.4338,东营市,开发区管委会,,28,19,40,14,15,89,,116,111,15,10,4,4,0.3,0.4
2025-05-09T1900,3365A,118.5719,37.565,东营市,垦利区民丰路,,28,17,33,7,14,88,,114,107,21,22,4,5,0.6,0.6
2025-05-09T1900,3498A,118.5055,37.8612,东营市,河口城区,,,,37,,15,100,,104,102,16,17,7,8,0.5,1.1
2025-05-09T1900,3646A,118.4978,37.4623,东营市,胜利站,,27,27,37,12,14,84,,112,107,21,14,8,8,0.6,0.6
2025-05-09T1900,3734A,118.35,37.26,东营市,理想之城,,24,19,37,9,17,74,,110,104,25,14,3,4,0.4,0.5
2025-05-09T1900,1591A,110.0023,39.8129,鄂尔多斯市,综合楼,,34,34,34,19,12,88,,96,96,12,12,7,6,0.4,0.4
2025-05-09T1900,1592A,109.9486,39.8261,鄂尔多斯市,巴音孟克林场办事处,,41,41,32,22,15,93,,101,101,11,11,6,6,0.3,0.4
2025-05-09T1900,1593A,109.7736,39.5986,鄂尔多斯市,康泽苑,,31,31,32,17,14,93,,99,99,7,8,6,6,0.3,0.3
2025-05-09T1900,1594A,109.8119,39.5989,鄂尔多斯市,华泰汽车城,,44,44,38,22,15,94,,101,101,9,9,4,3,0.3,0.3
2025-05-09T1900,1595A,109.9734,39.7884,鄂尔多斯市,奥林花园,,41,41,33,17,16,87,,99,99,16,15,4,4,0.5,0.5
2025-05-09T1900,2436A,114.8938,30.3994,鄂州市,市政府,颗粒物(PM10),54,58,33,32,16,132,,140,140,13,13,9,6,1.1,1.1
2025-05-09T1900,2437A,114.8989,30.3714,鄂州市,赵家坝,颗粒物(PM10),51,51,27,22,11,148,,157,157,5,10,5,7,0.6,1.2
2025-05-09T1900,3654A,114.8094,30.4089,鄂州市,精准医疗中心,颗粒物(PM10),51,51,29,25,11,135,,144,144,5,7,3,4,0.5,0.6
2025-05-09T1900,2454A,109.4978,30.2981,恩施土家族苗族自治州,湖北民院,,44,44,32,13,12,108,,112,112,5,7,6,5,0.3,0.3
2025-05-09T1900,2455A,109.4707,30.2798,恩施土家族苗族自治州,州电力总公司,,34,34,28,12,11,100,,106,106,5,9,7,7,0.1,0.2
2025-05-09T1900,3549A,109.5061,30.3772,恩施土家族苗族自治州,龙凤新区,,,37,23,,8,80,,110,110,17,6,6,6,0.5,0.5
2025-05-09T1900,2499A,108.3411,21.6158,防城港市,沙万,,29,29,21,8,13,59,,74,73,25,11,3,2,1.2,0.6
2025-05-09T1900,2500A,108.3514,21.7731,防城港市,防城档案局,,49,49,27,14,12,62,,68,66,17,10,1,2,0.5,0.5
2025-05-09T1900,2501A,108.3506,21.6414,防城港市,大海花园,,,,,,,,,,,,,,,,
2025-05-09T1900,1371A,113.1294,23.0067,佛山市,湾梁,,35,24,24,12,11,109,,91,91,24,22,7,7,0.6,0.6
2025-05-09T1900,1372A,113.1083,23.0478,佛山市,华材职中,,32,24,23,11,12,100,,86,86,33,24,5,4,0.4,0.4
2025-05-09T1900,1373A,113.144,23.0453,佛山市,南海气象局,,29,29,32,12,13,92,,85,85,17,20,1,1,0.4,0.4
2025-05-09T1900,1374A,113.2881,22.8094,佛山市,顺德苏岗,,28,26,27,17,9,89,,74,73,31,18,5,5,0.6,0.5
2025-05-09T1900,1376A,112.8383,22.8678,佛山市,高明孔堂,,36,36,26,20,14,107,,89,89,20,15,6,6,0.6,0.6
2025-05-09T1900,1377A,112.8836,23.1588,佛山市,三水监测站,,24,24,17,3,9,71,,77,77,45,24,4,3,0.4,0.4
2025-05-09T1900,1378A,112.867,23.185,佛山市,三水云东海,,37,37,34,11,11,64,,83,83,16,22,1,2,0.5,0.5
2025-05-09T1900,3625A,113.2544,22.7642,佛山市,容桂街道办,,35,27,21,24,12,87,,84,80,42,23,5,5,0.7,0.7
2025-05-09T1900,1280A,119.3903,26.0543,福州市,鼓山,,,,27,,16,,,74,,,3,,3,,0.3
2025-05-09T1900,1282A,119.2681,26.0504,福州市,师大,,32,32,47,13,22,32,,61,60,35,21,3,4,0.4,0.3
2025-05-09T1900,1283A,119.2984,26.1028,福州市,五四北路,,23,23,46,11,21,44,,65,65,32,23,3,4,0.5,0.5
2025-05-09T1900,1284A,119.2648,26.0768,福州市,杨桥西路,,27,27,54,8,22,46,,64,64,22,21,3,3,0.4,0.4
2025-05-09T1900,1285A,119.317,26.0746,福州市,紫阳,,29,29,45,11,17,35,,62,61,35,22,5,5,0.5,0.4
2025-05-09T1900,3048A,119.5799,26.0936,福州市,九龙,,25,25,36,3,16,45,,66,62,15,10,3,4,0.2,0.3
2025-05-09T1900,3526A,119.5189,25.9664,福州市,吴航,,16,16,38,7,17,30,,70,63,15,9,4,4,0.4,0.4
2025-05-09T1900,1755A,123.7977,41.8491,抚顺市,望花区,,48,48,72,29,34,81,,103,97,18,24,8,14,0.5,0.8
2025-05-09T1900,1756A,123.9161,41.8822,抚顺市,顺城区,,46,44,74,32,32,78,,100,96,21,26,6,10,0.6,0.8
2025-05-09T1900,1757A,124.0436,41.8611,抚顺市,东洲区,,50,50,76,30,25,72,,112,105,16,15,4,7,0.5,0.6
2025-05-09T1900,1758A,123.9247,41.8642,抚顺市,新抚区,,50,50,77,21,30,76,,92,90,14,20,7,10,0.5,0.8
2025-05-09T1900,1759A,124.0972,41.8961,抚顺市,大伙房水库,细颗粒物(PM2.5),64,56,68,46,31,62,,120,111,28,9,9,9,0.7,0.6
2025-05-09T1900,1760A,123.7086,41.8391,抚顺市,沈抚新城,,36,36,64,24,28,80,,101,95,17,20,7,12,0.5,0.7
2025-05-09T1900,2376A,116.2127,28.0814,抚州市,桐源党溪,,34,34,28,8,11,104,,113,113,2,3,4,4,0.5,0.5
2025-05-09T1900,2377A,116.3544,27.9831,抚州市,市站,,,36,22,18,9,95,,90,90,,5,,2,0.6,0.7
2025-05-09T1900,2378A,116.3565,27.963,抚州市,血防站,,31,31,25,10,10,93,,90,90,5,6,3,3,0.6,0.6
2025-05-09T1900,2379A,116.3564,28.0007,抚州市,采茶剧团,,34,34,20,14,8,89,,84,84,2,2,3,8,0.8,0.8
2025-05-09T1900,2380A,116.385,27.9647,抚州市,医学分院,,32,32,22,16,8,91,,88,88,2,2,4,4,0.9,1.1
2025-05-09T1900,2207A,121.6094,41.998,阜新市,工业园区,颗粒物(PM10),54,58,37,23,17,104,,103,103,18,12,9,9,0.5,0.5
2025-05-09T1900,2208A,121.6697,42.0279,阜新市,长青街,,32,28,29,21,14,100,,98,98,14,12,7,10,0.4,0.6
2025-05-09T1900,2209A,121.6673,42.0705,阜新市,农业园区,,35,28,31,24,16,100,,101,101,12,11,7,8,0.5,0.6
2025-05-09T1900,2210A,121.6717,42.0224,阜新市,东苑,,49,49,35,25,23,114,,111,111,15,13,8,10,0.6,0.6
2025-05-09T1900,2211A,121.6506,42.0498,阜新市,玉龙新城,,48,46,32,33,14,73,,98,97,32,12,12,10,0.9,0.6
2025-05-09T1900,2301A,115.8277,32.8929,阜阳市,市监测站,细颗粒物(PM2.5),90,103,51,67,25,110,,112,112,10,7,7,7,0.1,0.2
2025-05-09T1900,2303A,115.8554,32.8605,阜阳市,开发区,颗粒物(PM10),86,121,66,51,15,118,,118,118,10,10,5,5,0.1,0.2
2025-05-09T1900,2875A,115.784,32.8892,阜阳市,阜阳职业技术学院,颗粒物(PM10),85,119,54,37,18,120,,125,125,10,7,3,4,0.2,0.3
2025-05-09T1900,3468A,115.7901,32.8613,阜阳市,市规划展馆,颗粒物(PM10),94,138,45,27,21,124,,126,126,6,4,5,6,0.2,0.3
2025-05-09T1900,3469A,115.836,32.9183,阜阳市,枣园社区,颗粒物(PM10),134,217,59,37,21,117,,120,120,9,7,3,3,0.3,0
2025-05-09T1900,2669A,102.9099,34.9841,甘南藏族自治州,州政府,颗粒物(PM10),56,61,48,21,17,107,,107,107,5,7,7,6,0.3,0.2
2025-05-09T1900,3380A,102.8914,34.9617,甘南藏族自治州,甘肃民族师范学院,颗粒物(PM10),56,62,54,9,13,133,,128,128,2,12,8,8,0.3,0.3
2025-05-09T1900,2570A,101.9603,30.0475,甘孜藏族自治州,水桥子,,41,41,38,13,14,84,,96,96,9,27,5,4,0.2,0.1
2025-05-09T1900,3065A,101.9533,29.9972,甘孜藏族自治州,州环保局,,,,35,,8,83,,99,98,13,17,1,1,,0.2
2025-05-09T1900,3414A,115.8347,28.932,赣江新区,桑海产业园,颗粒物(PM10),51,51,17,25,8,120,,122,122,6,9,2,2,0.4,0.4
2025-05-09T1900,2362A,114.9017,25.9149,赣州市,通天岩,,25,25,21,3,5,44,,85,77,4,4,6,6,0.4,0.3
2025-05-09T1900,2363A,114.9367,25.8664,赣州市,地委,,27,15,37,8,9,84,,84,84,4,8,1,3,0.5,0.4
2025-05-09T1900,2364A,114.9461,25.8481,赣州市,气象台,,,28,25,3,7,,,83,83,13,11,8,8,0.4,0.4
2025-05-09T1900,2365A,114.9322,25.8333,赣州市,市图书馆,,26,16,14,12,8,81,,80,80,8,8,4,4,0.5,0.4
2025-05-09T1900,2366A,114.8905,25.8471,赣州市,华坚鞋城,,28,23,19,8,8,87,,84,84,10,8,4,4,0.5,0.4
2025-05-09T1900,3109A,115.0093,25.8613,赣州市,赣县区卫计委,,25,21,15,11,8,78,,80,80,3,6,3,3,0.9,0.8
2025-05-09T1900,2683A,106.2319,36.1417,固原市,马园,颗粒物(PM10),65,79,248,39,64,106,,107,107,12,8,5,5,0.4,0.5
2025-05-09T1900,2684A,106.2792,36.0022,固原市,监测站,颗粒物(PM10),70,89,254,25,62,106,,102,102,7,5,5,5,0.3,0.2
2025-05-09T1900,2685A,106.2375,36.0211,固原市,新区,颗粒物(PM10),66,82,228,27,63,100,,96,96,4,5,6,6,0.1,0.1
2025-05-09T1900,3522A,106.2177,35.9959,固原市,原州区十五小,,,117,241,27,65,105,,102,102,4,4,8,9,,0.2
2025-05-09T1900,2543A,106.6308,30.5278,广安市,小平旧居,,,,,,,,,,,,,,,,
2025-05-09T1900,2544A,106.6303,30.4576,广安市,市委,颗粒物(PM10),125,200,80,55,26,110,,104,104,6,8,4,4,0.3,0.3
2025-05-09T1900,2545A,106.6271,30.4663,广安市,友谊中学,颗粒物(PM10),107,164,65,52,23,95,,103,103,28,14,2,2,0.3,0.5
2025-05-09T1900,2547A,106.6388,30.4551,广安市,广电花园,颗粒物(PM10),110,169,73,54,26,96,,98,98,18,11,4,5,0.3,0.4
2025-05-09T1900,2902A,106.6351,30.4865,广安市,北辰小学,颗粒物(PM10),115,180,77,50,23,107,,102,102,10,10,4,4,0.3,0.4
2025-05-09T1900,2523A,105.8945,32.4535,广元市,黑石坡,颗粒物(PM10),72,93,403,18,67,100,,98,98,4,4,2,3,0.3,0.2
2025-05-09T1900,2524A,105.821,32.4444,广元市,老城,颗粒物(PM10),72,94,294,32,62,90,,103,102,20,6,3,2,0.5,0.5
2025-05-09T1900,2526A,105.8628,32.4287,广元市,监测站,颗粒物(PM10),65,79,282,22,68,101,,105,105,10,5,4,3,0.3,0.3
2025-05-09T1900,3617A,105.8047,32.4166,广元市,经开区,颗粒物(PM10),89,127,327,41,67,93,,104,103,16,9,4,4,0.5,0.4
2025-05-09T1900,1345A,113.2347,23.1423,广州市,广雅中学,,32,24,25,9,8,100,,88,88,26,21,3,3,0.4,0.4
2025-05-09T1900,1346A,113.2612,23.105,广州市,市五中,,33,33,24,20,12,92,,85,85,29,15,2,2,0.8,0.7
2025-05-09T1900,1348A,113.3478,23.0916,广州市,广东商学院,,35,21,25,12,13,110,,89,89,23,28,3,3,0.5,0.5
2025-05-09T1900,1349A,113.4332,23.1047,广州市,市八十六中,,29,22,26,12,12,92,,80,80,30,37,2,2,0.5,0.6
2025-05-09T1900,1350A,113.3505,22.9483,广州市,番禺中学,,,32,24,27,12,90,,86,85,,26,5,5,,0.6
2025-05-09T1900,1351A,113.2146,23.3916,广州市,花都师范,,32,14,22,8,11,101,,96,96,11,18,4,4,0.5,0.5
2025-05-09T1900,1352A,113.2597,23.1331,广州市,市监测站,,28,28,26,16,12,80,,79,79,45,25,5,4,0.2,0.2
2025-05-09T1900,1353A,113.5618,23.312,广州市,九龙镇镇龙,,27,16,28,10,13,84,,80,80,10,24,5,5,0.4,0.4
2025-05-09T1900,1354A,113.2765,23.1544,广州市,麓湖,,24,24,23,13,11,52,,73,71,23,21,4,4,0.6,0.5
2025-05-09T1900,1355A,113.443,23.3035,广州市,帽峰山森林公园,,22,11,18,3,8,69,,91,86,7,16,5,6,0.6,0.6
2025-05-09T1900,2846A,113.3221,23.1322,广州市,体育西,,33,23,27,11,14,104,,89,89,25,25,4,4,0.4,0.4
2025-05-09T1900,3298A,113.5717,23.5491,广州市,从化街口,,29,16,24,13,12,92,,96,96,14,13,7,6,0.5,0.4
2025-05-09T1900,3299A,113.3472,23.3692,广州市,白云竹料,,34,16,26,9,12,108,,101,101,8,22,2,3,0.4,0.5
2025-05-09T1900,3300A,113.2981,23.237,广州市,白云嘉禾,,30,24,24,16,13,96,,90,90,28,29,6,5,0.7,0.7
2025-05-09T1900,3301A,113.4256,23.1716,广州市,黄埔科学城,,25,18,28,9,13,80,,76,76,17,25,2,2,0.5,0.5
2025-05-09T1900,3302A,113.3942,23.0483,广州市,番禺大学城,,35,24,30,14,12,110,,89,89,26,28,4,4,0.6,0.6
2025-05-09T1900,3303A,113.4922,22.8168,广州市,南沙黄阁,,31,31,24,17,13,71,,76,74,37,24,5,4,0.8,0.7
2025-05-09T1900,3304A,113.5342,22.7896,广州市,南沙街,,31,31,27,16,12,80,,82,80,34,30,1,3,0.7,0.6
2025-05-09T1900,3443A,113.2902,23.5544,广州市,花都梯面,,,9,23,6,9,78,,83,83,7,17,4,4,,0.6
2025-05-09T1900,3445A,113.7858,23.7478,广州市,从化良口,,22,8,14,3,7,69,,92,87,10,8,6,6,0.7,0.6
2025-05-09T1900,3446A,113.8051,23.2614,广州市,增城荔城,,24,14,26,3,10,75,,89,86,9,13,8,8,0.4,0.4
2025-05-09T1900,2505A,109.568,23.1478,贵港市,德智高中,,,,,,,,,,,,,,,,
2025-05-09T1900,2506A,109.6047,23.0666,贵港市,江南子站,,37,12,19,11,13,116,,123,123,9,10,3,4,0.6,0.7
2025-05-09T1900,2508A,109.5669,23.1065,贵港市,荷城子站,,30,16,20,3,8,94,,106,106,11,11,4,5,0.3,0.3
2025-05-09T1900,3405A,109.5886,23.1172,贵港市,新世纪学校,,32,14,20,10,14,100,,110,110,4,10,1,9,0.8,0.7
2025-05-09T1900,4260A,109.5933,23.0951,贵港市,中山路155-3号,,36,22,23,12,14,114,,125,125,8,11,2,4,0.5,0.5
2025-05-09T1900,1439A,106.6899,26.5998,贵阳市,马鞍山,,32,31,21,12,6,100,,112,112,11,7,4,4,0.4,0.4
2025-05-09T1900,1441A,106.6243,26.6266,贵阳市,鉴湖路,,46,46,31,14,12,102,,113,113,10,11,5,8,0.3,0.4
2025-05-09T1900,1442A,106.7487,26.6343,贵阳市,燕子冲,,44,44,26,24,19,120,,118,118,12,10,13,9,0.3,0.3
2025-05-09T1900,1443A,106.6555,26.4365,贵阳市,碧云窝,颗粒物(PM10),51,51,29,19,13,111,,124,124,13,11,6,5,0.3,0.3
2025-05-09T1900,1445A,106.7109,26.6027,贵阳市,红边门,,41,41,23,22,16,118,,120,120,11,5,13,11,0.1,0.1
2025-05-09T1900,1446A,106.7164,26.5699,贵阳市,新华路,颗粒物(PM10),51,51,25,17,9,101,,105,105,10,7,31,22,0.3,0.4
2025-05-09T1900,1447A,106.674,26.5424,贵阳市,太慈桥,,41,41,20,17,10,107,,116,116,18,12,6,6,0.2,0.2
2025-05-09T1900,1552A,106.805,26.3003,贵阳市,桐木岭,颗粒物(PM10),51,51,35,22,17,108,,110,110,7,7,3,4,0.8,0.8
2025-05-09T1900,4230A,106.6882,26.5695,贵阳市,花果园大街66号,,36,34,21,23,15,114,,111,111,6,4,4,4,0.2,0.3
2025-05-09T1900,4231A,106.6873,26.5169,贵阳市,漓江路57号,,37,36,24,17,12,116,,122,122,12,8,8,8,0.4,0.4
2025-05-09T1900,1862A,110.4144,25.3167,桂林市,电子科大尧山校区,,,,,,,,,,,,,,,,
2025-05-09T1900,1864A,110.3089,25.2708,桂林市,龙隐路小学,,35,28,18,6,11,112,,105,105,6,5,12,9,0.4,0.4
2025-05-09T1900,1865A,110.2869,25.2178,桂林市,八中,,31,22,19,8,9,98,,95,95,14,11,5,2,0.4,0.5
2025-05-09T1900,3531A,110.296,25.1253,桂林市,旅游学院,,31,19,13,9,10,97,,85,85,6,7,2,2,0.6,0.6
2025-05-09T1900,4222A,110.1835,25.2444,桂林市,环湖路276号,,31,31,23,19,17,88,,81,81,10,8,15,17,0.4,0.3
2025-05-09T1900,4301A,110.2803,25.2773,桂林市,信义路13号,,33,28,22,6,10,104,,102,102,11,8,7,4,0.3,0.4
2025-05-09T1900,2674A,100.2561,34.4714,果洛藏族自治州,玛沁县大武镇,,49,49,141,14,31,117,,114,114,2,4,22,21,0.3,0.4
2025-05-09T1900,1129A,126.5422,45.755,哈尔滨市,岭北,,,13,26,8,18,117,,118,118,17,16,,6,0.2,0.4
2025-05-09T1900,1130A,126.561,45.8167,哈尔滨市,松北商大,,32,27,28,11,18,102,,109,109,10,14,7,7,0.6,0.6
2025-05-09T1900,1131A,126.979,45.5419,哈尔滨市,阿城会宁,,32,21,32,10,20,100,,92,92,11,11,6,5,0.5,0.5
2025-05-09T1900,1132A,126.599,45.7222,哈尔滨市,南岗学府路,,34,32,40,11,18,107,,112,112,13,13,5,5,0.5,0.5
2025-05-09T1900,1133A,126.689,45.7733,哈尔滨市,太平宏伟公园,,31,27,34,19,21,97,,112,112,19,15,4,4,0.6,0.5
2025-05-09T1900,1134A,126.635,45.7667,哈尔滨市,道外承德广场,,30,27,48,19,25,93,,103,103,17,14,6,6,0.5,0.5
2025-05-09T1900,1135A,126.685,45.7319,哈尔滨市,香坊红旗大街,,32,19,32,3,21,100,,109,109,15,16,9,9,0.6,0.6
2025-05-09T1900,1136A,126.6411,45.7258,哈尔滨市,动力和平路,,32,26,37,11,25,101,,104,104,11,12,7,6,0.4,0.5
2025-05-09T1900,1137A,126.593,45.7478,哈尔滨市,道里建国路,,33,33,37,19,22,101,,109,109,17,16,4,5,0.5,0.7
2025-05-09T1900,1138A,126.615,45.61,哈尔滨市,平房东轻厂,,32,,40,19,22,102,,110,110,23,13,9,8,0.5,0.3
2025-05-09T1900,1139A,126.595,45.9855,哈尔滨市,呼兰师专,,28,27,23,13,18,89,,103,103,19,13,9,8,0.7,0.6
2025-05-09T1900,1140A,126.6206,45.6842,哈尔滨市,省农科院,,42,42,41,16,25,98,,105,105,18,17,7,8,0.7,0.7
2025-05-09T1900,2688A,93.5128,42.8172,哈密市,地区监测站,,33,19,52,9,19,104,,100,100,7,23,3,15,0.0,0.1
2025-05-09T1900,2689A,93.4961,42.8328,哈密市,哈密师范学校,,38,17,39,3,14,119,,113,113,8,24,4,5,0.2,0.3
2025-05-09T1900,2671A,100.9048,36.9639,海北藏族自治州,海晏县西海镇,,37,11,34,10,13,117,,116,116,2,5,7,8,0.4,0.4
2025-05-09T1900,3867A,102.0738,36.5056,海东市,平安区公安北苑,颗粒物(PM10),67,83,49,15,15,120,,115,115,6,7,10,7,0.5,0.5
2025-05-09T1900,1409A,110.576,19.9507,海口市,东寨港,,,26,18,10,9,71,,81,80,5,3,4,4,,0.6
2025-05-09T1900,1410A,110.3232,20.0574,海口市,海南大学,,33,25,24,11,11,105,,92,92,7,6,4,3,0.4,0.4
2025-05-09T1900,1411A,110.283,20.0053,海口市,秀英海南医院,,43,43,24,16,14,82,,82,82,9,11,4,4,0.4,0.3
2025-05-09T1900,1412A,110.338,19.9969,海口市,海南师范大学,,34,34,26,12,12,88,,96,96,8,7,4,3,0.4,0.4
2025-05-09T1900,1413A,110.33,20.0356,海口市,龙华路环保局宿舍,,32,28,22,12,12,101,,96,96,8,7,4,4,0.3,0.3
2025-05-09T1900,3539A,110.5111,19.9736,海口市,桂林洋子站,,38,38,23,16,11,77,,90,89,10,5,4,4,0.3,0.2
2025-05-09T1900,2673A,100.6188,36.2866,海南藏族自治州,共和县恰卜恰镇,颗粒物(PM10),52,53,45,3,19,132,,131,131,2,7,12,10,0.2,0.3
2025-05-09T1900,2676A,97.3731,37.3753,海西蒙古族藏族自治州,德令哈市,,,57,31,17,12,125,,123,123,1,5,,17,0.4,0.5
2025-05-09T1900,1048A,114.5302,36.6116,邯郸市,东污水处理厂,,,8,37,,16,84,,101,100,16,15,2,2,0.2,0.3
2025-05-09T1900,1049A,114.4918,36.5713,邯郸市,矿院,,27,17,34,3,16,85,,97,97,12,10,2,2,0.2,0.3
2025-05-09T1900,1050A,114.484,36.6133,邯郸市,丛台公园,,30,9,44,3,17,94,,106,106,9,9,8,8,0.2,0.3
2025-05-09T1900,3458A,114.7895,36.5593,邯郸市,香泉濮院小区,,44,44,54,3,14,80,,100,99,14,9,3,3,0.1,0.4
2025-05-09T1900,3579A,114.50634,36.77178,邯郸市,永年区实验高中,,30,24,45,21,31,80,,96,94,9,8,2,3,0.3,0.4
2025-05-09T1900,3580A,114.20016,36.44293,邯郸市,峰峰矿区临水派出所,,30,16,34,3,15,96,,101,101,12,6,3,3,0.5,0.5
2025-05-09T1900,2634A,106.9893,33.1842,汉中市,汉川机床厂子校,,45,36,159,31,35,125,,116,116,4,5,7,7,0.6,0.6
2025-05-09T1900,2635A,107.0154,33.0706,汉中市,市监测站,,42,36,160,29,41,106,,104,104,4,6,5,5,0.1,0.2
2025-05-09T1900,2636A,107.0089,33.1138,汉中市,鑫源开发区,,39,39,164,22,46,110,,103,103,6,10,4,6,0.2,0.4
2025-05-09T1900,2637A,107.007,33.0323,汉中市,南郑大河坎水厂,,38,38,137,21,35,119,,114,114,5,8,5,5,0.3,0.3
2025-05-09T1900,1223A,120.2072,30.2111,杭州市,滨江,,30,13,13,7,8,93,,93,93,20,25,5,6,0.4,0.4
2025-05-09T1900,1224A,120.0633,30.2747,杭州市,西溪,,26,,18,11,11,81,,84,84,9,13,4,4,0.4,0.5
2025-05-09T1900,1226A,120.3417,30.3150,杭州市,下沙,,25,18,22,12,11,79,,94,94,31,28,6,6,0.4,0.5
2025-05-09T1900,1227A,120.1269,30.2456,杭州市,卧龙桥,,20,13,15,8,7,64,,84,84,14,11,6,6,0.6,0.6
2025-05-09T1900,1228A,120.1903,30.2692,杭州市,浙江农大,,25,23,12,16,10,80,,82,82,22,23,8,8,0.4,0.5
2025-05-09T1900,1230A,120.1197,30.3119,杭州市,和睦小学,,30,16,13,12,13,94,,95,95,8,13,6,6,0.2,0.3
2025-05-09T1900,1231A,120.3019,30.4183,杭州市,临平镇,,32,13,18,6,12,100,,98,98,13,18,5,5,0.4,0.5
2025-05-09T1900,1232A,120.2753,30.1839,杭州市,城厢镇,,35,35,22,11,10,88,,81,81,14,17,6,6,0.4,0.6
2025-05-09T1900,1233A,120.0883,30.1808,杭州市,云栖,,20,20,15,7,6,57,,77,77,16,19,5,5,0.7,0.7
2025-05-09T1900,3557A,119.9464,30.0494,杭州市,镇二中,,20,20,14,8,10,48,,55,55,16,18,3,3,0.8,0.6
2025-05-09T1900,3558A,119.7183,30.2367,杭州市,市府大楼,,30,15,13,13,8,93,,96,96,14,14,7,7,0.5,0.6
2025-05-09T1900,3656A,120.1556,30.2864,杭州市,消防大队,,29,16,22,8,7,91,,94,94,15,17,4,4,0.6,0.6
2025-05-09T1900,1270A,117.1959,31.7848,合肥市,明珠广场,颗粒物(PM10),63,75,24,24,11,111,,107,107,22,12,5,3,0.4,0.3
2025-05-09T1900,1271A,117.3072,31.8764,合肥市,三里街,颗粒物(PM10),62,73,26,24,9,104,,98,98,15,9,4,4,0.5,0.5
2025-05-09T1900,1272A,117.2588,31.8707,合肥市,琥珀山庄,颗粒物(PM10),63,75,22,24,14,106,,105,105,15,11,3,3,0.5,0.6
2025-05-09T1900,1273A,117.1604,31.9052,合肥市,董铺水库,颗粒物(PM10),64,78,20,22,7,114,,107,107,6,5,1,2,0.2,0.3
2025-05-09T1900,1274A,117.25,31.8571,合肥市,长江中路,颗粒物(PM10),64,78,25,28,12,115,,109,109,13,8,5,5,0.5,0.5
2025-05-09T1900,1275A,117.266,31.9436,合肥市,庐阳区,颗粒物(PM10),63,75,28,22,12,115,,108,108,7,7,6,6,0.4,0.5
2025-05-09T1900,1276A,117.3453,31.8616,合肥市,瑶海区,颗粒物(PM10),63,75,22,24,8,106,,97,97,10,9,6,6,0.3,0.4
2025-05-09T1900,1277A,117.3027,31.7964,合肥市,包河区,颗粒物(PM10),62,73,27,31,12,107,,103,103,21,12,6,6,0.5,0.5
2025-05-09T1900,1278A,117.2776,31.7385,合肥市,滨湖新区,颗粒物(PM10),67,83,23,31,14,103,,100,100,19,11,8,8,0.6,0.6
2025-05-09T1900,1279A,117.1318,31.8403,合肥市,高新区,颗粒物(PM10),63,75,26,20,10,117,,109,109,11,7,2,2,0.5,0.5
2025-05-09T1900,3464A,117.3803,31.9147,合肥市,高教基地,颗粒物(PM10),60,70,23,17,11,108,,103,103,11,10,5,5,0.2,0.3
2025-05-09T1900,3614A,79.924,37.0877,和田地区,地区环保局,颗粒物(PM10),474,574,869,135,219,74,,69,68,8,11,1,1,0.2,0.2
2025-05-09T1900,3615A,79.9131,37.113,和田地区,市环保局,颗粒物(PM10),387,489,749,140,204,82,,74,74,5,12,3,2,0.0,0
2025-05-09T1900,2516A,108.2011,24.715,河池市,东仁乐园,,,,,,,,,,,,,,,,
2025-05-09T1900,2517A,108.0497,24.6947,河池市,市环保站,,30,20,20,13,8,94,,95,95,7,6,10,6,0.6,0.6
2025-05-09T1900,2518A,108.0983,24.6989,河池市,市疾控中心,,30,26,21,13,11,94,,90,90,9,13,15,8,0.7,0.6
2025-05-09T1900,1696A,114.6778,23.7569,河源市,源西,,20,16,21,12,15,61,,76,74,19,8,3,3,0.7,0.7
2025-05-09T1900,1697A,114.6944,23.7586,河源市,东埔,,26,17,31,9,15,83,,55,54,13,12,3,4,0.4,0.4
2025-05-09T1900,1698A,114.6892,23.7233,河源市,老城,,26,9,25,6,14,81,,80,80,13,14,3,3,0.6,0.5
2025-05-09T1900,1718A,115.4208,35.2464,菏泽市,气象局,,34,17,49,12,29,106,,112,112,13,13,2,2,0.3,0.4
2025-05-09T1900,3374A,115.5564,35.0891,菏泽市,定陶老年大学,,33,12,38,3,18,104,,108,108,10,11,2,2,0.3,0.5
2025-05-09T1900,4184A,115.4797,35.24401,菏泽市,永昌路1号,,34,31,48,14,28,106,,109,109,9,12,3,4,0.2,0.3
2025-05-09T1900,4193A,115.4715,35.2800,菏泽市,长城路999号,,31,14,40,3,25,98,,106,106,13,17,4,4,0.2,0.4
2025-05-09T1900,2514A,111.5264,24.4172,贺州市,环保小区,,28,28,22,3,17,84,,95,95,7,11,6,7,0.8,1
2025-05-09T1900,2515A,111.5608,24.4078,贺州市,政协大楼,,26,19,21,12,13,81,,94,93,10,10,7,9,0.7,0.6
2025-05-09T1900,3534A,111.4744,24.4553,贺州市,西湾,,25,16,21,8,9,78,,92,91,7,12,8,8,0.6,0.6
2025-05-09T1900,2385A,114.17,35.9019,鹤壁市,市监测站,,40,40,52,19,34,87,,99,95,14,11,4,3,0.7,0.6
2025-05-09T1900,2386A,114.2956,35.7511,鹤壁市,市交警支队,,38,38,52,24,27,81,,92,91,20,13,6,5,0.7,0.6
2025-05-09T1900,2387A,114.2878,35.7306,鹤壁市,迎宾馆,,36,36,60,12,34,89,,93,93,10,8,8,4,0.6,0.5
2025-05-09T1900,3474A,114.2617,35.6822,鹤壁市,大新区,,44,44,54,17,37,48,,88,84,16,12,7,7,0.5,0.6
2025-05-09T1900,3596A,114.1572,35.9603,鹤壁市,南山宾馆,,40,32,71,28,41,98,,104,101,8,8,4,4,0.4,0.4
2025-05-09T1900,2244A,130.2537,47.3416,鹤岗市,哈啤分公司,,28,,23,19,21,76,,84,84,8,10,12,13,0.3,0.4
2025-05-09T1900,2245A,130.2684,47.3086,鹤岗市,斯达机电,,33,,30,23,25,86,,85,85,8,12,11,11,0.4,0.4
2025-05-09T1900,2246A,130.3114,47.3388,鹤岗市,东山纸板厂,,34,34,51,20,29,74,,83,83,13,18,12,13,0.4,0.7
2025-05-09T1900,2247A,130.1097,47.3382,鹤岗市,五号水库,,,,,,,,,,,,,,,,
2025-05-09T1900,2263A,127.4833,50.2524,黑河市,交通局,,45,38,47,31,27,86,,108,105,11,12,8,7,0.4,0.3
2025-05-09T1900,2264A,127.5144,50.2341,黑河市,环保局,,50,50,45,23,24,96,,108,106,8,11,4,6,0.2,0.2
2025-05-09T1900,2265A,127.5291,50.2472,黑河市,大黑河岛,,,,,20,30,94,,85,78,11,12,2,3,0.3,0.3
2025-05-09T1900,1074A,115.6838,37.7541,衡水市,电机北厂,,46,,54,32,35,100,,91,91,11,12,5,5,0.1,0.3
2025-05-09T1900,1075A,115.6303,37.7316,衡水市,市监测站,,36,31,51,25,30,105,,95,95,8,11,3,4,0.2,0.3
2025-05-09T1900,3188A,115.6683,37.7217,衡水市,市城管局,,45,,52,31,38,104,,94,94,8,11,6,6,0.4,0.5
2025-05-09T1900,3459A,115.5989,37.5491,衡水市,地表水厂,,32,15,52,3,21,100,,100,100,7,13,4,7,0.1,0.3
2025-05-09T1900,2456A,112.5003,26.9167,衡阳市,原169医院,,46,46,21,13,13,124,,135,135,13,6,3,3,0.5,0.6
2025-05-09T1900,2457A,112.6194,26.9258,衡阳市,衡阳化工总厂,颗粒物(PM10),52,54,28,21,15,124,,119,119,5,4,5,5,0.4,0.5
2025-05-09T1900,2458A,112.6211,26.8956,衡阳市,珠晖区环保局,,48,48,26,16,16,123,,122,122,18,9,7,7,0.6,0.6
2025-05-09T1900,2459A,112.6197,26.8733,衡阳市,市委党校,,41,41,24,18,11,124,,118,118,8,4,3,3,0.5,0.5
2025-05-09T1900,2460A,112.6006,26.8919,衡阳市,市监测站,颗粒物(PM10),55,59,25,35,16,119,,117,117,13,7,8,9,0.6,0.5
2025-05-09T1900,2461A,112.5664,26.9056,衡阳市,真空机电公司,,41,41,21,15,14,119,,118,118,9,4,5,5,0.6,0.6
2025-05-09T1900,3399A,112.6703,26.882,衡阳市,师范学院,,45,45,27,29,14,126,,122,122,13,7,7,7,0.7,0.7
2025-05-09T1900,2608A,103.3772,23.3993,红河哈尼族彝族自治州,污水处理厂,细颗粒物(PM2.5),54,43,46,38,35,107,,124,122,12,10,9,11,0.6,0.5
2025-05-09T1900,2609A,103.3861,23.35,红河哈尼族彝族自治州,监测站,颗粒物(PM10),58,66,50,29,32,129,,131,131,7,8,9,8,0.5,0.4
2025-05-09T1900,3038A,103.3758,23.368,红河哈尼族彝族自治州,州图书馆,,45,45,40,30,26,108,,114,112,9,8,6,5,0.4,0.3
2025-05-09T1900,1090A,111.6507,40.7517,呼和浩特市,呼市一监,,30,29,27,18,20,96,,100,100,1,5,6,7,0.4,0.5
2025-05-09T1900,1091A,111.6572,40.8033,呼和浩特市,小召,,32,29,28,17,19,100,,106,106,9,12,6,6,0.4,0.5
2025-05-09T1900,1094A,111.7516,40.8369,呼和浩特市,如意水处理厂,,32,32,30,22,21,88,,95,95,9,12,4,5,0.3,0.4
2025-05-09T1900,1095A,111.7276,40.8062,呼和浩特市,二十九中,,40,40,25,19,19,91,,97,97,5,7,4,3,0.5,0.5
2025-05-09T1900,1096A,111.5512,40.7866,呼和浩特市,工大金川校区,,34,34,26,19,20,92,,100,100,10,16,5,5,0.4,0.5
2025-05-09T1900,1097A,111.717,40.7612,呼和浩特市,化肥厂生活区,,39,39,31,20,20,91,,101,100,11,12,4,5,0.4,0.4
2025-05-09T1900,3698A,111.5968,40.8178,呼和浩特市,红旗小学,,31,29,21,18,21,98,,107,106,8,15,3,3,0.4,0.4
2025-05-09T1900,3699A,111.6518,40.8389,呼和浩特市,海东办,,30,29,24,16,20,93,,98,98,4,9,6,7,0.5,0.4
2025-05-09T1900,2192A,119.7594,49.2261,呼伦贝尔市,区环保局,,29,29,38,20,29,87,,96,95,17,11,4,5,0.4,0.4
2025-05-09T1900,3061A,119.7512,49.1577,呼伦贝尔市,国华电力东,,31,26,35,19,23,99,,100,100,7,7,5,5,0.3,0.3
2025-05-09T1900,1250A,120.0751,30.8669,湖州市,城西水厂,,34,19,17,9,10,106,,101,101,22,18,6,5,0.4,0.4
2025-05-09T1900,2873A,120.0830,30.8929,湖州市,仁皇山新区,,34,16,17,8,12,108,,126,100,14,17,4,4,0.5,0.6
2025-05-09T1900,2907A,120.1844,30.8596,湖州市,吴兴区站,,34,23,21,9,12,108,,101,101,10,12,6,6,0.4,0.5
2025-05-09T1900,3562A,120.4148,30.8538,湖州市,南浔区站,,34,26,18,7,12,108,,104,104,11,12,3,3,0.4,0.6
2025-05-09T1900,1607A,120.9049,40.7211,葫芦岛市,龙港区,,32,32,47,22,22,52,,85,84,32,21,13,19,0.6,0.6
2025-05-09T1900,1608A,120.8392,40.7514,葫芦岛市,化工街,,31,31,48,19,21,61,,77,77,38,24,10,27,0.8,0.6
2025-05-09T1900,1609A,120.8341,40.7073,葫芦岛市,新区,,45,38,45,31,28,54,,81,81,42,23,8,28,0.8,0.7
2025-05-09T1900,1610A,120.8695,40.7677,葫芦岛市,东城区,,40,28,40,28,27,61,,77,77,36,22,8,9,0.8,0.6
2025-05-09T1900,2482A,109.5981,27.5721,怀化市,林科所,,26,19,15,7,6,82,,99,98,7,7,3,4,0.3,0.3
2025-05-09T1900,2483A,109.9453,27.5444,怀化市,河西地税局,,25,21,17,13,9,78,,96,95,18,11,4,4,0.6,0.5
2025-05-09T1900,2484A,109.9781,27.5342,怀化市,市四医院,,33,28,24,13,13,104,,105,105,8,8,2,2,0.3,0.4
2025-05-09T1900,2485A,109.9972,27.5578,怀化市,监测楼,,31,24,22,14,10,99,,102,102,9,9,1,2,0.2,0.3
2025-05-09T1900,2486A,110.0394,27.583,怀化市,市委党校,,30,25,18,9,8,93,,96,96,6,6,3,3,0.4,0.5
2025-05-09T1900,1210A,119.036,33.5981,淮安市,钵池山,,29,17,7,8,13,91,,105,96,12,8,7,7,0.4,0.4
2025-05-09T1900,1211A,119.007,33.575,淮安市,北京南路,,28,14,5,9,11,89,,106,96,14,8,7,7,0.5,0.4
2025-05-09T1900,1212A,118.989,33.6067,淮安市,市监测站,,28,,3,9,6,88,,103,91,17,10,7,7,0.2,0.2
2025-05-09T1900,1213A,119.135,33.5039,淮安市,楚州区监测站,,30,17,7,6,12,96,,100,98,15,7,6,6,0.4,0.4
2025-05-09T1900,3426A,118.8755,33.2894,淮安市,新华书店,,27,14,6,8,4,86,,100,98,15,8,7,7,0.4,0.3
2025-05-09T1900,4206A,119.0288,33.6319,淮安市,承德北路606号,,28,9,8,6,11,88,,104,91,14,7,6,6,0.4,0.3
2025-05-09T1900,2282A,116.8004,33.975,淮北市,监测站,,47,47,29,21,11,90,,113,112,28,9,5,5,0.7,0.6
2025-05-09T1900,2283A,116.8091,33.9007,淮北市,烈山区政府,,35,19,11,15,10,111,,114,114,11,4,3,3,0.6,0.6
2025-05-09T1900,3330A,116.8873,33.9836,淮北市,杜集区检察院,,42,42,24,16,11,100,,112,112,16,8,6,6,0.7,0.7
2025-05-09T1900,4017A,116.7923,33.9535,淮北市,市博物馆,,38,38,16,13,9,107,,116,116,16,9,4,4,0.6,0.6
2025-05-09T1900,2277A,116.8305,32.7727,淮南市,潘集区政府,颗粒物(PM10),105,160,33,33,14,112,,112,112,16,8,3,2,0.3,0.3
2025-05-09T1900,2279A,116.8569,32.5951,淮南市,谢家集区政府,颗粒物(PM10),80,110,28,35,15,109,,108,108,17,10,4,4,0.2,0.2
2025-05-09T1900,2280A,116.8281,32.633,淮南市,八公山区政府,颗粒物(PM10),82,113,35,36,15,116,,108,108,9,8,3,4,0.3,0.3
2025-05-09T1900,2281A,116.6325,32.6201,淮南市,焦岗湖风景区管理处,,,,,,,,,,,,,,,,
2025-05-09T1900,2894A,117.0566,32.6531,淮南市,经济技术开发区消防队,,,,20,,15,120,,110,110,,8,,5,0.3,0.3
2025-05-09T1900,3329A,117.0108,32.5893,淮南市,山南新区,颗粒物(PM10),89,128,25,35,16,123,,115,115,10,8,8,7,0.3,0.3
2025-05-09T1900,4209A,117.0031,32.6445,淮南市,国庆中路369号,颗粒物(PM10),80,109,28,37,17,101,,96,96,11,5,9,9,0.3,0.2
2025-05-09T1900,2446A,114.9028,30.4742,黄冈市,职工中心,,,,,,,,,,,,,,,,
2025-05-09T1900,2929A,114.8858,30.4519,黄冈市,红卫路,颗粒物(PM10),53,56,29,28,18,142,,148,148,4,4,5,6,0.5,0.7
2025-05-09T1900,3398A,114.9136,30.4445,黄冈市,市林业局,,48,48,30,22,14,137,,142,142,9,7,7,6,0.8,0.9
2025-05-09T1900,2672A,102.0199,35.5102,黄南藏族自治州,同仁县隆务镇,颗粒物(PM10),53,56,56,12,18,116,,115,115,10,4,6,4,0.3,0.2
2025-05-09T1900,2295A,118.2903,29.6963,黄山市,延安路89号,,25,13,8,3,6,80,,81,81,4,4,5,5,0.5,0.5
2025-05-09T1900,2297A,118.1371,30.2756,黄山市,黄山区政府5号楼,,25,20,13,3,8,79,,90,90,7,5,3,4,1.1,0.9
2025-05-09T1900,4210A,118.3354,29.7203,黄山市,滨江东路7-2号,,25,25,14,8,7,76,,80,80,6,6,4,4,0.6,0.6
2025-05-09T1900,2423A,115.0601,30.2313,黄石市,沈家营,,50,50,28,25,11,136,,146,146,5,7,6,6,0.5,0.6
2025-05-09T1900,2426A,114.8988,30.2019,黄石市,铁山,颗粒物(PM10),53,55,39,27,17,122,,133,133,9,9,5,5,0.1,0.2
2025-05-09T1900,2427A,115.0307,30.2092,黄石市,团城山,颗粒物(PM10),52,53,27,21,8,130,,133,133,9,9,7,7,0.5,0.6
2025-05-09T1900,3149A,115.0235,30.1578,黄石市,笔架山北路,,42,37,24,26,9,133,,145,145,12,7,6,6,0.6,0.7
2025-05-09T1900,4185A,115.0780,30.21118,黄石市,磁湖东路29号,颗粒物(PM10),52,53,28,24,16,142,,147,147,6,8,6,6,0.6,0.7
2025-05-09T1900,1392A,114.4183,23.0528,惠州市,河南岸金山湖子站,,25,21,28,12,13,80,,85,85,22,12,8,8,0.5,0.4
2025-05-09T1900,1393A,114.4053,23.0822,惠州市,下埔横江三路子站,,27,23,34,8,13,84,,94,94,17,12,7,8,0.5,0.5
2025-05-09T1900,1394A,114.4103,23.1142,惠州市,江北云山西路子站,,28,18,28,8,11,87,,95,95,14,10,10,11,0.5,0.5
2025-05-09T1900,1395A,114.4645,22.7833,惠州市,惠阳区承修路船湖子站,,26,26,31,10,11,73,,90,90,25,11,8,7,0.7,0.6
2025-05-09T1900,1396A,114.5317,22.7422,惠州市,大亚湾管委会子站,,22,18,32,7,12,70,,84,84,26,12,9,8,0.5,0.5
2025-05-09T1900,3314A,114.4338,22.8134,惠州市,惠阳秋长,,27,27,29,9,13,76,,93,93,23,12,11,10,0.4,0.3
2025-05-09T1900,3452A,114.6517,22.775,惠州市,大亚湾霞涌,,26,13,27,6,10,83,,88,88,13,9,7,7,0.6,0.5
2025-05-09T1900,2240A,130.9762,45.3001,鸡西市,环保局,,48,48,36,19,20,78,,99,94,11,10,5,6,0.6,0.5
2025-05-09T1900,2243A,130.9429,45.3039,鸡西市,第一中学,,35,35,33,17,19,79,,96,93,6,7,6,7,0.5,0.5
2025-05-09T1900,3707A,131.0207,45.3073,鸡西市,欧美日汽修厂,,44,44,34,28,29,78,,98,95,9,7,5,5,0.5,0.5
2025-05-09T1900,3709A,130.9967,45.3106,鸡西市,市政设施管理处,,47,47,37,21,21,59,,92,86,21,11,10,8,0.6,0.5
2025-05-09T1900,2367A,114.9754,27.0803,吉安市,红声器材厂,,37,37,25,13,10,116,,104,104,6,5,10,10,0.7,0.5
2025-05-09T1900,2368A,114.9658,27.0999,吉安市,市森林工业局,,43,43,25,14,10,110,,102,102,7,4,8,8,0.5,0.4
2025-05-09T1900,2369A,114.99,27.1312,吉安市,市环境监测站,,,42,19,18,9,117,,105,105,,3,10,9,0.5,0.6
2025-05-09T1900,2370A,115.0093,27.0968,吉安市,青原区法院,,39,27,22,13,10,122,,112,112,7,6,10,12,0.4,0.4
2025-05-09T1900,1772A,126.54,43.8622,吉林市,哈达湾,,46,46,60,26,28,85,,93,80,13,11,7,8,0.5,0.5
2025-05-09T1900,1773A,126.5844,43.8358,吉林市,东局子,,38,38,53,24,28,80,,93,78,14,12,6,7,0.5,0.4
2025-05-09T1900,1774A,126.5052,43.8245,吉林市,电力学院,,40,40,52,28,26,82,,93,82,14,10,6,6,0.6,0.5
2025-05-09T1900,1775A,126.6133,43.8972,吉林市,江北,颗粒物(PM10),58,65,92,35,33,66,,86,76,16,13,6,7,0.7,0.5
2025-05-09T1900,1776A,126.555,43.8306,吉林市,江南公园,,44,44,54,29,30,67,,92,74,22,11,5,7,0.5,0.4
2025-05-09T1900,1778A,126.7061,43.7133,吉林市,丰满,,,,,,,,,,,,,,,,
2025-05-09T1900,2868A,126.4739,43.953,吉林市,九站,,42,40,52,29,26,82,,93,78,14,11,8,7,0.7,0.4
2025-05-09T1900,1299A,116.9862,36.6114,济南市,科干所,,28,12,28,7,14,87,,98,93,19,15,2,2,0.2,0.2
2025-05-09T1900,1300A,116.9376,36.665,济南市,农科所,,28,24,32,7,14,88,,90,89,15,16,5,6,0.2,0.2
2025-05-09T1900,1301A,117.1265,36.6734,济南市,开发区,,30,22,31,17,16,94,,100,96,14,12,6,6,0.6,0.5
2025-05-09T1900,1303A,117.0624,36.6868,济南市,省种子仓库,,32,27,34,12,15,102,,100,97,8,14,3,3,0.4,0.4
2025-05-09T1900,1304A,116.9489,36.6447,济南市,机床二厂,,28,27,31,10,13,88,,96,89,18,18,6,7,0.4,0.4
2025-05-09T1900,1305A,117.0495,36.663,济南市,市监测站,,29,24,34,15,15,91,,97,92,18,17,6,7,0.5,0.4
2025-05-09T1900,1306A,116.7675,36.5484,济南市,长清党校,,28,12,30,10,17,89,,100,97,18,16,4,4,0.6,0.5
2025-05-09T1900,1616A,117.6795,36.229,济南市,技术学院,,34,,16,7,11,108,,99,98,18,14,9,8,0.6,0.5
2025-05-09T1900,1961A,117.532,36.6868,济南市,东山小学,,31,15,34,7,13,97,,99,98,10,13,5,6,0.2,0.2
2025-05-09T1900,3059A,117.7161,36.2049,济南市,泰兴公司,,31,6,22,3,14,98,,94,91,13,13,4,4,0.3,0.2
2025-05-09T1900,3064A,117.6867,36.2171,济南市,莱芜战役纪念馆,,,7,23,,10,101,,88,87,24,16,3,4,,0.6
2025-05-09T1900,3494A,117.1673,36.9782,济南市,济阳区政府,,33,22,41,10,17,104,,105,105,5,9,2,3,0.2,0.3
2025-05-09T1900,3495A,117.1171,36.63,济南市,锦屏中学,,29,15,22,3,9,90,,98,94,14,10,6,5,0.4,0.4
2025-05-09T1900,3682A,116.9814,36.6819,济南市,济南四建,,31,17,30,15,15,97,,100,99,11,15,3,3,0.4,0.4
2025-05-09T1900,1653A,116.6251,35.4302,济宁市,火炬城,,,,26,,16,97,,91,91,,5,4,5,0.3,0.4
2025-05-09T1900,1655A,116.5491,35.4042,济宁市,电化厂,,33,27,30,9,16,103,,97,97,6,5,3,2,0.4,0.6
2025-05-09T1900,3500A,116.5814,35.3707,济宁市,北湖一中,,42,42,31,3,14,95,,89,89,8,7,4,3,0.2,0.3
2025-05-09T1900,3501A,116.8249,35.5593,济宁市,服务中心,,34,34,22,3,9,75,,90,87,16,11,3,2,0.2,0.3
2025-05-09T1900,3678A,116.5907,35.4054,济宁市,市第七中学,,32,28,28,7,11,102,,98,98,5,6,4,4,0.3,0.3
2025-05-09T1900,2255A,130.2751,46.8028,佳木斯市,佳纺,,27,23,25,15,20,85,,80,77,7,10,7,6,0.4,0.4
2025-05-09T1900,2256A,130.3995,46.8307,佳木斯市,发电厂,,30,16,24,9,19,95,,85,85,5,9,4,6,0.3,0.3
2025-05-09T1900,2257A,130.3258,46.7975,佳木斯市,环保局,,25,18,23,13,19,80,,89,74,16,14,6,6,0.5,0.7
2025-05-09T1900,2258A,130.3648,46.8032,佳木斯市,十一中,,27,12,22,10,19,86,,78,77,8,12,6,6,0.4,0.4
2025-05-09T1900,2259A,130.3794,46.7588,佳木斯市,四丰,,24,21,21,6,15,76,,74,68,12,11,1,1,0.3,0.3
2025-05-09T1900,1252A,120.7436,30.778,嘉兴市,清河小学,,30,19,14,11,9,93,,93,93,13,11,5,4,0.8,0.9
2025-05-09T1900,1253A,120.726,30.7478,嘉兴市,嘉兴学院,,30,18,22,8,8,93,,94,94,17,15,5,5,0.2,0.2
2025-05-09T1900,2872A,120.7846,30.7525,嘉兴市,南湖区残联,,33,,7,9,8,104,,105,105,12,8,5,5,0.3,0.4
2025-05-09T1900,3407A,120.6916,30.7739,嘉兴市,秀洲住建,,34,16,17,9,5,108,,105,105,3,5,6,5,0.5,0.6
2025-05-09T1900,1945A,98.2908,39.7711,嘉峪关市,气象局,,40,12,24,3,10,126,,120,120,4,9,4,5,0.0,0.2
2025-05-09T1900,2884A,98.2672,39.7978,嘉峪关市,酒钢宾馆,,34,17,29,17,15,108,,105,105,9,10,17,14,0.5,0.4
2025-05-09T1900,3248A,98.2643,39.7724,嘉峪关市,雄关区,,38,18,26,13,14,121,,116,116,6,13,10,11,0.3,0.3
2025-05-09T1900,1383A,113.1064,22.6058,江门市,北街,,31,31,23,13,9,78,,96,88,32,15,2,2,0.4,0.3
2025-05-09T1900,1384A,113.0731,22.5835,江门市,西区,,24,24,19,9,10,73,,94,87,37,15,7,6,0.6,0.4
2025-05-09T1900,1385A,113.0219,22.5311,江门市,圭峰西,,31,31,21,14,12,63,,85,81,23,12,4,4,0.6,0.5
2025-05-09T1900,1386A,113.0828,22.5947,江门市,东湖,,35,35,23,14,11,79,,86,79,32,15,8,7,0.5,0.4
2025-05-09T1900,3311A,113.1075,22.5647,江门市,江海富民,,26,17,39,16,20,81,,94,89,32,15,8,8,0.6,0.4
2025-05-09T1900,3449A,113.05,22.4667,江门市,新会银湖,,36,36,23,24,12,59,,73,69,31,18,1,1,0.7,0.6
2025-05-09T1900,1830A,113.1992,35.2590,焦作市,影视城,,,,45,,22,,,,,,15,,10,,0.7
2025-05-09T1900,3169A,113.2725,35.2067,焦作市,太极体育中心,颗粒物(PM10),69,88,118,12,44,85,,105,99,1,9,2,3,0.0,0.2
2025-05-09T1900,3335A,113.3137,35.2641,焦作市,马村街道办,,46,46,98,8,39,103,,104,104,11,13,5,7,0.0,0.4
2025-05-09T1900,3336A,113.2465,35.2373,焦作市,焦作技师学院,,,,111,,35,102,,103,103,7,12,4,7,,0.5
2025-05-09T1900,3477A,113.1656,35.2539,焦作市,中站许衡医院,,42,42,95,27,35,107,,108,108,8,11,5,6,0.3,0.6
2025-05-09T1900,3981A,113.2449,35.1803,焦作市,原李万街道办,,31,29,102,7,31,99,,100,100,1,6,8,8,0.1,0.1
2025-05-09T1900,4264A,113.2340,35.2190,焦作市,新安路1731号,,47,47,102,17,34,101,,102,102,8,12,4,6,0.4,0.6
2025-05-09T1900,1708A,116.3701,23.5345,揭阳市,新兴,,,39,83,18,35,31,,48,42,,,10,8,1.2,0.8
2025-05-09T1900,1709A,116.3264,23.5443,揭阳市,西马,,37,37,64,8,28,39,,48,46,21,18,10,7,1.3,1
2025-05-09T1900,1710A,116.3611,23.5626,揭阳市,东兴,,34,34,108,16,34,29,,42,40,27,18,4,6,1.1,0.9
2025-05-09T1900,1711A,116.4151,23.5294,揭阳市,渔湖,,,41,84,,27,39,,52,48,23,21,5,6,1.1,0.8
2025-05-09T1900,3320A,116.403,23.5699,揭阳市,曲溪,,24,24,54,8,28,44,,48,47,28,25,6,26,0.7,0.7
2025-05-09T1900,1944A,102.1692,38.5167,金昌市,天庆家园,,36,29,121,8,34,113,,116,116,4,7,6,13,0.7,0.7
2025-05-09T1900,4022A,102.1647,38.5371,金昌市,金川区人防中心,,36,24,152,12,36,113,,118,118,6,7,3,10,0.5,0.4
2025-05-09T1900,4239A,102.1930,38.5319,金昌市,长春路96号,,35,21,132,7,40,112,,114,114,1,8,11,14,0.6,0.6
2025-05-09T1900,1262A,119.647,29.077,金华市,十五中,,28,18,27,13,15,89,,90,90,20,22,4,2,0.6,0.6
2025-05-09T1900,1263A,119.686,29.1029,金华市,监测站,,28,14,30,14,19,88,,96,96,14,28,2,2,0.6,0.5
2025-05-09T1900,3659A,119.656,29.1131,金华市,气象局,,28,17,24,9,13,89,,92,92,19,29,2,2,0.6,0.5
2025-05-09T1900,1767A,121.1115,41.0879,锦州市,南山,,32,,35,22,26,91,,82,82,18,16,8,9,0.8,0.6
2025-05-09T1900,1768A,121.0604,40.8428,锦州市,开发区,,46,,42,32,25,73,,92,91,24,23,6,7,0.7,0.6
2025-05-09T1900,1769A,121.1836,41.1119,锦州市,百股街道,,28,25,35,14,18,87,,83,83,16,19,5,5,0.6,0.6
2025-05-09T1900,1770A,121.1178,41.1222,锦州市,天安街道,,33,25,39,23,29,91,,83,83,19,17,7,10,0.8,0.7
2025-05-09T1900,1771A,121.1303,41.1386,锦州市,北湖公园,,30,,38,21,25,92,,84,84,16,18,8,10,0.8,0.7
2025-05-09T1900,2160A,112.85,35.5051,晋城市,自来水公司,颗粒物(PM10),66,82,119,3,23,96,,98,98,13,15,5,6,0.4,0.6
2025-05-09T1900,2161A,112.8318,35.4936,晋城市,白云商贸,,,51,78,,19,100,,100,100,12,14,5,6,0.4,0.6
2025-05-09T1900,2162A,112.8508,35.4887,晋城市,市环保局,,42,42,92,7,23,97,,97,97,6,10,4,6,0,0.2
2025-05-09T1900,2163A,112.8676,35.4897,晋城市,技术学院,颗粒物(PM10),52,53,91,3,21,88,,89,89,12,14,4,5,0.4,0.6
2025-05-09T1900,2165A,112.8453,35.546,晋城市,白马寺,,33,21,64,13,27,104,,105,105,8,7,3,4,0.2,0.4
2025-05-09T1900,3620A,112.8271,35.4828,晋城市,泽州一中,,31,18,86,3,25,98,,99,99,9,13,4,4,0.3,0.5
2025-05-09T1900,2173A,112.7249,37.7067,晋中市,南都小区,,33,33,47,7,20,93,,101,99,8,13,4,5,0.4,0.6
2025-05-09T1900,2174A,112.6991,37.6982,晋中市,榆次区政府,,,,49,,21,,,80,,,20,,7,,0.4
2025-05-09T1900,2865A,112.7195,37.6828,晋中市,榆次三中,,30,17,42,3,15,95,,103,101,7,12,2,4,0.2,0.4
2025-05-09T1900,4200A,112.7478,37.6954,晋中市,迎宾街26号,颗粒物(PM10),51,51,49,3,14,91,,97,96,8,13,2,4,0.2,0.3
2025-05-09T1900,2439A,112.2014,31.0481,荆门市,竹园小学,颗粒物(PM10),59,67,76,22,29,141,,130,130,15,11,4,5,0.2,0.4
2025-05-09T1900,2440A,112.1969,30.9891,荆门市,掇刀,颗粒物(PM10),53,55,63,23,23,142,,127,127,6,10,4,4,0.3,0.3
2025-05-09T1900,2441A,112.2213,31.0386,荆门市,石化一小,颗粒物(PM10),64,78,73,28,30,136,,126,126,12,10,8,7,0.4,0.5
2025-05-09T1900,3012A,112.1849,31.0362,荆门市,西山林语,颗粒物(PM10),52,53,60,20,25,109,,118,118,5,4,8,7,0.4,0.4
2025-05-09T1900,3547A,112.1632,31.0138,荆门市,龙泉中学南校,,,,59,24,27,139,,124,124,,4,2,2,0.1,0.6
2025-05-09T1900,1844A,112.2494,30.3197,荆州市,市图书馆,颗粒物(PM10),56,62,46,29,22,138,,136,136,19,18,6,5,0.4,0.4
2025-05-09T1900,1845A,112.2008,30.3544,荆州市,市委党校,颗粒物(PM10),51,52,44,25,20,122,,118,118,11,12,7,7,0.5,0.5
2025-05-09T1900,3194A,112.2747,30.3122,荆州市,管委会,颗粒物(PM10),61,71,46,32,21,137,,135,135,15,15,9,7,0.5,0.5
2025-05-09T1900,4268A,112.1722,30.3366,荆州市,学苑路85号,,,38,33,25,21,125,,126,126,,14,4,3,,0.4
2025-05-09T1900,2342A,117.3102,29.3867,景德镇市,王港中学,,,,,,,,,,,,,,,,
2025-05-09T1900,2343A,117.2117,29.2933,景德镇市,老干部活动中心,,39,37,15,19,6,124,,115,115,9,8,6,6,0.4,0.5
2025-05-09T1900,2344A,117.1894,29.2789,景德镇市,兽医站,,38,31,22,17,9,121,,108,108,7,8,4,4,0.5,0.6
2025-05-09T1900,2345A,117.1547,29.2617,景德镇市,台达陶瓷,颗粒物(PM10),51,52,25,26,14,124,,114,114,11,13,20,41,0.5,0.7
2025-05-09T1900,2346A,117.2461,29.2956,景德镇市,陶研所,,39,39,16,25,11,121,,110,110,12,9,7,10,0.5,0.5
2025-05-09T1900,1803A,115.9872,29.6815,九江市,十里,,49,49,23,28,18,133,,142,142,12,9,3,2,0.7,0.6
2025-05-09T1900,1804A,115.9584,29.7046,九江市,茅山头,颗粒物(PM10),51,52,29,32,22,112,,133,133,30,14,6,5,0.7,0.7
2025-05-09T1900,1805A,115.9877,29.7295,九江市,西园,,42,41,32,26,15,134,,142,142,30,24,10,11,0.8,0.8
2025-05-09T1900,1808A,115.9114,29.6038,九江市,综合工业园,,44,44,26,25,12,97,,130,128,41,26,8,8,0.7,0.8
2025-05-09T1900,1809A,116.0721,29.7535,九江市,石化总厂,,49,48,30,34,23,124,,130,130,27,15,6,5,0.7,0.7
2025-05-09T1900,1810A,115.9773,29.5698,九江市,庐山气象台,,41,41,15,28,13,94,,102,102,8,7,6,6,1.0,0.9
2025-05-09T1900,3190A,116.0254,29.6994,九江市,外国语学校,,46,46,20,24,13,122,,131,131,19,15,10,7,0.9,0.9
2025-05-09T1900,4253A,116.0102,29.6594,九江市,莲花大道8号,,43,43,26,19,15,121,,135,135,7,8,5,5,0.6,0.7
2025-05-09T1900,4240A,98.4958,39.7339,酒泉市,玉门东路5号,,35,22,38,20,23,112,,109,109,2,6,8,19,0.3,0.3
2025-05-09T1900,4241A,98.5099,39.7506,酒泉市,北大街108号,,35,14,28,11,14,111,,110,110,4,12,8,18,0.4,0.3
2025-05-09T1900,2698A,76.0072,39.4467,喀什地区,巡警大队,颗粒物(PM10),500,1450,1639,348,460,81,,83,83,17,21,4,4,0.6,0.6
2025-05-09T1900,2699A,75.9755,39.4694,喀什地区,吾办,"颗粒物(PM10),细颗粒物(PM2.5)",500,1292,1498,559,683,80,,82,82,14,23,8,8,0.3,0.1
2025-05-09T1900,4027A,75.9483,39.4689,喀什地区,老干局,颗粒物(PM10),500,1232,1379,387,492,78,,80,80,13,17,3,3,0.4,0.3
2025-05-09T1900,1824A,114.3389,34.7781,开封市,肿瘤医院,颗粒物(PM10),65,79,105,16,32,100,,111,110,4,5,7,8,0.5,0.6
2025-05-09T1900,1826A,114.2885,34.7965,开封市,世纪星幼儿园,颗粒物(PM10),62,74,111,3,55,105,,117,116,12,13,7,8,0.4,0.5
2025-05-09T1900,3147A,114.3438,34.8106,开封市,龙亭公园,颗粒物(PM10),73,96,110,30,29,105,,117,116,11,10,2,2,0.4,0.6
2025-05-09T1900,3210A,114.3644,34.7964,开封市,汴京公园,颗粒物(PM10),66,82,123,11,28,100,,110,109,9,10,2,3,0.5,0.6
2025-05-09T1900,3473A,114.2485,34.8306,开封市,技师学院,颗粒物(PM10),60,70,104,28,39,97,,110,109,10,13,3,4,0.5,0.7
2025-05-09T1900,3592A,114.4644,34.7556,开封市,祥符区生态环境局,颗粒物(PM10),56,61,79,11,25,102,,116,115,10,11,6,7,0.5,0.6
2025-05-09T1900,1951A,84.895,45.6094,克拉玛依市,长征新村,,44,32,28,3,6,138,,125,125,6,15,8,8,0.5,0.5
2025-05-09T1900,1952A,84.8988,45.5893,克拉玛依市,南林小区,,45,33,31,3,14,141,,127,127,2,18,5,6,0.2,0.4
2025-05-09T1900,1954A,84.905,44.3396,克拉玛依市,独山子区,,,,50,,18,168,,141,141,8,14,10,12,0.5,0.6
2025-05-09T1900,1955A,85.6979,46.098,克拉玛依市,乌尔禾区商贸楼,,45,31,21,3,8,144,,130,130,3,9,10,11,0.5,0.5
2025-05-09T1900,3612A,85.1045,45.6899,克拉玛依市,白碱滩区新站,,43,40,27,22,13,136,,121,121,3,8,12,11,0.3,0.3
2025-05-09T1900,2697A,76.1454,39.7142,克孜勒苏柯尔克孜自治州,市人民政府,颗粒物(PM10),500,1230,1400,447,514,91,,91,91,6,14,4,4,0.3,0.3
2025-05-09T1900,3665A,76.1658,39.7157,克孜勒苏柯尔克孜自治州,克州文化中心,颗粒物(PM10),500,1289,1551,446,501,94,,92,92,6,12,5,6,0.4,0.4
2025-05-09T1900,1450A,102.8204,24.8886,昆明市,呈贡新区,,48,39,48,24,24,152,,145,145,14,26,7,7,0.4,0.5
2025-05-09T1900,1451A,102.6251,24.9608,昆明市,西山森林公园,,,,,,,,,,,,,,,,
2025-05-09T1900,1452A,102.7252,25.0902,昆明市,龙泉镇,,49,39,29,26,21,154,,146,146,14,21,9,9,0.4,0.3
2025-05-09T1900,1453A,102.7266,25.0375,昆明市,东风东路,,50,44,35,28,22,157,,146,146,17,17,8,10,0.5,0.4
2025-05-09T1900,1454A,102.6742,25.0669,昆明市,金鼎山,颗粒物(PM10),51,51,33,19,20,151,,143,143,15,17,2,2,0.6,0.5
2025-05-09T1900,1455A,102.6644,25.0401,昆明市,碧鸡广场,,45,34,33,13,18,144,,136,136,19,18,7,7,0.4,0.3
2025-05-09T1900,3179A,102.7494,25.0119,昆明市,官渡区博物馆,,50,46,35,26,20,160,,149,149,11,22,7,8,0.4,0.4
2025-05-09T1900,3375A,102.8017,24.8336,昆明市,青年创业园,,50,31,39,28,23,157,,150,150,10,22,10,10,0.2,0.3
2025-05-09T1900,3550A,102.7997,24.9786,昆明市,昆明学院,,49,46,59,24,24,156,,146,146,12,25,5,7,0.3,0.3
2025-05-09T1900,3551A,102.5967,24.6736,昆明市,晋宁区生态环境分局,,47,39,39,24,27,148,,158,158,12,19,11,11,0.5,0.5
2025-05-09T1900,3552A,102.6678,24.9856,昆明市,云天化总部,,47,30,37,11,20,148,,140,140,14,32,7,8,0.4,0.5
2025-05-09T1900,1456A,91.1319,29.6514,拉萨市,八廓街,,47,31,36,9,15,150,,138,138,6,16,7,10,0.3,0.3
2025-05-09T1900,1457A,91.1221,29.6747,拉萨市,市环保局,,43,24,40,7,16,137,,130,130,9,18,4,6,0.4,0.5
2025-05-09T1900,1458A,91.0874,29.6475,拉萨市,区监测站,,46,27,34,9,14,146,,134,134,11,29,6,8,0.4,0.5
2025-05-09T1900,1459A,91.1774,29.6541,拉萨市,西藏大学,,43,29,37,11,13,137,,129,129,9,13,6,9,0.4,0.3
2025-05-09T1900,1460A,90.9798,29.6588,拉萨市,区辐射站,,45,24,38,11,16,143,,126,126,7,20,5,6,0.3,0.3
2025-05-09T1900,1461A,91.0834,29.6292,拉萨市,拉萨火车站,,45,24,33,10,14,141,,127,127,8,20,4,4,0.3,0.4
2025-05-09T1900,2520A,109.2203,23.7256,来宾市,来宾技工学校,,37,27,31,17,17,117,,112,112,7,8,6,12,0.5,0.5
2025-05-09T1900,3535A,109.1781,23.7297,来宾市,兴宾区政府,,34,19,25,11,16,108,,105,105,8,8,4,5,0.6,0.5
2025-05-09T1900,4002A,109.2416,23.7461,来宾市,中南小学,,36,24,31,8,12,114,,110,110,8,8,6,7,0.5,0.5
2025-05-09T1900,1477A,104.1373,35.9454,兰州市,榆中兰大校区,,,,,,,,,,,,,,,,
2025-05-09T1900,1479A,103.831,36.0464,兰州市,铁路设计院,,37,37,52,23,24,115,,107,107,14,34,10,9,0.4,0.5
2025-05-09T1900,3241A,103.7439,36.0842,兰州市,百合公园,,35,26,51,10,19,109,,106,106,2,24,3,5,0.2,0.4
2025-05-09T1900,3242A,103.9611,35.998,兰州市,和平,,36,29,88,12,27,113,,109,109,5,19,6,7,0.4,0.6
2025-05-09T1900,4236A,103.6293,36.0938,兰州市,庄浪东路808号,,39,39,65,20,26,112,,113,113,12,26,8,12,0.3,0.4
2025-05-09T1900,4237A,103.7251,36.1043,兰州市,安宁西路88号,,44,44,71,23,34,123,,121,121,2,18,5,7,0.3,0.3
2025-05-09T1900,4238A,103.8470,36.0676,兰州市,北滨河东路1号,,40,40,54,17,21,118,,115,115,13,32,10,8,0.5,0.6
2025-05-09T1900,3245A,103.6633,36.533,兰州新区,新区管委会,,39,28,50,20,29,123,,116,116,5,10,4,5,0.3,0.3
2025-05-09T1900,3246A,103.6975,36.4789,兰州新区,舟曲中学,,39,32,52,12,18,122,,119,119,9,12,4,5,0.4,0.4
2025-05-09T1900,1067A,116.6708,39.5111,廊坊市,药材公司,,25,15,52,7,28,80,,80,80,12,15,1,2,0.4,0.6
2025-05-09T1900,1068A,116.7214,39.5589,廊坊市,开发区,,25,6,51,3,24,80,,80,80,15,19,1,2,0.2,0.4
2025-05-09T1900,1070A,116.7244,39.5269,廊坊市,北华航天学院,,25,14,62,3,29,80,,77,77,15,18,2,4,0.2,0.5
2025-05-09T1900,2919A,116.7022,39.5453,廊坊市,河北工业大学,,29,29,63,9,27,78,,80,80,11,15,2,3,0.2,0.5
2025-05-09T1900,2535A,103.7723,29.5462,乐山市,花湖湾,颗粒物(PM10),83,115,69,54,42,91,,76,76,17,19,2,4,0.5,0.7
2025-05-09T1900,2536A,103.7627,29.5844,乐山市,牛耳桥,颗粒物(PM10),116,181,90,42,38,60,,66,66,34,30,9,7,0.6,0.7
2025-05-09T1900,2537A,103.7508,29.6006,乐山市,市第三水厂,颗粒物(PM10),113,176,98,40,41,63,,68,68,35,32,6,5,0.7,0.8
2025-05-09T1900,2538A,103.7571,29.5664,乐山市,市监测站,颗粒物(PM10),113,175,88,43,40,59,,68,68,31,23,9,7,0.7,0.8
2025-05-09T1900,3361A,103.7311,29.5628,乐山市,理工大学,颗粒物(PM10),95,139,76,49,40,48,,64,64,38,24,11,6,0.6,0.7
2025-05-09T1900,2598A,100.2143,26.8576,丽江市,西南郊,,40,33,25,7,11,127,,119,119,5,4,6,5,0.7,0.7
2025-05-09T1900,2599A,100.2497,26.8802,丽江市,丽江古城,,39,35,23,17,12,123,,116,116,11,9,10,9,0.5,0.5
2025-05-09T1900,2600A,100.2203,26.8906,丽江市,市中心,,37,29,21,14,10,118,,111,111,5,4,8,7,0.5,0.5
2025-05-09T1900,1267A,119.914,28.4514,丽水市,监测站大楼,,39,39,28,15,11,44,,39,39,24,19,3,3,0.7,0.5
2025-05-09T1900,1268A,119.93,28.4586,丽水市,莲都小学,,25,25,30,10,10,53,,40,40,18,18,3,3,0.5,0.4
2025-05-09T1900,1269A,119.879,28.4231,丽水市,余庄前,,23,23,32,10,14,9,,24,24,15,19,3,4,0.7,0.6
2025-05-09T1900,1173A,119.176,34.5885,连云港市,市环境监测站,,31,12,11,3,6,97,,113,106,13,10,5,4,0.4,0.3
2025-05-09T1900,3000A,119.3581,34.6972,连云港市,德源药业,,29,6,9,3,5,91,,113,105,9,3,9,8,0.4,0.3
2025-05-09T1900,3007A,119.178,34.844,连云港市,新城一中,,28,14,29,3,7,88,,113,104,19,7,6,5,0.4,0.4
2025-05-09T1900,3008A,119.3608,34.7519,连云港市,胡沟管理处,,28,6,11,3,4,88,,116,104,12,9,6,6,0.6,0.5
2025-05-09T1900,3009A,119.1478,34.5911,连云港市,矿山设计院,,31,9,12,3,7,97,,113,106,12,7,6,6,0.4,0.4
2025-05-09T1900,3434A,119.2413,34.6539,连云港市,工贸学校,,33,7,12,6,6,104,,116,109,10,8,7,7,0.4,0.3
2025-05-09T1900,3664A,119.4172,34.7341,连云港市,连云街道,,35,9,15,3,6,111,,116,108,10,11,6,6,0.4,0.4
2025-05-09T1900,2571A,102.3431,27.8099,凉山彝族自治州,青龙寺,,37,20,22,8,5,116,,111,111,2,6,3,4,0.6,0.6
2025-05-09T1900,2572A,102.2721,27.8415,凉山彝族自治州,邛海宾馆,,37,37,26,17,16,106,,105,105,9,16,6,9,0.6,0.7
2025-05-09T1900,2573A,102.2625,27.898,凉山彝族自治州,西昌市政府,,32,25,22,10,13,100,,106,106,10,11,9,10,0.5,0.6
2025-05-09T1900,2574A,102.2685,27.8851,凉山彝族自治州,凉山州政府,,33,30,19,17,13,103,,105,105,9,13,6,7,1.0,1
2025-05-09T1900,4229A,102.2342,27.8859,凉山彝族自治州,凯乐南路30号,,40,40,34,23,16,78,,91,91,22,24,6,13,0.9,0.9
2025-05-09T1900,2212A,123.2,41.1953,辽阳市,宏伟区,细颗粒物(PM2.5),87,,62,64,24,76,,111,103,21,10,9,11,0.6,0.5
2025-05-09T1900,2213A,123.1683,41.2495,辽阳市,新华园,细颗粒物(PM2.5),70,83,71,51,28,72,,98,94,21,12,8,9,0.6,0.5
2025-05-09T1900,2214A,123.2354,41.2639,辽阳市,滨河路,细颗粒物(PM2.5),60,50,65,43,23,69,,104,97,26,16,8,9,0.5,0.3
2025-05-09T1900,2215A,123.149,41.2991,辽阳市,铁西工业园,,48,48,70,32,24,57,,88,84,25,14,8,10,0.5,0.4
2025-05-09T1900,2227A,125.1358,42.8845,辽源市,环保局,,40,40,45,28,17,87,,103,85,24,14,6,7,0.6,0.5
2025-05-09T1900,3239A,125.0764,42.9078,辽源市,银鹰制药,,32,32,40,20,17,95,,108,88,12,11,5,6,0.5,0.4
2025-05-09T1900,1625A,115.9848,36.4372,聊城市,区政府,,30,12,32,3,15,95,,92,91,9,9,4,5,0.6,0.7
2025-05-09T1900,2878A,116.0072,36.4343,聊城市,聊大东校,颗粒物(PM10),56,61,34,13,26,94,,90,89,7,7,4,5,0.2,0.4
2025-05-09T1900,3200A,115.9819,36.4978,聊城市,监控中心,,28,,31,3,14,89,,92,90,9,11,5,6,0.3,0.4
2025-05-09T1900,3513A,116.0445,36.4361,聊城市,九州社区,,33,10,36,3,16,104,,102,102,7,8,3,3,0.3,0.4
2025-05-09T1900,4018A,116.0567,36.4608,聊城市,星美广场,,29,12,34,3,13,92,,92,92,9,9,8,8,0.5,0.6
2025-05-09T1900,2632A,94.3681,29.6376,林芝市,林芝监测站,,50,50,24,16,11,97,,101,101,5,6,5,5,0.2,0.2
2025-05-09T1900,2633A,94.3616,29.6616,林芝市,林芝人民医院,,41,41,28,20,12,100,,98,98,2,3,5,5,0.3,0.3
2025-05-09T1900,2603A,100.0781,23.8982,临沧市,市环保局,,,,39,30,28,125,,120,120,8,10,11,7,0.4,0.5
2025-05-09T1900,2604A,100.0894,23.8822,临沧市,市气象局,,42,31,32,23,26,132,,132,132,11,12,7,7,0.6,0.6
2025-05-09T1900,1733A,111.5531,36.0783,临汾市,临钢医院,,32,29,72,6,13,101,,89,89,6,11,4,5,0.3,0.4
2025-05-09T1900,1734A,111.5028,36.0714,临汾市,技工学校,,32,31,67,15,21,101,,93,93,5,8,6,6,0.4,0.4
2025-05-09T1900,1736A,111.5018,36.0855,临汾市,市委,,,,83,,14,,,87,,,8,,6,,0.9
2025-05-09T1900,3018A,111.505,36.1014,临汾市,唐尧大酒店,,37,37,78,9,15,102,,94,94,7,10,3,4,0.3,0.3
2025-05-09T1900,4244A,111.4879,36.0530,临汾市,启星学校,,32,32,62,19,20,101,,89,89,4,10,5,6,0.5,0.5
2025-05-09T1900,4271A,103.2464,35.6123,临夏回族自治州,滨河东路1号,细颗粒物(PM2.5),132,,75,100,51,122,,118,118,4,14,6,5,0.4,0.4
2025-05-09T1900,4310A,103.2093,35.5995,临夏回族自治州,新华街21号,颗粒物(PM10),62,73,60,15,21,118,,106,106,8,18,6,4,0.3,0.4
2025-05-09T1900,1618A,118.3429,35.0532,临沂市,沂河小区,,34,34,17,14,8,78,,97,82,15,8,7,7,0.3,0.3
2025-05-09T1900,1619A,118.295,35.0583,临沂市,鲁南制药厂,,27,17,10,6,13,85,,107,90,21,13,5,4,0.6,0.6
2025-05-09T1900,1620A,118.2794,34.9976,临沂市,新光毛纺厂,,29,,12,13,13,91,,99,90,20,16,8,5,0.3,0.3
2025-05-09T1900,1621A,118.3956,35.0888,临沂市,河东保险公司,,26,7,12,3,6,83,,104,85,12,8,4,4,0.3,0.4
2025-05-09T1900,3370A,118.3564,35.0215,临沂市,十里堡居委,,29,9,8,9,9,91,,109,95,21,15,1,1,0.5,0.5
2025-05-09T1900,3496A,118.3604,35.1084,临沂市,南坊新区,,27,12,15,3,7,85,,96,85,15,11,5,5,0.4,0.3
2025-05-09T1900,3860A,118.3920,35.0300,临沂市,皇山花园小区,,27,12,13,12,13,86,,101,91,19,15,8,6,0.5,0.6
2025-05-09T1900,1870A,109.4856,24.3895,柳州市,柳东小学,,30,20,20,12,13,96,,98,98,5,5,9,12,0.5,0.5
2025-05-09T1900,1871A,109.4157,24.3277,柳州市,环保监测站,,34,28,24,14,12,107,,100,100,10,12,11,6,0.6,0.7
2025-05-09T1900,1872A,109.389,24.341,柳州市,河西水厂,,,20,26,14,15,100,,95,95,5,8,4,5,,0.7
2025-05-09T1900,1873A,109.4311,24.2921,柳州市,市四中,,34,34,23,14,13,106,,100,100,11,12,8,9,0.5,0.7
2025-05-09T1900,1874A,109.4006,24.3631,柳州市,市九中,,30,26,25,3,11,94,,92,92,5,10,7,9,0.5,0.7
2025-05-09T1900,1875A,109.4958,24.3134,柳州市,古亭山,,,,26,,12,91,,97,97,7,6,6,7,0.8,0.8
2025-05-09T1900,3402A,109.5422,24.3996,柳州市,市二中,,33,33,21,12,12,100,,99,99,11,8,10,11,0.6,0.6
2025-05-09T1900,2307A,116.5079,31.737,六安市,监测大楼,细颗粒物(PM2.5),62,65,25,44,13,124,,114,114,10,7,1,1,0.4,0.4
2025-05-09T1900,2308A,116.4738,31.7643,六安市,皖西学院,颗粒物(PM10),65,79,29,33,14,128,,123,123,10,7,5,4,0.3,0.4
2025-05-09T1900,2309A,116.4996,31.7905,六安市,朝阳厂,颗粒物(PM10),56,61,22,22,13,110,,107,107,14,10,4,4,0.3,0.3
2025-05-09T1900,2310A,116.5567,31.7886,六安市,开发区,颗粒物(PM10),63,76,32,31,15,112,,112,112,16,8,4,4,0.4,0.4
2025-05-09T1900,2576A,104.8,26.5892,六盘水市,窑上,,37,37,30,18,14,99,,102,102,8,7,5,6,0.3,0.4
2025-05-09T1900,2577A,104.83,26.5917,六盘水市,黄土坡,,42,42,27,13,13,113,,115,115,12,13,9,10,0.3,0.3
2025-05-09T1900,2578A,104.89,26.5939,六盘水市,水钢,,45,45,39,10,15,119,,116,116,6,22,9,13,0.2,1
2025-05-09T1900,2579A,104.8475,26.5894,六盘水市,民中,,36,26,22,17,10,113,,112,112,8,12,8,10,0.3,0.4
2025-05-09T1900,2580A,104.9544,26.5506,六盘水市,双水,,39,39,29,11,9,112,,112,112,12,17,9,11,0.5,0.7
2025-05-09T1900,2335A,117.0189,25.1181,龙岩市,龙岩师专,,,,,,,,,,,,,,,,
2025-05-09T1900,2336A,117.0217,25.1033,龙岩市,龙岩市监测站,,24,17,14,3,9,75,,86,86,22,12,5,4,0.8,0.5
2025-05-09T1900,2337A,117.0258,25.0661,龙岩市,闽西职业技术学院,,22,22,16,3,7,64,,74,74,16,10,4,6,0.6,0.4
2025-05-09T1900,2338A,117.0196,25.0306,龙岩市,龙岩学院,,19,17,16,3,6,58,,76,76,7,6,6,6,0.4,0.4
2025-05-09T1900,2665A,105.0822,33.3261,陇南市,汉王镇固水子,,,,,,,,,,,,,,,,
2025-05-09T1900,2885A,104.9339,33.3826,陇南市,滨江中学,颗粒物(PM10),65,80,85,32,26,118,,117,117,3,6,9,10,0.4,0.3
2025-05-09T1900,3247A,104.955,33.371,陇南市,市总工会,,,75,78,24,19,125,,123,123,3,4,,8,0.3,0.2
2025-05-09T1900,2487A,111.9589,27.8901,娄底市,电视发射台,颗粒物(PM10),59,67,34,25,12,73,,107,105,3,2,4,5,0.2,0.2
2025-05-09T1900,2488A,111.9975,27.725,娄底市,市监测站,颗粒物(PM10),55,59,33,26,18,115,,117,117,10,12,7,8,0.4,0.5
2025-05-09T1900,2489A,112.0194,27.7314,娄底市,市委党校,颗粒物(PM10),58,65,29,33,15,111,,108,108,2,4,4,4,0.2,0.2
2025-05-09T1900,2490A,111.9561,27.7569,娄底市,涟钢,颗粒物(PM10),60,69,38,36,16,106,,108,108,12,12,11,11,0.3,0.4
2025-05-09T1900,2491A,111.9892,27.7044,娄底市,市政府,,46,46,29,29,15,120,,118,118,2,4,5,5,0.5,0.5
2025-05-09T1900,1893A,105.4324,28.9634,泸州市,九狮山,,,,,,,,,,,,,,,,
2025-05-09T1900,1894A,105.4427,28.9063,泸州市,小市上码头,颗粒物(PM10),56,62,50,29,29,130,,126,126,10,17,3,9,0.5,0.7
2025-05-09T1900,1895A,105.4241,28.8573,泸州市,兰田宪桥,颗粒物(PM10),58,65,47,28,33,120,,117,117,14,17,9,9,0.7,0.7
2025-05-09T1900,1896A,105.4379,28.8833,泸州市,市环监站,,,,,,,,,,,,,,,,
2025-05-09T1900,4272A,105.3689,28.7783,泸州市,纳溪中医医院,颗粒物(PM10),54,57,48,21,33,121,,114,114,15,25,7,7,0.3,0.5
2025-05-09T1900,2183A,111.1406,37.5211,吕梁市,环保局,,40,,42,28,21,98,,95,95,6,12,3,4,0.4,0.4
2025-05-09T1900,2185A,111.1297,37.5136,吕梁市,自来水公司,,35,,37,24,17,94,,92,92,9,12,4,4,0.6,0.6
2025-05-09T1900,2867A,111.1283,37.51,吕梁市,马茂庄小学,,32,,45,22,18,97,,94,94,8,18,4,6,0.3,0.4
2025-05-09T1900,1812A,112.3931,34.6516,洛阳市,市委党校,颗粒物(PM10),58,66,106,8,28,96,,97,97,9,10,3,4,0.4,0.5
2025-05-09T1900,1815A,112.494,34.6886,洛阳市,河南林校,颗粒物(PM10),82,114,149,15,32,93,,94,94,5,9,4,6,0.3,0.5
2025-05-09T1900,1816A,112.3844,34.623,洛阳市,开发区管委会,颗粒物(PM10),53,56,99,13,31,95,,96,96,8,8,4,5,0.3,0.4
2025-05-09T1900,1817A,112.4267,34.6258,洛阳市,市委新办公区,,50,50,102,9,28,98,,99,99,8,9,4,4,0.2,0.3
2025-05-09T1900,3340A,112.6005,34.6326,洛阳市,伊滨,颗粒物(PM10),108,166,148,15,32,101,,104,104,7,10,4,5,0.3,0.4
2025-05-09T1900,3341A,112.4951,34.6332,洛阳市,中移产业园,,30,,157,12,30,96,,100,100,8,8,4,5,0.3,0.5
2025-05-09T1900,3593A,112.5736,34.8993,洛阳市,吉利监测站,颗粒物(PM10),70,90,116,8,29,95,,99,99,8,10,6,6,0.4,0.5
2025-05-09T1900,3635A,112.3677,34.662,洛阳市,河科大西苑校区,颗粒物(PM10),67,84,114,7,25,99,,98,98,10,10,5,6,0.3,0.4
2025-05-09T1900,3636A,112.4388,34.6781,洛阳市,英才小学,颗粒物(PM10),83,116,118,3,30,100,,102,102,11,12,3,4,0.3,0.4
2025-05-09T1900,4214A,112.4600,34.6949,洛阳市,春都路1号院,颗粒物(PM10),79,107,131,3,28,102,,103,103,5,8,2,3,0.2,0.3
2025-05-09T1900,2399A,114.051,33.5699,漯河市,三五一五工厂,颗粒物(PM10),81,112,137,32,46,109,,113,113,5,8,4,5,0.3,0.5
2025-05-09T1900,2400A,114.0055,33.5698,漯河市,漯河大学,颗粒物(PM10),93,135,139,27,49,109,,113,113,4,8,4,5,0.3,0.5
2025-05-09T1900,2401A,114.0138,33.5828,漯河市,市水利局,颗粒物(PM10),102,153,165,22,49,102,,108,108,9,10,3,4,0.2,0.4
2025-05-09T1900,2402A,114.0261,33.5698,漯河市,市广电局,颗粒物(PM10),84,117,125,23,45,106,,110,110,4,7,2,2,0.3,0.5
2025-05-09T1900,3478A,113.9749,33.5664,漯河市,市图书馆,颗粒物(PM10),73,95,144,19,47,105,,110,109,10,13,3,4,0.3,0.4
2025-05-09T1900,4250A,114.0892,33.5882,漯河市,韶山路11号,颗粒物(PM10),79,108,143,20,50,108,,113,113,10,13,3,4,0.3,0.4
2025-05-09T1900,1798A,118.5092,31.6837,马鞍山市,湖东路四小,,44,44,19,17,10,118,,114,114,10,8,5,6,0.6,0.7
2025-05-09T1900,1799A,118.5024,31.6449,马鞍山市,开发区,,42,42,17,23,9,113,,113,113,14,12,7,6,0.5,0.6
2025-05-09T1900,1802A,118.6245,31.7241,马鞍山市,濮塘,,37,37,17,19,8,118,,118,118,7,5,8,8,0.7,0.8
2025-05-09T1900,3633A,118.4918,31.6809,马鞍山市,雨山,,42,42,14,18,8,118,,114,114,11,8,6,5,0.6,0.7
2025-05-09T1900,4191A,118.5274,31.72227,马鞍山市,慈湖高新区,,40,40,16,9,19,106,,106,106,18,14,7,8,0.5,0.7
2025-05-09T1900,1686A,111.0286,21.4688,茂名市,电白南海,,27,22,17,14,13,84,,95,94,18,7,4,2,1.0,0.8
2025-05-09T1900,1687A,110.9294,21.6533,茂名市,茂石化七小,,29,29,18,14,8,72,,85,81,14,11,4,4,0.5,0.4
2025-05-09T1900,1688A,110.9107,21.6687,茂名市,健康路,,27,27,16,12,10,75,,88,84,10,5,3,4,1.0,0.8
2025-05-09T1900,1689A,110.8592,21.6828,茂名市,高岭,,41,41,22,9,4,48,,83,75,24,12,11,5,0.7,0.6
2025-05-09T1900,3450A,111.01,21.5165,茂名市,电白水东,,,,11,,4,79,,87,86,12,9,2,3,0.7,0.6
2025-05-09T1900,2539A,104.0308,30.0478,眉山市,黑龙滩水库,颗粒物(PM10),112,174,115,31,24,97,,116,116,12,7,1,3,0.4,0.4
2025-05-09T1900,2540A,103.8416,30.0874,眉山市,气象局,颗粒物(PM10),156,261,162,66,48,91,,118,118,26,25,2,2,0.3,0.3
2025-05-09T1900,3137A,103.8578,30.0744,眉山市,市委党校,颗粒物(PM10),140,229,167,48,42,89,,113,113,26,22,9,7,0.2,0.2
2025-05-09T1900,3148A,103.8291,30.0564,眉山市,区人社局,颗粒物(PM10),105,160,115,61,44,74,,110,109,33,26,9,8,,0.4
2025-05-09T1900,1690A,116.1231,24.3284,梅州市,梅江月梅,,22,20,23,11,14,68,,70,70,14,11,5,6,0.7,0.7
2025-05-09T1900,1691A,116.0797,24.2719,梅州市,梅县新城,,27,27,19,7,14,80,,78,78,16,14,6,6,0.6,0.6
2025-05-09T1900,1692A,116.1248,24.2654,梅州市,环境监控中心,,,17,28,9,14,87,,81,81,16,23,10,7,,0.8
2025-05-09T1900,3315A,116.1233,24.2991,梅州市,梅龙,,25,22,21,7,11,79,,80,80,11,11,7,8,0.4,0.4
2025-05-09T1900,1878A,104.7778,31.4741,绵阳市,富乐山,颗粒物(PM10),263,394,247,98,62,102,,103,103,17,13,7,7,0.3,0.4
2025-05-09T1900,1880A,104.6697,31.4668,绵阳市,高新区自来水公司,颗粒物(PM10),358,466,248,102,60,102,,105,105,22,26,3,3,0.4,0.4
2025-05-09T1900,1881A,104.7287,31.5075,绵阳市,三水厂,颗粒物(PM10),307,425,229,109,58,100,,107,107,25,25,7,7,0.4,0.4
2025-05-09T1900,3491A,104.69,31.5322,绵阳市,西科大附属小学,颗粒物(PM10),383,486,243,113,58,107,,110,110,23,22,7,6,0.5,0.5
2025-05-09T1900,3492A,104.5648,31.5343,绵阳市,安州区旅游局,颗粒物(PM10),347,457,237,92,53,109,,112,112,16,15,2,5,0.3,0.3
2025-05-09T1900,4226A,104.7651,31.4531,绵阳市,绵阳市气象局,颗粒物(PM10),309,427,289,112,71,102,,97,97,22,16,3,3,0.4,0.4
2025-05-09T1900,1784A,129.61,44.561,牡丹江市,环保大楼,,38,38,35,21,25,79,,100,97,14,14,7,6,0.4,0.3
2025-05-09T1900,1785A,129.6115,44.5782,牡丹江市,文化广场,,40,40,44,27,29,76,,95,93,18,18,11,10,0.5,0.5
2025-05-09T1900,1786A,129.5904,44.5963,牡丹江市,第一医院,,36,36,37,25,25,82,,98,97,10,11,7,7,0.7,0.7
2025-05-09T1900,1787A,129.6364,44.6075,牡丹江市,机车工厂,,42,42,44,17,24,80,,96,94,7,15,7,6,0.4,0.5
2025-05-09T1900,1788A,129.6386,44.5462,牡丹江市,第一中学,,39,39,39,20,22,82,,107,103,12,15,5,5,0.4,0.4
2025-05-09T1900,2531A,105.0703,29.61,内江市,市监测站,颗粒物(PM10),90,129,78,63,41,81,,91,91,25,14,16,14,0.5,0.5
2025-05-09T1900,2532A,105.0717,29.5947,内江市,东兴区政府,颗粒物(PM10),93,135,76,48,33,93,,90,90,19,14,18,14,0.4,0.4
2025-05-09T1900,2533A,105.0653,29.5817,内江市,内江二中,颗粒物(PM10),99,148,87,55,40,94,,90,90,17,19,11,7,0.4,0.5
2025-05-09T1900,2534A,105.0406,29.5822,内江市,内江日报社,颗粒物(PM10),98,146,80,60,46,86,,82,82,13,15,7,4,0.3,0.4
2025-05-09T1900,2628A,92.0657,31.4846,那曲市,那曲监测站,,43,43,61,15,33,114,,110,110,12,25,8,8,0.3,0.7
2025-05-09T1900,4243A,92.0515,31.4787,那曲市,那曲市委宣传部,,37,35,54,18,24,116,,116,116,12,17,4,6,0.3,0.6
2025-05-09T1900,1290A,115.8931,28.6843,南昌市,省外办,,50,50,27,34,16,108,,111,111,22,17,4,5,0.4,0.5
2025-05-09T1900,1291A,115.8886,28.7003,南昌市,省林业公司,颗粒物(PM10),51,51,17,29,11,99,,110,104,2,8,7,7,0.7,0.7
2025-05-09T1900,1292A,115.8126,28.7442,南昌市,林科所,,41,41,16,19,10,98,,110,110,16,12,3,3,0.6,0.5
2025-05-09T1900,1294A,115.8518,28.687,南昌市,建工学校,颗粒物(PM10),58,65,23,36,15,114,,116,116,13,14,4,4,0.5,0.6
2025-05-09T1900,1295A,115.8921,28.6424,南昌市,象湖,颗粒物(PM10),52,54,27,24,9,120,,121,121,12,11,7,7,0.6,0.6
2025-05-09T1900,1296A,115.7423,28.7996,南昌市,武术学校,细颗粒物(PM2.5),55,,23,39,15,51,,101,93,4,6,5,6,0.5,0.6
2025-05-09T1900,3046A,115.9084,28.6062,南昌市,机电学校,颗粒物(PM10),52,54,26,27,11,116,,120,120,17,8,4,3,0.4,0.5
2025-05-09T1900,3690A,115.9721,28.7031,南昌市,外国语学校,颗粒物(PM10),53,56,23,22,11,119,,120,120,9,13,7,7,0.3,0.4
2025-05-09T1900,4192A,115.9316,28.68677,南昌市,南京东路235号,颗粒物(PM10),58,66,27,24,10,116,,119,119,12,13,10,9,0.7,0.8
2025-05-09T1900,1905A,106.056,30.8064,南充市,西山风景区,,,,,,,,,,,,,,,,
2025-05-09T1900,1906A,106.0789,30.8023,南充市,南充市委,颗粒物(PM10),150,249,110,68,36,102,,106,106,17,11,4,4,0.2,0.3
2025-05-09T1900,1907A,106.1031,30.8217,南充市,南充炼油厂,颗粒物(PM10),141,232,123,64,40,102,,100,100,11,10,4,4,0.1,0.2
2025-05-09T1900,4227A,106.1083,30.7884,南充市,梨树横街98号,颗粒物(PM10),147,244,114,56,35,106,,99,99,10,11,3,3,0.2,0.2
2025-05-09T1900,4304A,106.1172,30.843,南充市,清泉寺北路188号,颗粒物(PM10),136,222,110,71,36,106,,101,101,9,9,4,4,0.1,0.2
2025-05-09T1900,4305A,106.067,30.7616,南充市,同庆路1号,颗粒物(PM10),146,241,124,66,38,90,,96,96,20,13,3,4,0.3,0.2
2025-05-09T1900,1151A,118.8086,32.1065,南京市,迈皋桥,,33,29,19,17,7,104,,110,110,2,6,4,4,0.1,0.2
2025-05-09T1900,1152A,118.7538,32.0551,南京市,草场门,,39,39,13,17,10,104,,109,109,12,12,3,3,0.1,0.2
2025-05-09T1900,1153A,118.7794,32.0745,南京市,山西路,,39,39,21,12,6,108,,114,114,22,17,4,4,0.2,0.2
2025-05-09T1900,1154A,118.7752,32.0023,南京市,中华门,,46,46,15,17,6,94,,102,102,17,11,5,5,0.4,0.4
2025-05-09T1900,1155A,118.8109,32.0309,南京市,瑞金路,,36,36,14,19,7,100,,104,104,2,13,6,6,0.5,0.5
2025-05-09T1900,1156A,118.7997,32.0754,南京市,玄武湖,,34,34,15,10,4,100,,103,103,5,6,4,4,0.5,0.5
2025-05-09T1900,1157A,118.6414,32.0931,南京市,浦口,,41,41,15,15,3,110,,118,118,13,12,5,5,0.6,0.6
2025-05-09T1900,1158A,118.7356,31.9996,南京市,奥体中心,,36,36,14,19,7,108,,115,115,14,11,2,3,0.3,0.3
2025-05-09T1900,1159A,118.9125,32.1028,南京市,仙林大学城,,36,36,15,17,6,106,,112,112,13,10,9,10,0.4,0.4
2025-05-09T1900,3422A,118.8436,31.9198,南京市,江宁彩虹桥,,35,34,12,19,7,110,,115,115,11,9,3,4,0.4,0.4
2025-05-09T1900,3427A,118.8554,32.3578,南京市,六合雄州,,33,19,16,16,11,104,,108,108,19,16,5,5,0.4,0.4
2025-05-09T1900,4249A,118.8708,31.3402,南京市,汶溪路181号,,36,36,14,19,8,113,,114,114,19,14,3,2,0.3,0.4
2025-05-09T1900,4312A,119.019,31.6512,南京市,中山西路1号,,34,31,11,13,7,107,,113,113,13,8,5,4,0.5,0.6
2025-05-09T1900,1401A,108.3103,22.7881,南宁市,二十一中,,35,22,21,12,12,110,,117,117,12,10,2,2,0.7,0.7
2025-05-09T1900,1402A,108.3141,22.8528,南宁市,北湖,,38,38,23,19,14,108,,116,116,8,6,6,5,0.6,0.5
2025-05-09T1900,1403A,108.3206,22.8225,南宁市,市监测站,,31,23,23,10,14,97,,107,107,12,7,4,4,0.5,0.4
2025-05-09T1900,1404A,108.3829,22.8037,南宁市,大自然花园,,38,31,18,13,13,119,,124,124,8,5,5,5,0.5,0.4
2025-05-09T1900,1405A,108.4394,22.7904,南宁市,仙葫,,33,21,23,14,14,104,,108,108,6,5,6,5,0.6,0.6
2025-05-09T1900,1406A,108.2397,22.8467,南宁市,区农职院,,34,,25,18,17,106,,121,120,11,9,4,4,0.7,0.7
2025-05-09T1900,1407A,108.3275,22.735,南宁市,英华嘉园,,37,18,21,11,12,118,,123,123,9,9,7,7,0.5,0.4
2025-05-09T1900,3401A,108.4834,22.7618,南宁市,红星社区,,41,,20,26,14,129,,130,130,7,5,8,8,0.5,0.5
2025-05-09T1900,4221A,108.2177,22.7774,南宁市,乐贤路16号,,,28,27,14,18,101,,118,118,,10,,4,0.5,0.5
2025-05-09T1900,2331A,118.0966,26.6761,南平市,茫荡山,,,,,,,,,,,,,,,,
2025-05-09T1900,2332A,118.1681,26.6369,南平市,南平市监测站,,17,16,22,11,15,53,,70,68,12,15,5,4,0.7,0.7
2025-05-09T1900,2333A,118.1825,26.6489,南平市,南平铝业有限公司,,20,,22,14,10,55,,68,67,12,13,4,5,0.7,0.7
2025-05-09T1900,2334A,118.1756,26.6272,南平市,南平七中,,25,25,22,10,13,46,,68,65,11,12,5,4,0.8,0.6
2025-05-09T1900,1168A,120.9098,31.9663,南通市,狼山街道,,34,13,10,3,6,106,,111,111,13,16,5,4,0.5,0.7
2025-05-09T1900,1169A,120.86,32.0005,南通市,虹桥,,33,16,12,11,9,104,,114,114,15,18,2,2,0.5,0.6
2025-05-09T1900,1170A,120.87,32.02,南通市,城中,,34,18,17,6,5,106,,117,117,14,16,2,2,0.5,0.6
2025-05-09T1900,1171A,120.94,31.93,南通市,星湖花园,,32,18,11,10,8,102,,86,86,16,23,5,3,0.3,0.5
2025-05-09T1900,1172A,120.81,32.0417,南通市,紫琅学院,,30,14,13,6,4,95,,107,107,16,16,4,4,0.4,0.6
2025-05-09T1900,3291A,121.067,32.062,南通市,通州监测站,,33,14,12,3,5,104,,114,114,8,10,4,5,0.5,0.6
2025-05-09T1900,3432A,120.9348,31.9883,南通市,环境教育馆,,,19,19,13,5,112,,119,119,,13,3,3,0.2,0.3
2025-05-09T1900,2404A,112.5224,33.0122,南阳市,瓦房庄,颗粒物(PM10),62,73,116,16,38,107,,109,109,10,10,4,5,0.3,0.5
2025-05-09T1900,2405A,112.5003,32.9735,南阳市,汉画馆,颗粒物(PM10),52,54,104,12,36,109,,110,110,12,12,4,5,0.2,0.4
2025-05-09T1900,2406A,112.5573,33.027,南阳市,气象站,颗粒物(PM10),55,59,116,9,40,102,,106,106,10,9,4,5,0.3,0.3
2025-05-09T1900,2407A,112.5481,32.9689,南阳市,理工学院,颗粒物(PM10),57,64,107,14,38,105,,106,106,9,8,3,4,0.2,0.4
2025-05-09T1900,4008A,112.5234,32.9922,南阳市,卧龙区政府,颗粒物(PM10),61,71,115,18,40,101,,106,106,16,12,4,4,0.2,0.4
2025-05-09T1900,1234A,121.8358,29.911,宁波市,区环保大楼,颗粒物(PM10),52,53,30,21,12,54,,68,58,51,20,9,9,0.7,0.5
2025-05-09T1900,1235A,121.56,29.82,宁波市,万里学院,,,28,24,21,13,73,,70,66,36,19,,4,0.7,0.5
2025-05-09T1900,1236A,121.713,29.9572,宁波市,龙赛医院,,46,46,22,14,11,65,,71,67,36,14,7,6,0.6,0.4
2025-05-09T1900,1239A,121.633,29.7733,宁波市,钱湖水厂,,22,22,18,15,10,65,,62,58,23,12,8,8,0.6,0.5
2025-05-09T1900,1240A,121.5856,29.8635,宁波市,太古小学,,39,39,22,22,11,81,,69,69,29,15,6,6,0.7,0.6
2025-05-09T1900,1241A,121.524,29.8674,宁波市,市环境监测中心,,30,30,24,16,8,73,,63,63,36,22,10,10,1.0,0.8
2025-05-09T1900,2871A,121.6147,29.9017,宁波市,万里国际学校,,30,30,14,19,12,78,,70,61,36,19,9,8,0.9,0.7
2025-05-09T1900,3710A,121.5594,29.8975,宁波市,白沙活动中心,,26,20,14,18,8,83,,68,68,24,13,8,7,0.6,0.5
2025-05-09T1900,2339A,119.5001,26.6946,宁德市,金涵水库,,,,,,,,,,,,,,,,
2025-05-09T1900,2341A,119.5388,26.6612,宁德市,宁德市监测站,,31,31,56,12,27,47,,55,55,27,27,7,6,1.4,0.7
2025-05-09T1900,3209A,119.5231,26.6562,宁德市,宁德一中,,35,35,52,14,31,47,,66,66,22,17,5,3,1.6,0.5
2025-05-09T1900,2618A,98.8601,25.8567,怒江傈僳族自治州,州监测站,,34,27,23,11,14,106,,96,96,10,5,9,8,0.3,0.3
2025-05-09T1900,2619A,98.8546,25.8417,怒江傈僳族自治州,泸水一中,,40,40,28,15,15,84,,76,76,13,11,7,6,0.3,0.3
2025-05-09T1900,1888A,101.6891,26.571,攀枝花市,弄弄坪,,36,,32,23,14,113,,126,126,12,17,4,12,0.5,0.8
2025-05-09T1900,1889A,101.5769,26.5928,攀枝花市,河门口,,37,33,39,18,17,116,,135,134,6,17,6,14,0.4,0.7
2025-05-09T1900,1890A,101.7169,26.585,攀枝花市,炳草岗,,35,30,35,14,15,111,,127,127,18,19,6,8,0.4,0.6
2025-05-09T1900,1891A,101.7369,26.5008,攀枝花市,仁和,,37,29,30,17,16,117,,124,124,11,12,8,12,0.4,0.5
2025-05-09T1900,2835A,101.7227,26.567,攀枝花市,四十中小,,39,28,24,18,12,124,,132,132,9,10,8,12,0.5,0.6
2025-05-09T1900,1604A,122.0303,41.1489,盘锦市,开发区,,36,,37,25,22,87,,92,89,16,15,8,8,0.5,0.4
2025-05-09T1900,1605A,122.0485,41.0883,盘锦市,兴隆台,,30,21,40,21,22,78,,88,85,21,19,7,9,0.6,0.5
2025-05-09T1900,1606A,121.8297,41.1028,盘锦市,新生街道,,32,,28,22,20,80,,96,92,25,17,8,8,0.5,0.5
2025-05-09T1900,1832A,113.3257,33.742,平顶山市,新华旅馆,颗粒物(PM10),80,110,152,27,38,106,,111,111,8,13,4,5,0.3,0.5
2025-05-09T1900,1833A,113.2919,33.737,平顶山市,规划设计院,颗粒物(PM10),68,86,144,25,50,106,,108,108,7,12,5,4,0.3,0.7
2025-05-09T1900,1834A,113.182,33.774,平顶山市,平顶山工学院,颗粒物(PM10),63,76,123,9,44,105,,107,107,5,9,3,4,0.3,0.5
2025-05-09T1900,3204A,113.3025,33.73,平顶山市,规划局,颗粒物(PM10),74,97,147,8,38,102,,105,105,5,10,6,6,0.3,0.5
2025-05-09T1900,3594A,112.8867,33.9116,平顶山市,石龙区,颗粒物(PM10),86,122,154,16,47,109,,108,108,9,14,6,6,0.1,0.3
2025-05-09T1900,2656A,106.6692,35.5461,平凉市,聚贤嘉苑,颗粒物(PM10),56,61,234,19,48,110,,107,107,5,6,7,10,0.1,0
2025-05-09T1900,2657A,106.7021,35.5307,平凉市,博物馆,颗粒物(PM10),59,67,234,17,45,114,,110,110,5,5,8,8,0.2,0.2
2025-05-09T1900,2347A,114.0997,27.5002,萍乡市,武功山,,44,44,16,27,7,98,,115,115,8,6,15,16,0.7,0.6
2025-05-09T1900,2348A,113.8385,27.6434,萍乡市,中医院,,42,42,35,10,18,108,,114,114,5,8,8,12,0.6,1.1
2025-05-09T1900,2349A,113.8493,27.6253,萍乡市,市政府车库,,50,50,25,27,18,106,,113,113,9,12,5,7,0.5,0.7
2025-05-09T1900,2350A,113.8676,27.6435,萍乡市,市环保局,,45,45,30,19,15,113,,116,116,7,10,4,7,0.5,0.8
2025-05-09T1900,2351A,113.866,27.6198,萍乡市,安源区政府,,44,44,28,22,14,102,,103,103,8,11,6,7,0.6,0.7
2025-05-09T1900,2319A,119.0141,25.4325,莆田市,荔城区仓后路,,11,9,43,3,20,35,,51,50,14,20,3,3,0.6,0.6
2025-05-09T1900,2320A,119.0015,25.4553,莆田市,莆田市监测站,,20,20,41,3,14,23,,56,54,8,10,4,4,0.5,0.5
2025-05-09T1900,2321A,119.1119,25.4561,莆田市,涵江区六中,,11,10,41,3,22,27,,61,56,21,20,4,5,0.4,0.4
2025-05-09T1900,2322A,119.1013,25.3215,莆田市,秀屿区政府,,17,17,39,8,18,27,,57,52,16,11,5,6,0.5,0.5
2025-05-09T1900,2323A,118.981,25.4792,莆田市,东圳水库,,,,,,,,,,,,,,,,
2025-05-09T1900,2392A,115.0312,35.7636,濮阳市,环保局,,26,26,39,13,25,76,,104,102,21,13,6,7,0.7,0.7
2025-05-09T1900,2394A,115.0574,35.7609,濮阳市,油田运输公司,,34,34,49,11,22,90,,113,112,25,15,6,7,0.7,0.7
2025-05-09T1900,3021A,115,35.7668,濮阳市,濮水河管理处,,29,26,45,20,27,49,,103,95,19,11,3,4,0.6,0.7
2025-05-09T1900,4216A,115.0924,35.7686,濮阳市,任丘路479号,,38,38,58,17,44,87,,111,110,20,10,5,7,0.6,0.9
2025-05-09T1900,2601A,100.98,22.7633,普洱市,市环保局,颗粒物(PM10),56,62,62,19,30,118,,125,125,8,10,8,8,0.6,0.7
2025-05-09T1900,2602A,100.9817,22.8322,普洱市,普洱第二中学,,39,31,43,25,31,123,,127,127,8,16,7,7,0.5,0.5
2025-05-09T1900,2262A,131.0518,45.8751,七台河市,新一中,,28,25,27,17,20,88,,104,99,10,9,12,13,1.1,1.1
2025-05-09T1900,3345A,131.0577,45.7879,七台河市,中波台,,27,27,26,18,11,65,,79,74,18,13,8,7,0.4,0.4
2025-05-09T1900,3637A,131.0176,45.7761,七台河市,人民广场,,26,26,35,14,21,78,,94,90,13,10,11,11,0.6,0.6
2025-05-09T1900,3684A,130.8781,45.8222,七台河市,新建矿广场,,26,24,40,18,16,68,,84,80,13,14,8,10,0.7,0.6
2025-05-09T1900,1779A,123.9305,47.3636,齐齐哈尔市,安居小区,细颗粒物(PM2.5),57,47,57,40,34,106,,120,119,18,21,3,3,0.4,0.5
2025-05-09T1900,1780A,123.9488,47.3386,齐齐哈尔市,中心广场,,49,49,63,27,31,115,,126,126,22,23,3,3,0.4,0.5
2025-05-09T1900,1781A,123.9483,47.3227,齐齐哈尔市,农牧车辆厂,,44,44,52,21,29,115,,119,119,12,18,4,5,0.4,0.3
2025-05-09T1900,1783A,123.945,47.2988,齐齐哈尔市,市环境监测站,,44,44,51,24,32,123,,127,127,11,16,3,3,0.3,0.4
2025-05-09T1900,3662A,123.6333,47.2075,齐齐哈尔市,富区青少年活动中心,颗粒物(PM10),56,61,51,29,37,107,,120,120,14,14,2,3,0.4,0.5
2025-05-09T1900,2591A,107.9783,26.5747,黔东南苗族侗族自治州,市环境监测站,,33,21,22,15,15,103,,106,106,7,13,3,4,0.4,0.4
2025-05-09T1900,2881A,107.8908,26.5311,黔东南苗族侗族自治州,凯里学院,,34,24,16,15,13,107,,113,113,11,7,2,2,0.2,0.3
2025-05-09T1900,2593A,107.5228,26.2403,黔南布依族苗族自治州,小围寨,,36,22,18,3,8,115,,118,118,4,7,2,4,0.2,0.2
2025-05-09T1900,3538A,107.5175,26.2978,黔南布依族苗族自治州,沙坝,,34,27,24,12,10,106,,119,119,7,8,3,6,0.1,0.2
2025-05-09T1900,2589A,104.9022,25.0925,黔西南布依族苗族自治州,场坝街,,42,22,30,15,21,132,,132,132,6,8,3,5,0.3,0.3
2025-05-09T1900,2590A,104.8811,25.0992,黔西南布依族苗族自治州,坪东大道,,37,22,27,17,17,116,,119,119,9,14,2,5,0.3,0.3
2025-05-09T1900,2502A,108.6236,21.9667,钦州市,市环保站,,39,39,21,7,7,74,,87,82,19,13,3,2,0.9,0.8
2025-05-09T1900,2503A,108.6549,21.9481,钦州市,沙埠小学,颗粒物(PM10),51,51,25,11,15,76,,91,81,16,18,5,6,0.4,0.6
2025-05-09T1900,2504A,108.5989,21.7431,钦州市,港区一小,,,31,34,15,13,52,,73,67,23,16,8,8,,0.6
2025-05-09T1900,3404A,108.5959,21.9633,钦州市,北职校,,34,34,29,16,15,74,,75,72,17,14,6,7,0.9,0.7
2025-05-09T1900,1043A,119.7493,40.0116,秦皇岛市,第一关,,26,,49,18,25,56,,66,61,29,36,3,4,0.3,0.3
2025-05-09T1900,1044A,119.5897,39.9499,秦皇岛市,监测站,,39,39,59,9,22,66,,73,71,14,21,2,3,0.4,0.3
2025-05-09T1900,1046A,119.5251,39.9041,秦皇岛市,建设大厦,,26,22,46,18,25,46,,71,64,34,24,2,2,0.4,0.3
2025-05-09T1900,3132A,119.610547,39.943889,秦皇岛市,文明里,,21,8,53,6,15,65,,77,73,15,22,2,3,0.3,0.2
2025-05-09T1900,4198A,119.5090,39.8253,秦皇岛市,北戴河轮滑馆,,38,38,46,25,22,57,,92,89,26,17,3,3,0.4,0.2
2025-05-09T1900,1307A,120.6659,36.2403,青岛市,仰口,,33,,23,18,17,105,,114,111,4,3,6,6,0.3,0.2
2025-05-09T1900,1310A,120.4134,36.0658,青岛市,市南区东部子站,,29,24,22,14,8,90,,104,95,19,10,7,7,0.4,0.3
2025-05-09T1900,1311A,120.3664,36.1032,青岛市,四方区子站,,30,22,18,9,8,94,,111,103,19,12,5,3,0.6,0.6
2025-05-09T1900,1312A,120.2994,36.054,青岛市,市南区西部子站,,31,17,18,12,8,98,,98,98,15,17,7,7,0.6,0.6
2025-05-09T1900,1313A,120.4581,36.0858,青岛市,崂山区子站,,30,14,19,9,3,94,,116,104,19,10,8,8,0.4,0.3
2025-05-09T1900,1315A,120.3999,36.3083,青岛市,城阳区子站,,29,12,25,12,12,92,,106,96,12,8,4,4,0.4,0.3
2025-05-09T1900,1966A,120.0405,35.8735,青岛市,黄岛区4号,,25,12,22,7,7,80,,111,94,24,15,8,8,0.6,0.5
2025-05-09T1900,3362A,120.5014,36.4034,青岛市,即墨2号,,30,20,25,16,14,93,,104,95,9,5,6,6,0.5,0.5
2025-05-09T1900,3642A,120.3503,36.0736,青岛市,市北区南部,,32,,23,22,7,85,,96,89,15,9,8,7,0.4,0.4
2025-05-09T1900,3643A,120.3948,36.1805,青岛市,李沧区北部,,25,19,15,14,11,79,,97,88,20,13,8,8,0.5,0.4
2025-05-09T1900,4290A,120.1969,35.9546,青岛市,珠江路669号,,22,17,19,15,11,59,,105,82,26,15,6,6,0.5,0.5
2025-05-09T1900,1702A,113.0426,23.691,清远市,环保大楼,,29,,14,12,12,91,,102,99,19,17,5,6,0.8,0.7
2025-05-09T1900,1703A,113.0208,23.7106,清远市,凤城街办,,28,17,20,3,9,87,,86,86,16,18,5,6,0.5,0.5
2025-05-09T1900,3025A,113.0477,23.6344,清远市,技师学院,,28,15,23,7,10,87,,90,90,16,17,6,6,0.4,0.4
2025-05-09T1900,3318A,112.9903,23.7403,清远市,清新太和,,25,14,19,7,10,79,,91,85,11,13,7,8,0.5,0.5
2025-05-09T1900,3455A,113.076,23.7198,清远市,清城东城,,28,18,22,10,8,89,,96,94,8,12,7,7,0.5,0.5
2025-05-09T1900,2661A,107.6325,35.7357,庆阳市,庆阳五中,细颗粒物(PM2.5),68,71,194,49,87,113,,105,105,7,4,2,2,0.5,0.4
2025-05-09T1900,2662A,107.6364,35.7067,庆阳市,市环保局,颗粒物(PM10),60,69,185,35,47,120,,111,111,6,4,5,7,0.5,0.5
2025-05-09T1900,1916A,103.7897,25.5035,曲靖市,环境监测站,颗粒物(PM10),62,74,38,26,14,129,,132,132,16,14,6,12,0.5,0.6
2025-05-09T1900,1917A,103.8,25.5364,曲靖市,烟厂办公区,颗粒物(PM10),58,66,37,29,15,135,,133,133,10,12,4,9,0.4,0.6
2025-05-09T1900,3376A,103.7947,25.462,曲靖市,南苑二区,颗粒物(PM10),64,78,40,25,14,137,,136,136,12,12,4,9,0.6,0.6
2025-05-09T1900,3377A,103.7444,25.5261,曲靖市,曲靖师范学院,颗粒物(PM10),59,68,41,33,20,138,,137,137,8,13,7,21,0.4,0.5
2025-05-09T1900,1264A,118.8692,28.9398,衢州市,环保大楼,,27,27,22,17,13,86,,93,93,13,12,5,3,0.6,0.5
2025-05-09T1900,1265A,118.8709,28.9666,衢州市,实验学校,,28,21,18,13,12,89,,95,95,12,13,1,2,0.6,0.5
2025-05-09T1900,1266A,118.8621,28.9808,衢州市,衢州学院,,28,24,18,16,13,87,,91,91,14,19,5,3,0.6,0.5
2025-05-09T1900,1611A,118.5819,24.9117,泉州市,涂山街,,26,26,40,14,17,12,,57,50,36,16,4,5,0.7,0.6
2025-05-09T1900,1612A,118.5972,24.8978,泉州市,津头埔,,29,29,34,16,15,10,,57,48,40,17,3,2,0.8,0.5
2025-05-09T1900,1613A,118.6663,24.9424,泉州市,万安,,17,17,34,6,14,22,,55,50,19,12,3,3,0.6,0.5
2025-05-09T1900,1614A,118.6117,24.9604,泉州市,清源山,,,,,,,,,,,,,,,,
2025-05-09T1900,3529A,118.6333,24.9264,泉州市,城华南路,,17,17,29,9,15,12,,54,46,30,13,3,3,0.5,0.4
2025-05-09T1900,2626A,88.8876,29.2718,日喀则市,日喀则监测站,,,,26,15,11,150,,137,137,5,13,8,7,,0.4
2025-05-09T1900,3726A,88.8781,29.2426,日喀则市,林业技术推广中心,,46,21,29,6,9,146,,132,132,3,4,6,6,0.2,0.2
2025-05-09T1900,1659A,119.471,35.4209,日照市,监测站,,24,7,12,7,9,76,,112,99,23,11,5,5,0.5,0.5
2025-05-09T1900,1660A,119.523,35.4216,日照市,市政府广场,,,,16,,7,84,,107,95,12,5,4,4,,0.4
2025-05-09T1900,1661A,119.5587,35.4044,日照市,港务局,,44,44,22,14,14,100,,123,111,10,7,4,5,0.7,0.7
2025-05-09T1900,3507A,119.5328,35.4625,日照市,职业技术学院,,32,12,15,3,5,101,,111,106,9,7,4,4,0.5,0.5
2025-05-09T1900,3604A,119.3266,35.1044,日照市,岚山环保分局,,35,,18,10,12,110,,118,108,10,11,4,5,0.5,0.6
2025-05-09T1900,1835A,111.1922,34.7752,三门峡市,市政府,,45,45,122,19,39,99,,104,104,11,13,5,6,0.5,0.7
2025-05-09T1900,1836A,111.1587,34.7942,三门峡市,开发区,颗粒物(PM10),54,57,99,3,29,94,,97,97,11,10,5,5,0.5,0.6
2025-05-09T1900,1838A,111.143,34.7955,三门峡市,风景区,,,,77,,29,,,89,,,12,,9,,0.6
2025-05-09T1900,3039A,111.1911,34.7829,三门峡市,三门峡市第一小学,颗粒物(PM10),61,72,135,15,32,100,,104,104,11,11,8,9,0.4,0.5
2025-05-09T1900,3598A,111.1,34.7167,三门峡市,富达温泉假日酒店,颗粒物(PM10),61,72,194,16,46,98,,103,102,8,14,4,8,0.1,0.2
2025-05-09T1900,2324A,117.6211,26.2625,三明市,三钢,,18,18,24,10,14,49,,57,56,16,21,5,6,1.4,1.3
2025-05-09T1900,2325A,117.635,26.2714,三明市,三明二中,,26,,21,18,15,41,,59,56,16,18,4,3,0.7,0.8
2025-05-09T1900,2326A,117.6028,26.2378,三明市,三元区政府,,23,23,22,16,16,41,,57,56,19,15,3,5,0.6,0.5
2025-05-09T1900,2327A,117.7275,26.3108,三明市,洋溪,,,,,,,,,,,,,,,,
2025-05-09T1900,1876A,109.5078,18.2489,三亚市,河东子站,,30,30,23,20,15,62,,88,78,4,3,5,4,0.3,0.3
2025-05-09T1900,1877A,109.4964,18.2681,三亚市,河西子站,,43,30,21,30,16,62,,89,80,12,7,2,2,0.2,0.2
2025-05-09T1900,3540A,109.7348,18.3443,三亚市,君悦子站,,29,29,21,8,12,87,,90,87,6,8,2,2,0.2,0.2
2025-05-09T1900,2624A,91.7608,29.2313,山南市,山南监测站,,,,,,,,,,,,,,,,
2025-05-09T1900,2625A,91.7706,29.2436,山南市,山南人民医院,,45,42,38,18,16,143,,138,138,4,7,4,5,0.2,0.2
2025-05-09T1900,1674A,116.6794,23.3667,汕头市,金平子站,,24,24,50,7,26,51,,65,61,21,21,5,5,0.9,0.9
2025-05-09T1900,1675A,116.7244,23.3633,汕头市,龙湖子站,,26,26,48,3,24,44,,60,59,12,11,4,5,0.5,0.6
2025-05-09T1900,1676A,116.7258,23.2775,汕头市,濠江子站,,,41,55,10,23,52,,68,67,,10,4,4,0.8,0.7
2025-05-09T1900,1677A,116.7519,23.4714,汕头市,澄海子站,,18,17,46,12,27,43,,61,58,13,16,2,3,0.7,0.9
2025-05-09T1900,1678A,116.6092,23.2539,汕头市,潮阳子站,,21,21,50,9,28,59,,63,63,11,10,7,6,0.6,0.6
2025-05-09T1900,3444A,116.454,23.2684,汕头市,潮南峡山,,,6,60,3,26,38,,59,54,4,6,,4,0.5,0.6
2025-05-09T1900,3624A,116.4069,23.2533,汕头市,潮南子站,,12,9,69,3,33,38,,60,54,15,12,3,3,0.6,0.7
2025-05-09T1900,1693A,115.3653,22.775,汕尾市,市环保局,,20,14,36,9,12,63,,73,63,9,5,6,6,0.6,0.5
2025-05-09T1900,1694A,115.3706,22.7898,汕尾市,市政府,,20,11,37,3,9,63,,71,62,11,7,3,3,0.4,0.4
2025-05-09T1900,1695A,115.3622,22.7925,汕尾市,新城中学,,18,16,41,6,12,55,,68,62,12,6,2,6,0.4,0.3
2025-05-09T1900,2645A,109.9154,33.8715,商洛市,监测站,颗粒物(PM10),58,66,78,22,29,109,,106,106,6,7,4,4,0.4,0.4
2025-05-09T1900,3045A,109.9643,33.8471,商洛市,商州区中学,颗粒物(PM10),60,70,127,22,27,108,,106,106,6,9,3,3,0.3,0.5
2025-05-09T1900,2408A,115.6702,34.4285,商丘市,环境监测站,颗粒物(PM10),170,289,58,31,28,105,,111,111,11,8,2,2,0.4,0.1
2025-05-09T1900,2409A,115.6458,34.4045,商丘市,粮食局,,,,56,30,27,98,,110,109,9,8,3,2,0.2,0.3
2025-05-09T1900,2410A,115.6293,34.3948,商丘市,睢阳区环保局,颗粒物(PM10),160,269,60,48,27,103,,112,112,12,9,2,3,0.2,0.3
2025-05-09T1900,3171A,115.6071,34.4465,商丘市,梁园区档案局,颗粒物(PM10),164,278,69,41,27,102,,108,108,43,16,2,2,0,0.3
2025-05-09T1900,1141A,121.4,31.238,上海市,普陀,,35,21,16,15,9,109,,110,110,22,15,5,4,0.5,0.5
2025-05-09T1900,1142A,121.478,31.2036,上海市,十五厂,,35,24,20,12,10,110,,113,113,23,15,8,8,0.7,0.7
2025-05-09T1900,1143A,121.467,31.3008,上海市,虹口,颗粒物(PM10),70,90,44,13,11,110,,109,109,13,7,7,6,0.4,0.5
2025-05-09T1900,1147A,121.425,31.2261,上海市,静安监测站,,35,24,18,3,10,112,,112,112,21,16,8,8,0.7,0.8
2025-05-09T1900,1148A,121.703,31.1907,上海市,浦东川沙,,35,25,19,13,9,109,,108,108,21,14,6,5,0.6,0.6
2025-05-09T1900,1149A,121.533,31.2284,上海市,浦东新区监测站,,35,25,17,12,6,112,,114,114,23,12,7,7,0.2,0.3
2025-05-09T1900,1150A,121.577,31.2071,上海市,浦东张江,,,24,19,10,8,113,,113,113,,11,5,5,0.8,0.8
2025-05-09T1900,3265A,121.4316,31.3322,上海市,宝山庙行,,35,21,18,13,11,110,,111,111,17,12,6,6,0.5,0.5
2025-05-09T1900,3266A,121.8791,31.4662,上海市,崇明上实东滩,,41,17,23,8,11,130,,124,124,13,13,2,2,0.6,1.1
2025-05-09T1900,3268A,121.3162,31.2838,上海市,嘉定南翔,,34,19,17,6,8,108,,106,106,17,15,6,5,0.7,0.7
2025-05-09T1900,3269A,121.3359,30.7456,上海市,金山新城,,34,16,21,10,7,107,,107,107,11,11,2,2,0.6,0.6
2025-05-09T1900,3270A,121.4996,31.0739,上海市,闵行浦江,,,,18,,10,108,,105,105,16,12,,4,0.7,0.7
2025-05-09T1900,3271A,121.2886,31.1663,上海市,青浦徐泾,,36,19,18,13,10,113,,110,110,17,14,5,5,0.6,0.6
2025-05-09T1900,3272A,121.2186,31.0378,上海市,松江图书馆,,36,18,17,8,7,115,,111,111,16,16,7,7,0.5,0.6
2025-05-09T1900,3273A,121.3902,31.2059,上海市,长宁仙霞,,32,24,18,12,9,100,,105,105,28,18,8,8,0.8,0.8
2025-05-09T1900,3274A,121.7965,31.0507,上海市,浦东惠南,,35,20,17,18,17,110,,108,108,14,8,7,7,0.8,0.9
2025-05-09T1900,3544A,121.4891,30.925,上海市,奉贤南桥新城,,33,,17,16,18,104,,105,105,18,15,3,3,0.7,0.7
2025-05-09T1900,4183A,121.4174,31.16637,上海市,冠生园路458号,,37,19,17,14,12,117,,114,114,18,14,8,8,0.6,0.6
2025-05-09T1900,4205A,121.5419,31.2683,上海市,宁武路151号,,36,27,20,16,10,113,,113,113,18,13,5,4,0.6,0.6
2025-05-09T1900,2381A,118.005,28.4572,上饶市,百草园,,,,,,,,,,,,,,,,
2025-05-09T1900,2382A,117.9756,28.4436,上饶市,市监测站,,32,25,28,14,13,102,,102,102,12,16,8,8,0.5,0.6
2025-05-09T1900,2383A,117.9519,28.4628,上饶市,凤凰光学,,30,25,25,18,13,96,,100,100,8,15,11,11,0.8,0.8
2025-05-09T1900,3685A,117.897,28.4315,上饶市,双创科技城,,29,25,23,11,14,90,,100,100,22,18,11,10,0.7,0.7
2025-05-09T1900,4211A,118.1904,28.4448,上饶市,裕丰大道,,33,26,23,20,12,104,,100,100,7,10,8,8,0.6,0.5
2025-05-09T1900,1669A,113.5824,24.7733,韶关市,市八中,,29,29,22,14,10,83,,97,97,23,15,14,10,1.0,0.6
2025-05-09T1900,1671A,113.5917,24.7972,韶关市,园林处,,31,31,19,20,11,87,,99,99,11,7,8,5,1.1,0.5
2025-05-09T1900,1673A,113.5971,24.6863,韶关市,曲江监测站,,31,31,18,18,10,87,,105,105,17,14,8,7,0.9,0.6
2025-05-09T1900,2809A,113.6668,24.7756,韶关市,大学路288号,,,,24,,15,,,73,,,11,,9,,0.6
2025-05-09T1900,3622A,113.5556,24.8082,韶关市,碧湖山庄,,32,21,21,12,11,100,,101,101,11,10,10,8,0.6,0.5
2025-05-09T1900,2462A,111.5239,27.3033,邵阳市,市水土所,,,,,,,,,,,,,,,,
2025-05-09T1900,2464A,111.5283,27.2442,邵阳市,市化工厂,,50,50,30,22,15,121,,125,125,11,10,9,7,0.4,0.4
2025-05-09T1900,2466A,111.4328,27.2272,邵阳市,市环保局,颗粒物(PM10),53,56,31,24,13,118,,123,123,8,8,2,3,0.3,0.4
2025-05-09T1900,4218A,111.4460,27.2472,邵阳市,北塔二期4-26地块,颗粒物(PM10),53,55,32,30,16,118,,123,123,12,9,5,5,0.4,0.4
2025-05-09T1900,4219A,111.4739,27.2282,邵阳市,邵水西路287号,颗粒物(PM10),53,55,29,27,16,111,,114,114,10,10,4,4,0.4,0.4
2025-05-09T1900,1247A,120.6053,29.9928,绍兴市,城东开发委,,25,18,14,12,8,78,,80,80,16,12,3,3,0.5,0.4
2025-05-09T1900,2921A,120.5483,30.0003,绍兴市,树下王站,,26,13,12,11,12,83,,87,87,13,14,6,6,0.6,0.5
2025-05-09T1900,3408A,120.5683,29.9361,绍兴市,绍兴中专,,20,15,14,14,10,59,,71,71,19,14,5,5,0.4,0.4
2025-05-09T1900,3409A,120.4906,30.0861,绍兴市,柯桥区政府,,26,18,16,9,8,83,,88,88,22,15,7,6,0.3,0.3
2025-05-09T1900,3410A,120.8752,30.0249,绍兴市,重华小学,,27,19,15,12,10,86,,73,73,15,13,8,8,0.8,0.8
2025-05-09T1900,3411A,120.8369,30.0137,绍兴市,上虞中学,,29,17,14,12,11,90,,78,78,15,15,8,7,0.6,0.5
2025-05-09T1900,3560A,120.4722,30.0415,绍兴市,柯桥妇保,,27,15,16,9,9,86,,91,91,19,13,5,5,0.6,0.6
2025-05-09T1900,3658A,120.6153,30.0764,绍兴市,袍江中学,,27,14,13,8,8,85,,83,83,20,18,2,2,0.5,0.6
2025-05-09T1900,1356A,114.1063,22.5545,深圳市,通心岭子站,,35,31,21,14,11,39,,81,79,70,13,7,6,0.6,0.5
2025-05-09T1900,1357A,114.117,22.5625,深圳市,洪湖,,36,36,27,13,12,60,,80,80,46,16,6,6,0.7,0.6
2025-05-09T1900,1358A,113.987,22.5417,深圳市,华侨城,,34,34,23,12,9,58,,74,74,46,16,7,6,0.7,0.6
2025-05-09T1900,1359A,113.9181,22.5171,深圳市,南海子站,颗粒物(PM10),54,58,30,35,17,52,,85,85,89,29,8,7,0.8,0.7
2025-05-09T1900,1360A,114.2458,22.5689,深圳市,盐田,,24,24,32,9,10,58,,74,74,24,23,8,8,0.6,0.5
2025-05-09T1900,1361A,114.2283,22.7244,深圳市,龙岗,,25,22,26,9,11,77,,105,105,38,14,6,6,0.8,0.8
2025-05-09T1900,1363A,114.494,22.5422,深圳市,南澳,,19,18,28,3,10,58,,87,87,12,5,8,7,0.6,0.6
2025-05-09T1900,1364A,114.41,22.6342,深圳市,葵涌,,22,19,24,8,10,68,,88,88,20,9,7,7,0.6,0.5
2025-05-09T1900,1365A,114.297,22.5978,深圳市,梅沙,,32,32,30,13,8,67,,92,92,19,8,6,7,0.6,0.6
2025-05-09T1900,1366A,114.0678,22.738,深圳市,观澜,颗粒物(PM10),51,52,42,23,14,114,,109,109,25,18,7,6,0.7,0.6
2025-05-09T1900,3305A,114.0731,22.559,深圳市,莲花,,21,21,22,14,11,53,,60,60,28,14,6,5,0.7,0.7
2025-05-09T1900,3306A,114.0261,22.6198,深圳市,民治,,27,27,21,10,9,59,,86,85,40,15,6,7,0.6,0.6
2025-05-09T1900,3307A,114.1871,22.6451,深圳市,横岗,,38,38,27,19,13,85,,104,104,42,20,9,8,0.6,0.6
2025-05-09T1900,3447A,114.3551,22.7151,深圳市,坪山,,29,29,27,12,11,71,,94,94,34,15,8,8,0.5,0.5
2025-05-09T1900,3623A,113.8953,22.5861,深圳市,西乡,颗粒物(PM10),52,53,33,19,11,90,,91,91,38,21,7,7,0.9,0.8
2025-05-09T1900,1098A,123.6836,41.9339,沈阳市,森林路,,,,,,,,,,,,,,,,
2025-05-09T1900,1099A,123.505,41.7406,沈阳市,浑南东路,颗粒物(PM10),58,65,74,30,26,74,,97,92,20,21,8,19,0.6,0.6
2025-05-09T1900,1100A,123.4231,41.6989,沈阳市,新秀街,颗粒物(PM10),55,59,78,34,36,80,,97,93,21,25,6,19,0.5,0.4
2025-05-09T1900,1102A,123.5903,41.8411,沈阳市,东陵路,,33,31,62,23,22,74,,90,87,16,19,5,9,0.5,0.5
2025-05-09T1900,1103A,123.4264,41.8467,沈阳市,陵东街,,43,43,53,29,28,75,,98,91,24,18,5,7,0.4,0.3
2025-05-09T1900,1104A,123.4114,41.7653,沈阳市,文化路,颗粒物(PM10),52,53,78,30,36,79,,96,92,25,22,6,11,0.5,0.6
2025-05-09T1900,1105A,123.4678,41.7867,沈阳市,小河沿,颗粒物(PM10),51,51,62,24,32,80,,92,90,20,18,9,17,0.6,0.7
2025-05-09T1900,1106A,123.4017,41.7972,沈阳市,太原街,颗粒物(PM10),53,56,63,22,29,74,,96,90,29,21,4,9,0.7,0.6
2025-05-09T1900,1108A,123.3783,41.9228,沈阳市,京沈街,,46,35,50,32,28,69,,91,84,27,16,13,15,0.6,0.6
2025-05-09T1900,2897A,123.2444,41.7347,沈阳市,沈辽西路,颗粒物(PM10),55,59,76,24,32,66,,89,81,29,17,6,7,0.6,0.6
2025-05-09T1900,2900A,123.5953,41.9086,沈阳市,裕农路,,46,46,59,25,27,76,,90,86,17,17,6,8,0.5,0.5
2025-05-09T1900,2428A,111.0419,32.395,十堰市,武当山,颗粒物(PM10),68,85,71,24,22,112,,104,104,5,5,10,10,0.5,0.6
2025-05-09T1900,2429A,110.78,32.6494,十堰市,滨河新村,颗粒物(PM10),57,63,81,18,33,112,,107,107,8,8,7,5,0.4,0.3
2025-05-09T1900,2430A,110.7258,32.6389,十堰市,刘家沟,颗粒物(PM10),61,72,87,20,28,114,,108,108,6,7,3,5,0.3,0.4
2025-05-09T1900,2431A,110.8839,32.5714,十堰市,铁二处,,,,89,,28,114,,110,110,6,4,6,8,0.4,0.7
2025-05-09T1900,3545A,110.8054,32.8401,十堰市,郧阳区金沙路,颗粒物(PM10),51,51,59,20,28,113,,108,108,2,2,4,5,0.5,0.6
2025-05-09T1900,2709A,86.0497,44.2967,石河子市,艾青诗歌馆,颗粒物(PM10),58,65,72,28,23,157,,137,137,5,20,10,10,0.6,0.6
2025-05-09T1900,3442A,86.047,44.2331,石河子市,南区管委会,颗粒物(PM10),76,102,84,18,23,134,,127,127,26,16,10,10,0.5,0.5
2025-05-09T1900,4051A,86.0791,44.3017,石河子市,世纪广场,颗粒物(PM10),67,84,83,24,25,146,,129,129,5,20,9,10,0.5,0.5
2025-05-09T1900,1029A,114.4422,38.0444,石家庄市,职工医院,,26,,46,18,32,78,,78,78,2,7,2,3,0.3,0.4
2025-05-09T1900,1030A,114.6063,38.0266,石家庄市,高新区,,40,28,45,28,31,81,,84,78,7,11,3,3,0.2,0.4
2025-05-09T1900,1031A,114.4898,38.1328,石家庄市,西北水源,,24,20,48,3,28,74,,78,75,1,4,2,2,0.3,0.3
2025-05-09T1900,1032A,114.4586,38.0058,石家庄市,西南高教,,36,36,51,3,23,72,,77,77,7,12,3,3,0.0,0.2
2025-05-09T1900,1033A,114.5331,38.0178,石家庄市,世纪公园,,34,34,48,19,27,80,,75,73,6,10,1,2,0.2,0.4
2025-05-09T1900,1034A,114.509,38.0457,石家庄市,人民会堂,,30,30,51,7,27,73,,79,77,5,7,3,3,0.2,0.3
2025-05-09T1900,1035A,114.3524,37.8911,石家庄市,封龙山,,,,31,18,21,77,,83,78,10,9,6,9,,0.6
2025-05-09T1900,2862A,114.5481,38.0378,石家庄市,22中南校区,,28,,41,19,28,85,,83,82,5,9,1,2,0.1,0.2
2025-05-09T1900,3456A,114.289,38.0906,石家庄市,鹿泉一中,,33,30,60,23,38,84,,78,78,3,10,3,2,0.2,0.3
2025-05-09T1900,3573A,114.8506765,38.0322033,石家庄市,藁城区实验学校,,24,24,49,15,24,73,,84,73,4,7,3,3,0.2,0.3
2025-05-09T1900,4024A,114.6549,37.9020,石家庄市,栾城区星河路,,,,34,17,24,75,,88,79,,18,1,1,0.3,0.3
2025-05-09T1900,4314A,114.0494,38.059,石家庄市,矿区区委大楼,,,5,50,,29,79,,81,80,8,17,2,4,0.2,0.4
2025-05-09T1900,1947A,106.3394,38.817,石嘴山市,沙湖旅游区,,,,,,,,,,,,,,,,
2025-05-09T1900,1948A,106.3668,39.0145,石嘴山市,大武口朝阳西街,,,,56,27,21,114,,111,111,7,4,7,6,,0.3
2025-05-09T1900,1949A,106.7704,39.2282,石嘴山市,惠农南大街,颗粒物(PM10),51,51,64,26,29,110,,111,111,16,14,6,8,0.2,0.3
2025-05-09T1900,1950A,106.7099,39.1325,石嘴山市,红果子镇惠新街,,50,50,54,21,23,117,,117,117,10,8,7,11,0.3,0.3
2025-05-09T1900,3520A,106.3495,38.9836,石嘴山市,妇女儿童医院,,50,50,48,22,19,114,,112,112,7,5,4,4,0.3,0.2
2025-05-09T1900,3521A,106.7492,39.2069,石嘴山市,石大公路,,38,27,51,12,23,121,,120,120,9,9,3,4,0.3,0.4
2025-05-09T1900,2248A,131.1511,46.6937,双鸭山市,双合村,,20,17,21,12,20,64,,85,63,9,8,6,9,0.2,0.2
2025-05-09T1900,2249A,131.1652,46.6191,双鸭山市,南小市,,23,,20,16,19,71,,86,72,10,8,8,9,0.6,0.6
2025-05-09T1900,2250A,131.1524,46.6554,双鸭山市,环保局,,36,36,38,14,15,58,,69,56,8,8,8,11,0.4,0.4
2025-05-09T1900,2251A,131.12,46.5656,双鸭山市,苗圃,,,,,,,,,,,,,,,,
2025-05-09T1900,2166A,112.4397,39.3522,朔州市,平朔,,30,30,25,15,10,85,,102,99,15,10,6,5,0.6,0.5
2025-05-09T1900,2167A,112.4575,39.3617,朔州市,朔唯,,30,30,27,14,11,78,,92,89,16,10,4,6,0.6,0.5
2025-05-09T1900,2168A,112.4258,39.3197,朔州市,区政府,,33,28,28,23,10,83,,94,93,12,8,4,4,0.2,0.1
2025-05-09T1900,2169A,112.4072,39.3278,朔州市,市环保局,,34,34,27,23,12,75,,89,87,15,8,6,5,0.5,0.4
2025-05-09T1900,2170A,112.4272,39.3681,朔州市,市二中,,36,28,26,25,11,79,,97,94,16,12,8,6,0.3,0.3
2025-05-09T1900,3571A,112.2931,39.53,朔州市,一水厂,,49,,25,34,14,96,,103,101,4,6,6,7,0.4,0.4
2025-05-09T1900,2225A,124.4002,43.1713,四平市,一商场,,33,33,45,20,20,87,,96,96,12,12,5,5,0.4,0.6
2025-05-09T1900,2226A,124.388,43.193,四平市,境园,,32,27,48,22,23,83,,91,91,14,13,7,6,0.3,0.6
2025-05-09T1900,3486A,124.4036,43.1411,四平市,植物园,,31,14,43,12,17,97,,103,103,11,23,5,9,0.3,0.4
2025-05-09T1900,3713A,124.3419,43.1666,四平市,世纪城,,36,25,39,25,20,100,,106,106,10,12,4,5,0.3,0.2
2025-05-09T1900,2233A,124.8006,45.1214,松原市,江南,,37,37,36,25,23,113,,113,113,17,12,4,4,0.5,0.6
2025-05-09T1900,2234A,124.7965,45.1722,松原市,江北,细颗粒物(PM2.5),57,,33,40,26,110,,114,114,11,9,6,6,0.5,0.5
2025-05-09T1900,1160A,120.561,31.2472,苏州市,上方山,,,,,,,,,,,,,,,,
2025-05-09T1900,1162A,120.591,31.3019,苏州市,彩香,,33,20,17,11,10,104,,105,105,12,10,5,4,0.6,0.6
2025-05-09T1900,1163A,120.596,31.3264,苏州市,轧钢厂,,36,25,16,12,10,114,,115,115,11,9,3,3,0.5,0.6
2025-05-09T1900,1164A,120.613,31.2703,苏州市,吴中区,,35,22,20,10,10,112,,111,111,12,10,4,4,0.4,0.4
2025-05-09T1900,1165A,120.543,31.2994,苏州市,苏州新区,,37,25,18,13,11,116,,114,114,13,10,1,2,0.5,0.5
2025-05-09T1900,1166A,120.669,31.3097,苏州市,苏州工业园区,,35,,21,12,11,112,,110,110,14,14,4,4,0.4,0.5
2025-05-09T1900,1167A,120.641,31.3708,苏州市,相城区,,39,23,15,10,9,124,,126,126,15,13,4,4,0.4,0.4
2025-05-09T1900,3289A,120.743,31.3188,苏州市,方洲路,,36,26,14,12,10,115,,115,115,15,11,6,5,0.3,0.3
2025-05-09T1900,3290A,120.5031,31.2774,苏州市,木渎中学,,39,18,12,13,7,123,,114,114,9,9,4,3,0.5,0.6
2025-05-09T1900,3425A,120.624,31.1733,苏州市,越秀幼儿园,,36,26,15,11,10,114,,113,113,12,9,3,2,0.5,0.6
2025-05-09T1900,3431A,120.6505,31.416,苏州市,高铁新城,,28,27,16,12,6,89,,88,88,33,21,5,4,0.6,0.6
2025-05-09T1900,1220A,118.293,33.9528,宿迁市,宿迁学院,,27,10,8,8,6,85,,107,96,12,4,4,4,0.3,0.2
2025-05-09T1900,1221A,118.2442,33.9592,宿迁市,宿迁中学,,28,14,9,10,6,87,,115,102,15,7,4,4,0.2,0.1
2025-05-09T1900,2996A,118.283,33.965,宿迁市,市供电局,,29,11,9,9,7,91,,114,102,12,5,3,3,0.6,0.5
2025-05-09T1900,3191A,118.3225,33.9447,宿迁市,宿豫区政府,,30,10,9,7,7,94,,112,100,8,4,4,4,0.5,0.4
2025-05-09T1900,3187A,116.9509,33.666,宿州市,远航博物馆,颗粒物(PM10),54,57,26,21,8,114,,113,113,10,7,2,2,0.4,0.4
2025-05-09T1900,3463A,116.9708,33.591,宿州市,社会福利中心,颗粒物(PM10),85,120,22,28,10,103,,111,111,14,6,4,3,0.3,0.3
2025-05-09T1900,3634A,116.9884,33.6305,宿州市,宿州学院,颗粒物(PM10),63,76,23,25,9,110,,114,114,13,6,4,3,0.5,0.5
2025-05-09T1900,3701A,116.9648,33.6252,宿州市,皖北煤电集团,,,72,61,27,23,84,,106,106,13,6,4,5,,0.9
2025-05-09T1900,2266A,126.9785,46.6365,绥化市,人和东街,,30,12,21,7,14,96,,105,104,12,11,3,3,0.6,0.7
2025-05-09T1900,2267A,126.964,46.6528,绥化市,党政办公中心,,27,13,16,7,11,84,,97,96,15,11,4,5,0.5,0.5
2025-05-09T1900,2451A,113.3583,31.7275,随州市,市委党校,颗粒物(PM10),85,120,78,32,29,104,,110,110,13,13,5,5,0.5,0.6
2025-05-09T1900,2452A,113.3833,31.6908,随州市,市林业局,颗粒物(PM10),77,103,79,37,33,108,,113,113,6,8,6,6,0.3,0.5
2025-05-09T1900,2453A,113.3983,31.7308,随州市,市立交桥水厂,颗粒物(PM10),80,109,72,36,32,108,,114,114,9,7,8,8,0.7,0.8
2025-05-09T1900,2527A,105.5453,30.5678,遂宁市,石溪浩,颗粒物(PM10),160,270,247,58,37,46,,94,90,62,22,4,5,0.1,0.2
2025-05-09T1900,2528A,105.5582,30.5232,遂宁市,市监测站,颗粒物(PM10),164,277,123,63,32,92,,108,108,29,18,7,6,0.3,0.3
2025-05-09T1900,2529A,105.5861,30.5366,遂宁市,行政中心,颗粒物(PM10),149,247,114,66,34,106,,111,111,21,14,6,7,0.3,0.3
2025-05-09T1900,2530A,105.5918,30.4728,遂宁市,美宁食品公司,颗粒物(PM10),150,249,126,66,33,105,,112,112,22,16,8,8,0.2,0.2
2025-05-09T1900,2706A,82.9994,46.7432,塔城地区,东门外小游园,,44,37,36,11,10,140,,131,131,6,4,6,5,0.0,0
2025-05-09T1900,1255A,121.273,28.6459,台州市,黄岩环保大楼,,28,28,36,13,17,26,,93,61,23,9,4,4,0.7,0.5
2025-05-09T1900,1256A,121.419,28.6542,台州市,台州环保大楼,,25,19,42,17,24,51,,94,86,31,12,3,3,0.6,0.5
2025-05-09T1900,1257A,121.377,28.5773,台州市,路桥田洋王,,40,40,49,23,23,55,,94,84,22,11,4,4,0.5,0.4
2025-05-09T1900,3564A,121.2568,28.6681,台州市,台州科技职业学院,,26,26,30,12,13,48,,95,71,21,9,3,2,0.8,0.7
2025-05-09T1900,1081A,112.522,37.8873,太原市,尖草坪,,30,10,31,3,14,94,,96,95,8,11,3,4,0.5,0.6
2025-05-09T1900,1083A,112.434,38.0108,太原市,上兰,,30,16,33,7,19,93,,98,98,13,19,3,3,0.3,0.3
2025-05-09T1900,1084A,112.469,37.7124,太原市,晋源,,,21,48,9,24,91,,99,97,,18,,8,0.3,0.4
2025-05-09T1900,1085A,112.5583,37.7394,太原市,小店,,30,9,39,9,18,94,,101,100,12,15,4,5,0.3,0.4
2025-05-09T1900,1086A,112.5369,37.8692,太原市,桃园,,28,11,32,3,16,87,,94,92,12,11,7,6,0.4,0.4
2025-05-09T1900,1087A,112.57,37.8195,太原市,坞城,,29,29,63,8,16,91,,99,98,12,10,3,3,0.7,0.7
2025-05-09T1900,1088A,112.549,37.9854,太原市,南寨,,28,,26,6,21,89,,94,94,10,18,7,7,0.4,0.4
2025-05-09T1900,3618A,112.4719,37.7831,太原市,金胜,,29,9,41,3,18,92,,100,98,7,11,6,6,0.3,0.3
2025-05-09T1900,4010A,112.5608,37.8807,太原市,育英中学,,28,21,40,3,15,89,,94,93,12,10,2,1,0.6,0.4
2025-05-09T1900,1656A,117.1437,36.1937,泰安市,监测站,,29,9,35,3,17,91,,111,102,15,7,3,3,0.4,0.4
2025-05-09T1900,1657A,117.0885,36.2017,泰安市,人口学校,,26,12,34,3,16,81,,108,89,16,9,6,6,0.2,0.2
2025-05-09T1900,1658A,117.1089,36.1758,泰安市,电力学校,,28,12,35,12,21,87,,111,100,13,6,5,5,0.3,0.2
2025-05-09T1900,3502A,117.1812,36.2275,泰安市,国网新校,,32,6,24,3,11,102,,119,111,9,8,1,1,0.5,0.6
2025-05-09T1900,3503A,117.0313,36.2018,泰安市,交通技校,,24,10,28,10,18,76,,116,99,20,7,3,3,0.4,0.4
2025-05-09T1900,3504A,117.0829,36.13,泰安市,山东第一医科大学,,22,9,32,3,7,70,,108,93,32,11,2,3,0.2,0.2
2025-05-09T1900,1206A,119.905,32.4878,泰州市,公园路,,28,7,7,3,5,88,,97,96,12,9,7,6,0.6,0.7
2025-05-09T1900,1207A,119.9189,32.4625,泰州市,莲花,,32,10,10,3,6,101,,109,108,11,8,9,9,0.5,0.6
2025-05-09T1900,1209A,119.888,32.4639,泰州市,留学生创业园,,28,14,11,8,9,88,,101,98,16,12,4,5,0.4,0.5
2025-05-09T1900,2997A,119.8767,32.3289,泰州市,王营,,27,6,6,3,6,84,,96,95,20,15,9,9,0.4,0.5
2025-05-09T1900,3295A,120.1259,32.5099,泰州市,姜堰区政府广场,,,,13,,8,94,,101,100,9,9,,15,,0.6
2025-05-09T1900,3435A,119.9192,32.4322,泰州市,周山河街区,,32,12,8,6,7,101,,107,106,15,12,7,7,0.4,0.5
2025-05-09T1900,1038A,118.1725,39.6334,唐山市,物资局,,28,28,47,8,21,80,,72,72,10,5,3,5,0.3,0.6
2025-05-09T1900,1040A,118.1705,39.6506,唐山市,十二中,,25,,41,9,25,77,,68,68,13,15,1,4,0.3,0.6
2025-05-09T1900,1041A,118.1869,39.622,唐山市,小山,,25,12,41,8,26,77,,71,71,21,23,3,4,0.4,0.6
2025-05-09T1900,3457A,118.4359,39.2762,唐山市,冀东油田职工医院,,18,18,38,9,18,47,,84,69,34,20,5,4,0.8,0.3
2025-05-09T1900,3575A,118.09279,39.58089,唐山市,正泰大街热力站,,24,15,45,9,22,75,,71,71,16,18,1,3,0.2,2.1
2025-05-09T1900,3576A,118.1562,39.8322,唐山市,丰润区政府,,27,20,53,3,28,85,,71,71,10,17,3,6,0.3,0.8
2025-05-09T1900,3577A,118.43673,39.73809,唐山市,金山小学,,28,,47,19,27,82,,71,69,14,20,3,6,0.4,0.7
2025-05-09T1900,3578A,118.24498,39.66941,唐山市,政府服务中心,,20,19,39,14,24,59,,65,62,22,18,3,5,0.3,0.6
2025-05-09T1900,3692A,118.2059,39.6585,唐山市,消防缸窑路中队,,26,15,43,14,25,81,,70,70,8,12,5,7,0.2,0.6
2025-05-09T1900,3693A,118.1436,39.6202,唐山市,路南电大,,26,23,53,11,24,82,,71,71,16,19,3,6,0.3,0.5
2025-05-09T1900,4197A,118.1309,39.6360,唐山市,友谊北路34号,,27,22,50,17,26,86,,74,74,7,12,1,4,0.3,0.6
2025-05-09T1900,1015A,117.1444,39.1661,天津市,勤俭道,,25,6,48,3,27,78,,70,70,11,22,4,6,0.5,0.8
2025-05-09T1900,1018A,117.202,39.0927,天津市,前进道,,25,8,49,6,25,80,,76,76,14,22,5,7,0.5,0.7
2025-05-09T1900,1019A,117.1837,39.2133,天津市,淮河道,,25,7,57,3,24,78,,73,73,15,28,7,8,0.6,0.8
2025-05-09T1900,1021A,117.3083,39.0884,天津市,跃进路,,24,9,53,3,24,74,,73,73,17,27,6,8,0.3,0.6
2025-05-09T1900,1023A,117.707,39.0343,天津市,第四大街,,17,13,47,11,24,53,,58,56,18,42,6,6,0.8,0.6
2025-05-09T1900,1024A,117.457,38.8394,天津市,永明路,,18,13,47,11,27,57,,90,83,21,18,6,6,0.8,0.4
2025-05-09T1900,1026A,117.764,39.1587,天津市,汉北路,,21,10,40,7,18,67,,74,69,15,18,6,6,1.0,0.5
2025-05-09T1900,1027A,117.157,38.9194,天津市,团泊洼,,,,,,,,,,,,,,,,
2025-05-09T1900,2858A,117.7918,39.2474,天津市,河西一经路,,22,15,40,8,17,69,,83,77,19,17,7,6,1.1,0.5
2025-05-09T1900,2859A,117.3747,38.9846,天津市,津沽路,,21,11,55,8,27,65,,66,66,15,21,4,4,0.6,0.6
2025-05-09T1900,2860A,117.1589,39.0845,天津市,宾水西道,,24,7,47,3,23,74,,68,68,14,21,5,6,0.5,0.6
2025-05-09T1900,2922A,117.1941,39.1067,天津市,大理道,,25,8,57,6,28,80,,75,75,10,21,4,5,0.5,0.7
2025-05-09T1900,3020A,117.2101,39.1699,天津市,中山北路,,23,7,54,3,26,72,,65,65,18,28,6,8,0.5,0.8
2025-05-09T1900,3051A,117.3876,39.1488,天津市,西四道,,24,9,48,6,22,75,,74,74,16,25,6,7,0.6,0.7
2025-05-09T1900,3325A,117.0365,39.3828,天津市,雍阳西道,,20,9,48,7,21,63,,62,62,12,19,4,4,0.5,0.7
2025-05-09T1900,3326A,117.0296,39.0605,天津市,辛老路,,25,6,54,3,27,79,,73,73,11,22,5,6,0.6,0.7
2025-05-09T1900,3327A,116.9638,38.9375,天津市,地纬路,,24,8,53,3,24,75,,79,79,10,17,9,11,0.4,0.5
2025-05-09T1900,3460A,117.4067,40.0583,天津市,北环路,,,9,45,3,24,64,,70,67,,14,6,8,,0.9
2025-05-09T1900,3461A,117.3045,39.7169,天津市,建设路,,21,8,35,3,15,65,,71,70,20,22,7,9,0.5,0.7
2025-05-09T1900,3462A,117.8199,39.3521,天津市,滨水东路,,25,11,39,6,16,78,,75,75,11,22,6,9,0.6,0.6
2025-05-09T1900,4196A,117.2437,39.1029,天津市,光华路,,23,10,53,7,32,73,,71,71,14,18,7,9,0.5,0.7
2025-05-09T1900,2649A,106.0055,34.343,天水市,麦积山,,,,,,,,,,,,,,,,
2025-05-09T1900,2650A,105.7205,34.5786,天水市,公园小学,,36,35,65,18,21,115,,115,115,7,9,7,8,0.2,0.3
2025-05-09T1900,2651A,105.8945,34.5538,天水市,麦积国土局,,36,33,64,13,23,114,,112,112,6,6,11,8,0.2,0.3
2025-05-09T1900,2216A,123.8139,42.3022,铁岭市,汇工街西,,39,28,55,27,31,77,,81,81,18,18,7,9,0.3,0.4
2025-05-09T1900,2217A,123.8649,42.2923,铁岭市,水上乐园,,45,34,48,31,23,50,,74,66,29,17,5,6,0.5,0.5
2025-05-09T1900,2218A,123.8486,42.2867,铁岭市,银州路东段,,49,49,65,31,29,62,,79,77,28,18,9,10,0.4,0.4
2025-05-09T1900,2219A,123.7153,42.2217,铁岭市,金沙江路北,,29,26,54,20,28,84,,82,82,17,19,3,5,0.5,0.5
2025-05-09T1900,2229A,125.9358,41.7173,通化市,光明,颗粒物(PM10),62,74,54,23,19,110,,109,106,15,16,10,10,0.5,0.4
2025-05-09T1900,2230A,125.9446,41.7325,通化市,铁路,颗粒物(PM10),57,63,48,20,16,120,,114,114,10,19,8,8,0.5,0.5
2025-05-09T1900,2191A,122.2532,43.6801,通辽市,艺术职业学校,,41,41,40,20,18,122,,128,128,9,8,6,6,0.4,0.4
2025-05-09T1900,3706A,122.2584,43.6333,通辽市,老干部活动中心,,46,46,42,26,29,105,,114,114,19,13,2,4,0.7,0.6
2025-05-09T1900,3708A,122.2922,43.6189,通辽市,东方明珠社区,细颗粒物(PM2.5),72,,47,52,42,101,,91,91,17,12,8,7,0.5,0.5
2025-05-09T1900,1922A,109.0656,35.0994,铜川市,党校,,,,,,,,,,,,,,,,
2025-05-09T1900,1923A,109.0697,35.0697,铜川市,王益区政府,,36,34,69,25,28,98,,98,98,10,12,6,6,0.3,0.5
2025-05-09T1900,1924A,108.9344,34.9058,铜川市,新区管委会,颗粒物(PM10),54,58,103,30,23,102,,100,100,11,9,3,3,0.4,0.3
2025-05-09T1900,4234A,108.9497,34.8705,铜川市,大唐三路,颗粒物(PM10),53,56,104,28,29,112,,107,107,7,8,4,5,0.5,0.5
2025-05-09T1900,2285A,117.8177,30.9412,铜陵市,市第四中学,,32,32,21,19,8,92,,106,106,13,9,7,7,0.4,0.4
2025-05-09T1900,2286A,117.8059,30.9273,铜陵市,市公路局,,38,38,27,19,9,90,,105,105,15,10,6,6,0.3,0.4
2025-05-09T1900,2287A,117.7807,30.9413,铜陵市,市新民污水厂,颗粒物(PM10),51,51,30,11,11,90,,106,106,14,14,6,8,0.4,0.5
2025-05-09T1900,2288A,117.7439,30.8792,铜陵市,市第九中学,,44,44,23,10,11,73,,93,93,32,21,5,3,0.4,0.5
2025-05-09T1900,2289A,117.846,30.9413,铜陵市,车站新区,,40,40,26,11,11,87,,96,96,13,12,7,7,0.3,0.4
2025-05-09T1900,2290A,117.8483,30.97,铜陵市,市职教基地,,36,36,26,19,10,104,,106,106,13,18,5,7,0.4,0.6
2025-05-09T1900,2585A,109.1839,27.7344,铜仁市,铜仁卫校,,33,21,25,3,11,104,,114,114,15,14,3,2,0.3,0.2
2025-05-09T1900,2586A,109.1753,27.6944,铜仁市,铜仁七中,,34,20,15,10,9,107,,127,127,21,7,3,4,0.5,0.3
2025-05-09T1900,2686A,89.1904,42.9418,吐鲁番市,市环保局,,42,19,79,13,30,134,,120,120,2,9,4,4,0.6,0.8
2025-05-09T1900,2687A,89.1673,42.9559,吐鲁番市,地区环保局,,39,36,82,18,31,123,,116,116,12,18,5,6,0.5,0.6
2025-05-09T1900,1662A,122.1214,37.4236,威海市,华夏技校,,35,24,31,12,12,111,,108,108,12,14,3,4,0.2,0.2
2025-05-09T1900,1663A,122.0508,37.5236,威海市,山大分校,,38,27,28,7,10,121,,125,121,4,4,7,6,0.2,0.2
2025-05-09T1900,1664A,122.1067,37.5072,威海市,市监测站,,33,29,35,12,16,105,,106,106,7,9,1,2,0.3,0.2
2025-05-09T1900,1982A,122.0693,37.2174,威海市,文登开发区,,30,18,24,12,12,95,,99,98,11,10,5,5,0.6,0.7
2025-05-09T1900,3505A,122.1379,37.3414,威海市,临港区管委会,,34,27,26,6,8,107,,104,104,5,6,2,1,0.1,0.3
2025-05-09T1900,1650A,119.1437,36.7023,潍坊市,环保局,,34,34,34,14,14,102,,103,103,14,13,1,2,0.2,0.2
2025-05-09T1900,2877A,119.1641,36.6523,潍坊市,坊子邮政,,41,41,34,22,16,99,,103,103,18,14,6,6,0.4,0.3
2025-05-09T1900,3178A,119.0587,36.721,潍坊市,潍坊七中,,32,31,31,20,16,102,,101,101,14,13,5,5,0.3,0.3
2025-05-09T1900,3368A,119.1977,36.6872,潍坊市,高新实验学校,,31,29,33,19,15,98,,101,101,16,12,6,6,0.3,0.2
2025-05-09T1900,3416A,119.1755,36.7149,潍坊市,潍坊学院,,,34,32,17,13,92,,92,92,14,14,,6,0.5,0.5
2025-05-09T1900,3861A,119.2041,36.7699,潍坊市,寒亭区实验一小,,31,29,28,14,15,99,,104,103,15,5,3,4,0.4,0.4
2025-05-09T1900,1938A,109.5293,34.5101,渭南市,农科所,,,,,,,,,,,,,,,,
2025-05-09T1900,1940A,109.4636,34.493,渭南市,体育馆,,41,41,148,7,30,105,,101,101,11,14,4,4,0.3,0.4
2025-05-09T1900,1941A,109.4259,34.5023,渭南市,高新一小,,50,50,121,9,31,104,,100,100,7,9,4,4,0.3,0.4
2025-05-09T1900,4235A,109.5051,34.4921,渭南市,渭花路4号,,34,34,142,10,38,100,,98,98,13,12,4,4,0.3,0.3
2025-05-09T1900,1242A,120.634,28.0089,温州市,瓯海,,28,28,44,19,27,28,,81,74,41,23,5,3,0.6,0.5
2025-05-09T1900,1243A,120.6748,27.9939,温州市,南浦,,23,23,47,14,24,40,,86,81,29,18,4,3,0.7,0.6
2025-05-09T1900,1244A,120.76,27.9747,温州市,龙湾,,42,42,60,21,27,8,,88,78,71,38,3,3,0.8,0.6
2025-05-09T1900,1245A,120.6709,28.0167,温州市,市站,,27,27,49,13,26,42,,72,,31,20,5,3,0.6,0.6
2025-05-09T1900,3561A,120.6985,27.9251,温州市,茶山,,26,26,46,15,27,40,,88,84,23,19,2,3,0.6,0.6
2025-05-09T1900,2610A,104.2533,23.3594,文山壮族苗族自治州,州水务局,,45,,39,31,30,93,,115,112,13,11,10,12,0.3,0.4
2025-05-09T1900,2611A,104.2319,23.3892,文山壮族苗族自治州,市便民服务中心,,35,,38,24,26,93,,112,109,14,15,9,11,0.3,0.3
2025-05-09T1900,2187A,106.8174,39.6973,乌海市,市林业局,,36,36,42,19,21,114,,112,112,9,8,8,5,0.6,0.6
2025-05-09T1900,2188A,106.7907,39.6667,乌海市,中海勃湾学校,,37,34,43,18,21,117,,117,117,9,6,8,7,0.5,0.4
2025-05-09T1900,3284A,106.813,39.7274,乌海市,海北新区,,37,28,40,3,10,118,,117,117,7,8,16,11,0.4,0.4
2025-05-09T1900,3621A,106.8288,39.6778,乌海市,聚英学校,,39,,34,27,18,112,,103,103,8,24,11,13,0.5,0.5
2025-05-09T1900,2197A,113.1306,40.9923,乌兰察布市,集宁新区,,38,38,30,26,22,96,,101,98,11,8,9,8,0.3,0.3
2025-05-09T1900,3034A,113.1076,41.0385,乌兰察布市,光明街小学,颗粒物(PM10),56,61,37,30,25,96,,98,98,10,8,5,9,0.4,0.3
2025-05-09T1900,3285A,113.1376,40.9509,乌兰察布市,北京八中,,50,38,26,35,13,96,,97,97,7,5,14,13,0.4,0.3
2025-05-09T1900,3421A,113.1775,40.9779,乌兰察布市,市委党校,,42,42,33,19,20,103,,109,107,5,3,8,7,0.2,0.1
2025-05-09T1900,1490A,87.5801,43.8303,乌鲁木齐市,监测站,,,104,79,,23,144,,137,137,26,25,6,4,0.3,0.4
2025-05-09T1900,1491A,87.6046,43.768,乌鲁木齐市,收费所,颗粒物(PM10),52,54,78,24,36,116,,117,117,8,15,5,4,0.4,0.3
2025-05-09T1900,1492A,87.4754,43.9469,乌鲁木齐市,新疆农科院农场,颗粒物(PM10),60,70,95,35,36,148,,136,136,14,40,10,9,0.5,0.5
2025-05-09T1900,1493A,87.5525,43.8711,乌鲁木齐市,铁路局,,49,41,33,29,27,154,,137,137,19,33,4,3,0.2,0.3
2025-05-09T1900,1494A,87.6432,43.831,乌鲁木齐市,三十一中学,颗粒物(PM10),59,68,84,22,24,143,,135,135,3,14,6,6,0.5,0.5
2025-05-09T1900,1496A,87.7216,44.1747,乌鲁木齐市,米东区环保局,,,,84,,27,157,,134,134,4,19,11,11,0.4,0.5
2025-05-09T1900,3033A,87.4651,43.4569,乌鲁木齐市,培训基地,颗粒物(PM10),70,90,120,22,25,125,,120,120,3,9,4,4,0.2,0.3
2025-05-09T1900,3437A,88.3118,43.3658,乌鲁木齐市,达坂城区环保局,颗粒物(PM10),52,54,53,17,18,123,,120,120,2,2,6,6,0.2,0.2
2025-05-09T1900,3438A,87.6162,43.8801,乌鲁木齐市,红光山片区,颗粒物(PM10),62,73,78,22,28,138,,129,129,15,34,5,5,0.2,0.3
2025-05-09T1900,3439A,87.7024,43.8004,乌鲁木齐市,新师大温泉校区,颗粒物(PM10),52,54,71,23,26,135,,133,133,2,5,2,3,0.2,0.2
2025-05-09T1900,3440A,87.4921,43.8411,乌鲁木齐市,大绿谷,颗粒物(PM10),65,80,107,38,39,152,,135,135,20,21,8,6,0.5,0.4
2025-05-09T1900,1188A,120.269,31.4867,无锡市,雪浪,,37,19,13,7,5,117,,118,118,6,4,3,3,0.6,0.7
2025-05-09T1900,1189A,120.275,31.6219,无锡市,黄巷,,40,40,16,9,7,92,,106,106,31,16,5,5,0.8,0.8
2025-05-09T1900,1190A,120.294,31.56,无锡市,曹张,,34,27,13,12,8,108,,110,110,15,13,2,2,0.7,0.7
2025-05-09T1900,1191A,120.242,31.5031,无锡市,漆塘,,34,22,10,9,6,108,,110,110,11,10,4,4,0.5,0.6
2025-05-09T1900,1192A,120.3489,31.5863,无锡市,东亭,,34,29,15,14,6,106,,112,112,12,9,4,4,0.8,0.7
2025-05-09T1900,1193A,120.354,31.5475,无锡市,旺庄,,35,29,11,12,9,112,,114,114,12,12,3,3,0.5,0.5
2025-05-09T1900,1194A,120.245,31.5631,无锡市,荣巷,,35,22,11,12,8,111,,115,115,10,9,4,4,0.3,0.4
2025-05-09T1900,1195A,120.299,31.6817,无锡市,堰桥,,35,19,16,9,6,111,,117,117,16,12,2,3,0.6,0.8
2025-05-09T1900,3428A,120.3142,31.4753,无锡市,华庄,,37,17,14,10,9,116,,116,116,10,8,10,8,0.6,0.6
2025-05-09T1900,2677A,106.1532,37.9648,吴忠市,教育园区,颗粒物(PM10),59,67,119,25,36,114,,113,113,8,6,5,4,0.2,0.2
2025-05-09T1900,2679A,106.1856,37.9956,吴忠市,新区二泵站,颗粒物(PM10),64,77,120,26,34,105,,107,107,23,10,6,5,0.3,0.2
2025-05-09T1900,3648A,106.2112,37.9768,吴忠市,文卫南街,颗粒物(PM10),65,80,111,23,35,119,,119,119,4,6,6,5,0.3,0.4
2025-05-09T1900,1794A,118.3606,31.3519,芜湖市,监测站,,50,50,27,20,10,101,,106,106,14,9,8,7,0.5,0.5
2025-05-09T1900,1795A,118.3714,31.4134,芜湖市,科创中心,颗粒物(PM10),51,52,19,20,8,96,,106,106,29,16,6,5,0.5,0.5
2025-05-09T1900,1796A,118.3673,31.3131,芜湖市,四水厂,,41,41,16,18,8,101,,109,109,23,11,2,2,0.5,0.5
2025-05-09T1900,3328A,118.4209,31.3707,芜湖市,市气象局,,44,44,15,17,7,104,,110,110,17,9,9,7,0.4,0.5
2025-05-09T1900,3465A,118.4781,31.3225,芜湖市,清苑社区,,41,41,17,21,8,107,,114,114,19,9,10,7,0.5,0.5
2025-05-09T1900,3466A,118.2746,31.2326,芜湖市,扬子职业技术学院,颗粒物(PM10),59,67,27,19,8,110,,108,108,16,9,5,5,0.5,0.5
2025-05-09T1900,2495A,111.3014,23.4832,梧州市,市逸夫小学,,32,28,27,11,12,101,,104,104,7,13,10,10,0.9,0.8
2025-05-09T1900,2496A,111.3239,23.4794,梧州市,市十一中,,27,18,21,15,12,86,,96,96,15,13,9,8,1.1,0.9
2025-05-09T1900,2498A,111.2711,23.4835,梧州市,龙新,,31,31,22,16,14,68,,74,74,12,10,11,13,0.6,0.5
2025-05-09T1900,4258A,111.2419,23.4154,梧州市,政贤路18号,,,30,17,10,9,98,,97,97,,12,9,10,,0.5
2025-05-09T1900,2711A,87.5475,44.1756,五家渠市,农水大厦,颗粒物(PM10),56,62,104,32,47,162,,132,132,5,21,9,14,0.4,0.5
2025-05-09T1900,3441A,87.546,44.1912,五家渠市,经开区管委会,颗粒物(PM10),57,64,100,29,37,153,,126,126,12,21,6,9,0.4,0.5
2025-05-09T1900,1325A,114.3677,30.5584,武汉市,东湖梨园,颗粒物(PM10),60,69,32,22,15,113,,122,122,12,7,5,6,0.4,0.5
2025-05-09T1900,1326A,114.2529,30.558,武汉市,汉阳月湖,颗粒物(PM10),61,71,39,17,16,118,,123,123,14,13,6,6,0.4,0.4
2025-05-09T1900,1327A,114.282,30.6189,武汉市,汉口花桥,颗粒物(PM10),63,75,35,32,18,100,,110,110,18,9,8,7,0.4,0.4
2025-05-09T1900,1328A,114.3025,30.5332,武汉市,武昌紫阳,颗粒物(PM10),68,85,38,27,20,107,,114,114,8,6,10,9,0.5,0.6
2025-05-09T1900,1329A,114.3646,30.6217,武汉市,青山钢花,颗粒物(PM10),64,77,38,39,23,113,,120,120,21,18,6,6,0.5,0.8
2025-05-09T1900,1330A,114.1566,30.4825,武汉市,沌口新区,颗粒物(PM10),55,60,38,30,24,101,,120,120,18,13,6,6,0.4,0.4
2025-05-09T1900,1331A,114.3014,30.5944,武汉市,汉口江滩,颗粒物(PM10),60,70,34,28,23,118,,123,123,14,11,8,7,0.4,0.5
2025-05-09T1900,1333A,114.135,30.6319,武汉市,吴家山,颗粒物(PM10),61,71,56,20,18,120,,122,122,14,12,8,8,0.5,0.6
2025-05-09T1900,1334A,113.8454,30.2917,武汉市,沉湖七壕,颗粒物(PM10),53,55,36,26,18,104,,104,104,9,8,5,5,0.4,0.5
2025-05-09T1900,3153A,114.3877,30.4908,武汉市,民族大道182号,颗粒物(PM10),58,65,34,31,19,129,,139,139,12,11,6,5,0.5,0.7
2025-05-09T1900,2652A,102.6201,37.9251,武威市,监测站,,37,22,147,15,43,118,,113,113,8,11,6,5,0.3,0.3
2025-05-09T1900,4270A,102.6447,37.9293,武威市,钟楼街149号,,37,32,174,18,48,116,,112,112,11,12,6,5,0.2,0.2
2025-05-09T1900,1463A,108.993,34.2629,西安市,兴庆小区,,50,50,112,21,28,108,,102,102,8,9,5,6,0.4,0.5
2025-05-09T1900,1464A,109.06,34.2572,西安市,纺织城,,50,50,118,35,41,106,,110,110,14,14,6,6,0.4,0.4
2025-05-09T1900,1465A,108.9356,34.2173,西安市,小寨,颗粒物(PM10),73,96,125,36,37,99,,96,96,10,9,5,6,0.4,0.4
2025-05-09T1900,1466A,108.954,34.2713,西安市,市人民体育场,颗粒物(PM10),59,68,128,19,40,105,,102,102,7,5,3,4,0.4,0.4
2025-05-09T1900,1467A,108.8922,34.2322,西安市,高新西区,颗粒物(PM10),57,64,95,20,26,106,,105,105,13,12,4,4,0.3,0.3
2025-05-09T1900,1468A,108.935,34.3474,西安市,经开区,细颗粒物(PM2.5),72,55,120,52,55,113,,110,110,11,9,4,4,0.4,0.4
2025-05-09T1900,1469A,108.906,34.1546,西安市,长安区,颗粒物(PM10),59,68,139,23,30,108,,103,103,18,22,7,8,0.4,0.4
2025-05-09T1900,1471A,109.2186,34.3731,西安市,临潼区,颗粒物(PM10),56,62,134,27,42,95,,106,106,12,5,6,7,0.3,0.3
2025-05-09T1900,1472A,108.869,34.378,西安市,草滩,颗粒物(PM10),60,70,139,13,14,106,,108,108,12,12,1,1,0.2,0.1
2025-05-09T1900,1473A,108.985,34.1978,西安市,曲江文化产业集团,颗粒物(PM10),51,52,100,25,38,107,,103,103,8,9,5,6,0.6,0.6
2025-05-09T1900,1474A,109.051,34.3213,西安市,广运潭,细颗粒物(PM2.5),74,,62,54,55,102,,103,103,12,10,6,6,1.7,1.4
2025-05-09T1900,3605A,109.09,34.5236,西安市,无线电监控中心,颗粒物(PM10),51,51,136,32,36,89,,102,102,19,11,4,4,0.4,0.4
2025-05-09T1900,4055A,108.8869,34.2662,西安市,行知小学,细颗粒物(PM2.5),73,62,69,53,49,105,,98,98,14,15,4,4,0.4,0.5
2025-05-09T1900,4233A,108.5962,34.1188,西安市,西苑北路977号,,44,44,162,25,33,104,,103,103,8,6,4,4,0.4,0.4
2025-05-09T1900,1483A,101.524,36.6867,西宁市,第五水厂,,,,,,,,,,,,,,,,
2025-05-09T1900,3055A,101.7775,36.6428,西宁市,城北区政府,颗粒物(PM10),65,79,49,19,22,101,,119,119,30,18,11,15,0.3,0.4
2025-05-09T1900,3629A,101.8305,36.5786,西宁市,世纪职校,颗粒物(PM10),63,75,40,14,16,119,,122,122,15,13,14,10,0.5,0.4
2025-05-09T1900,3630A,101.7413,36.6397,西宁市,师大城西校区,颗粒物(PM10),61,72,50,21,25,117,,122,122,20,17,11,11,0.4,0.7
2025-05-09T1900,2612A,100.8018,21.9995,西双版纳傣族自治州,景洪市江南,颗粒物(PM10),59,67,62,34,44,95,,108,108,10,15,3,4,0.7,0.7
2025-05-09T1900,2613A,100.8017,22.0225,西双版纳傣族自治州,景洪市江北,,43,43,44,24,30,108,,120,120,8,10,8,8,0.5,0.6
2025-05-09T1900,3606A,108.7108,34.46,西咸新区,北杜,颗粒物(PM10),59,68,128,23,25,99,,98,98,13,8,6,6,0.3,0.4
2025-05-09T1900,3607A,108.7096,34.2956,西咸新区,同德佳苑,颗粒物(PM10),57,64,142,28,34,105,,102,102,10,8,4,4,0.4,0.3
2025-05-09T1900,3608A,108.8558,34.4978,西咸新区,崇文塔,颗粒物(PM10),55,60,136,29,32,104,,103,103,9,9,6,6,0.3,0.4
2025-05-09T1900,2202A,116.1042,43.9317,锡林郭勒盟,市环保监测站,颗粒物(PM10),67,84,44,20,15,102,,98,98,10,16,1,2,0.3,0.3
2025-05-09T1900,2203A,116.0781,43.9311,锡林郭勒盟,市政府,,42,38,32,29,22,101,,98,98,8,14,1,2,0.4,0.2
2025-05-09T1900,1286A,118.1608,24.8169,厦门市,溪东,,,,,,,,,,,,,,,,
2025-05-09T1900,1287A,118.1514,24.4767,厦门市,洪文,,21,11,32,3,14,67,,59,59,12,13,1,1,0.5,0.5
2025-05-09T1900,1288A,118.0661,24.4444,厦门市,鼓浪屿,,17,6,37,3,21,52,,68,66,24,26,1,2,0.4,0.5
2025-05-09T1900,2842A,118.0936,24.5058,厦门市,湖里中学,,16,16,44,6,20,48,,57,55,23,24,1,2,0.5,0.5
2025-05-09T1900,3527A,118.0958,24.5688,厦门市,集美中学,,16,6,40,3,20,39,,53,52,32,34,1,2,0.4,0.5
2025-05-09T1900,3528A,118.1493,24.7245,厦门市,同安二实小,,12,,28,8,19,37,,57,55,19,22,3,2,0.3,0.3
2025-05-09T1900,2447A,114.3175,29.8142,咸宁市,森林公园,颗粒物(PM10),57,64,30,27,15,121,,118,118,2,3,5,5,0.5,0.4
2025-05-09T1900,3655A,114.3375,29.8683,咸宁市,长江产业园,,,58,34,36,20,131,,130,130,,5,2,1,0.7,0.7
2025-05-09T1900,4217A,114.3182,29.8447,咸宁市,双鹤路18号,颗粒物(PM10),54,58,41,36,31,133,,132,132,8,7,4,4,0.7,0.6
2025-05-09T1900,4298A,114.284,29.8595,咸宁市,碧桂路,颗粒物(PM10),59,67,44,36,28,115,,126,126,14,8,5,5,0.6,0.5
2025-05-09T1900,1918A,108.7197,34.3956,咸阳市,气象站,,,,,,,,,,,,,,,,
2025-05-09T1900,1919A,108.673,34.3155,咸阳市,实验中学,颗粒物(PM10),62,73,131,39,28,109,,107,107,8,10,7,8,0.3,0.3
2025-05-09T1900,1920A,108.7233,34.3617,咸阳市,师范学院,颗粒物(PM10),64,78,179,33,41,105,,108,108,9,6,2,2,0.4,0.4
2025-05-09T1900,3165A,108.6594,34.2969,咸阳市,两寺渡,细颗粒物(PM2.5),93,74,138,69,33,111,,107,107,11,10,5,6,0.4,0.4
2025-05-09T1900,3525A,108.6396,34.4078,咸阳市,奥体中心,颗粒物(PM10),54,57,120,24,28,93,,93,93,6,3,4,5,0.4,0.4
2025-05-09T1900,1508A,112.9433,27.8614,湘潭市,板塘,,44,44,31,22,13,140,,135,135,13,10,7,6,0.5,0.4
2025-05-09T1900,1511A,112.9118,27.8403,湘潭市,市监测站,,44,44,24,30,18,134,,132,132,13,7,2,2,0.5,0.6
2025-05-09T1900,1512A,112.8937,27.8728,湘潭市,江麓,,,53,30,26,17,118,,116,116,6,5,6,6,,0.7
2025-05-09T1900,1513A,112.9227,27.8159,湘潭市,岳塘,,46,44,27,18,17,147,,145,145,7,6,11,6,0.6,0.7
2025-05-09T1900,1514A,112.9074,27.9119,湘潭市,科大,颗粒物(PM10),52,53,35,29,16,142,,142,142,5,5,4,3,0.6,0.6
2025-05-09T1900,1562A,113.0048,27.9153,湘潭市,昭山,,48,48,33,21,16,122,,127,127,9,5,6,5,0.6,0.7
2025-05-09T1900,1564A,112.4876,27.9164,湘潭市,韶山,,41,28,33,12,11,129,,131,131,4,4,4,4,0.3,0.4
2025-05-09T1900,2492A,109.6414,28.2558,湘西土家族苗族自治州,跃进水库,,,21,15,7,5,,,106,106,3,3,5,5,0.6,0.9
2025-05-09T1900,2493A,109.7325,28.3169,湘西土家族苗族自治州,州政府,,31,22,19,16,9,99,,98,98,3,6,7,7,0.6,0.6
2025-05-09T1900,2494A,109.6958,28.2675,湘西土家族苗族自治州,吉首市计生局,,32,22,17,22,10,99,,100,100,17,11,5,4,0.3,0.3
2025-05-09T1900,2432A,112.155,32.0197,襄阳市,襄城运动路,,,108,96,,31,109,,111,111,10,7,7,7,0.5,0.5
2025-05-09T1900,2434A,112.1825,32.1142,襄阳市,高新管委会,颗粒物(PM10),100,150,122,27,33,100,,105,105,13,11,5,4,0.3,0.3
2025-05-09T1900,2435A,112.2106,32.0903,襄阳市,襄州航空路,颗粒物(PM10),80,110,90,20,28,103,,82,,14,12,7,7,0.4,0.5
2025-05-09T1900,3396A,112.0828,32.0067,襄阳市,襄城隆中路,颗粒物(PM10),94,137,97,28,25,102,,108,108,15,13,6,6,0.4,0.4
2025-05-09T1900,3397A,112.1214,32.1008,襄阳市,高新台子湾,颗粒物(PM10),88,125,81,39,30,96,,104,104,23,15,5,5,0.2,0.3
2025-05-09T1900,4251A,112.1433,32.0581,襄阳市,铁院东路4号,颗粒物(PM10),81,111,101,26,32,107,,113,113,18,12,7,7,0.2,0.3
2025-05-09T1900,2443A,113.9153,30.9285,孝感市,文化路,颗粒物(PM10),79,108,58,27,19,117,,116,116,12,9,4,6,0.5,0.5
2025-05-09T1900,2444A,113.942,30.9075,孝感市,东城区,颗粒物(PM10),91,131,65,30,8,137,,133,133,9,7,7,8,0.5,0.5
2025-05-09T1900,2181A,112.7383,38.4519,忻州市,开发区,,30,20,21,15,14,96,,95,95,10,12,6,6,0.4,0.5
2025-05-09T1900,2182A,112.7003,38.4928,忻州市,会展中心,,33,,21,23,15,75,,80,80,9,11,5,5,0.4,0.5
2025-05-09T1900,3208A,112.7283,38.4153,忻州市,市政府,,30,,23,14,18,93,,96,96,12,15,4,5,0.5,0.6
2025-05-09T1900,2389A,113.836,35.311,新乡市,环保西院,,46,46,93,14,33,97,,102,102,18,16,6,7,0.3,0.4
2025-05-09T1900,2390A,113.884,35.272,新乡市,开发区,颗粒物(PM10),65,80,106,17,37,99,,102,102,13,14,6,7,0.4,0.6
2025-05-09T1900,2391A,113.883,35.303,新乡市,环保东院,颗粒物(PM10),55,59,99,33,43,93,,102,102,11,10,4,5,0.3,0.4
2025-05-09T1900,3054A,113.9194,35.2847,新乡市,市委党校,颗粒物(PM10),54,57,89,17,38,101,,107,107,14,14,3,5,0.0,0.2
2025-05-09T1900,3475A,113.9188,35.3045,新乡市,市政府,,43,43,99,18,42,92,,103,103,14,15,8,9,0.2,0.3
2025-05-09T1900,3689A,113.9003,35.372,新乡市,行政服务中心,,46,44,99,32,31,86,,95,95,15,15,4,4,0.3,0.4
2025-05-09T1900,4215A,113.9166,35.3315,新乡市,建设东路46号,颗粒物(PM10),58,66,107,28,40,84,,106,104,9,7,3,4,0.2,0.4
2025-05-09T1900,2352A,115.0861,27.9317,新余市,北岗,,,,,,,,,,,,,,,,
2025-05-09T1900,2353A,114.9886,27.8431,新余市,飞宇,,49,49,23,19,9,98,,109,109,14,4,4,4,0.3,0.6
2025-05-09T1900,2354A,114.9231,27.8246,新余市,第二水厂,,38,38,23,16,10,105,,110,110,4,3,6,5,0.2,0.3
2025-05-09T1900,2355A,114.9308,27.8036,新余市,市气象局,,35,35,22,15,10,105,,112,112,5,5,3,3,0.6,1.1
2025-05-09T1900,3206A,114.9149,27.807,新余市,新钢沁园村,,44,44,22,15,10,106,,111,111,9,6,6,6,0,0.6
2025-05-09T1900,2054A,114.1099,32.1059,信阳市,平桥分局,颗粒物(PM10),95,139,53,42,32,112,,118,117,9,8,4,4,0.2,0.4
2025-05-09T1900,2064A,113.9956,32.1271,信阳市,南湾水厂,颗粒物(PM10),92,133,69,47,26,115,,118,118,8,9,4,4,0.1,0.3
2025-05-09T1900,2065A,114.0775,32.1195,信阳市,市酿酒公司,颗粒物(PM10),102,154,62,48,26,106,,112,112,6,9,4,4,0.2,0.4
2025-05-09T1900,2066A,114.0609,32.1399,信阳市,审计局,颗粒物(PM10),100,150,82,46,27,112,,116,115,6,8,5,5,0.2,0.4
2025-05-09T1900,2200A,122.0392,46.0656,兴安盟,胜华新制药厂,细颗粒物(PM2.5),52,39,34,36,31,103,,118,118,17,6,2,2,0.5,0.3
2025-05-09T1900,2201A,121.9504,46.0741,兴安盟,科右前旗环保局,,36,36,32,24,29,108,,117,117,12,6,6,7,0.6,0.5
2025-05-09T1900,3035A,122.0931,46.0707,兴安盟,北滨河,,43,30,33,30,26,109,,125,125,16,9,7,6,0.3,0.3
2025-05-09T1900,1077A,114.4704,37.0886,邢台市,达活泉,,24,16,43,3,22,75,,84,84,8,13,3,2,0.1,0.3
2025-05-09T1900,1078A,114.5062,37.0349,邢台市,邢师高专,,23,20,42,3,19,73,,86,86,9,11,2,2,0.4,0.5
2025-05-09T1900,1079A,114.5237,37.0851,邢台市,路桥公司,,23,16,41,3,23,71,,93,92,10,13,3,3,0,0.1
2025-05-09T1900,1080A,114.4725,37.0719,邢台市,市环保局,,32,32,53,3,27,80,,92,92,9,14,3,3,0.2,0.4
2025-05-09T1900,3584A,115.8844,39.0341,雄安新区,容城县环境保护局,,31,6,53,3,28,99,,82,82,8,21,8,10,0,0.3
2025-05-09T1900,3585A,115.8665,39.0645,雄安新区,河北容城中学,,30,,56,8,32,94,,76,76,7,17,6,8,0.2,0.5
2025-05-09T1900,3586A,115.923,38.9405,雄安新区,安新县民政局,,30,23,64,11,31,96,,80,80,10,17,4,5,0.1,0.4
2025-05-09T1900,3587A,115.9324,38.9338,雄安新区,安新县电力局,,35,18,63,3,35,109,,92,92,5,12,6,7,0,0.1
2025-05-09T1900,3588A,116.0901,38.9816,雄安新区,雄县环境保护局,,26,7,62,3,32,82,,72,72,2,11,6,7,0.3,0.5
2025-05-09T1900,3589A,116.1105,39.0046,雄安新区,雄县国土资源局,,25,20,59,6,31,79,,67,67,7,19,6,7,0.2,0.4
2025-05-09T1900,1177A,117.179,34.2761,徐州市,黄河新村,,46,46,19,24,11,95,,101,101,24,18,4,4,0.4,0.3
2025-05-09T1900,1180A,117.256,34.2153,徐州市,新城区,,34,34,16,23,11,84,,99,96,21,12,5,5,0.4,0.4
2025-05-09T1900,1182A,117.2933,34.2778,徐州市,农科院,,34,34,17,22,12,82,,96,95,27,15,4,4,0.2,0.2
2025-05-09T1900,3005A,117.1814,34.29,徐州市,鼓楼区政府,,37,37,11,20,12,92,,97,97,15,11,6,7,0.5,0.5
2025-05-09T1900,3006A,117.1694,34.1781,徐州市,铜山区招生办,,34,34,14,11,8,89,,103,98,20,14,5,5,0.3,0.3
2025-05-09T1900,3288A,117.4754,34.4422,徐州市,大泉街道,,33,33,20,12,12,87,,92,91,12,11,8,8,0.3,0.3
2025-05-09T1900,4186A,117.1942,34.22935,徐州市,解放南路202号,,47,47,21,24,13,101,,104,104,19,16,5,5,0.4,0.4
2025-05-09T1900,4288A,117.2456,34.2908,徐州市,龙潭环路5号,,31,31,18,17,8,88,,96,96,12,10,7,8,0.5,0.4
2025-05-09T1900,2398A,113.7906,33.9953,许昌市,开发区,颗粒物(PM10),56,61,129,15,53,109,,113,112,6,11,3,4,0.3,0.5
2025-05-09T1900,3134A,113.8172,34.0339,许昌市,市一中,颗粒物(PM10),104,157,139,8,43,93,,98,98,9,14,2,4,0.4,0.5
2025-05-09T1900,3337A,113.8614,34.0442,许昌市,许昌学院,颗粒物(PM10),76,102,138,10,39,109,,113,113,8,12,5,6,0.4,0.6
2025-05-09T1900,3338A,113.843,34.0823,许昌市,芙蓉广场,颗粒物(PM10),127,203,157,35,62,108,,113,113,5,13,4,6,0.3,0.5
2025-05-09T1900,4180A,113.8157,34.12670,许昌市,新元大道996号,颗粒物(PM10),98,145,144,20,42,105,,109,108,10,16,2,2,0.1,0.3
2025-05-09T1900,4259A,113.8358,34.01552,许昌市,望田路111号,颗粒物(PM10),87,124,129,9,49,111,,115,114,16,15,4,5,0.1,0.5
2025-05-09T1900,2316A,118.7581,30.9454,宣城市,鳌峰子站,,35,26,18,18,6,109,,105,105,8,6,5,5,0.5,0.4
2025-05-09T1900,2317A,118.7385,30.9743,宣城市,敬亭山子站,,26,23,9,13,5,83,,86,86,5,7,6,6,0.4,0.5
2025-05-09T1900,2318A,118.7173,30.9427,宣城市,开发区子站,,35,30,11,15,6,111,,107,107,8,5,5,4,0.4,0.4
2025-05-09T1900,3470A,118.7724,30.9141,宣城市,夏渡子站,,34,32,13,16,6,107,,98,98,8,9,5,5,0.4,0.4
2025-05-09T1900,2555A,103.0111,29.9833,雅安市,市政府,颗粒物(PM10),90,129,60,39,24,73,,93,93,17,12,6,6,0.3,0.3
2025-05-09T1900,2556A,102.9905,29.9775,雅安市,川农大,颗粒物(PM10),89,128,58,40,22,78,,86,86,15,12,6,6,0.2,0.3
2025-05-09T1900,3700A,103.0456,29.9956,雅安市,康养中心,,,,,,,,,,,,,,,,
2025-05-09T1900,4306A,103.0545,30.0133,雅安市,滨江西路,颗粒物(PM10),96,141,63,41,23,76,,97,97,25,18,3,3,0.4,0.3
2025-05-09T1900,1642A,121.2514,37.5639,烟台市,开发区,,36,19,22,12,14,115,,116,116,7,10,5,5,0.5,0.5
2025-05-09T1900,1644A,121.3181,37.5436,烟台市,西郊化工站,,34,29,31,18,14,107,,116,115,13,8,3,2,0.4,0.4
2025-05-09T1900,1645A,121.4478,37.4822,烟台市,莱山环保局,,32,27,30,18,14,101,,115,111,10,5,3,3,0.2,0.2
2025-05-09T1900,1646A,121.2611,37.4967,烟台市,福山环保局,,35,27,33,24,16,107,,113,112,11,7,4,4,0.2,0.1
2025-05-09T1900,3057A,121.5992,37.4014,烟台市,牟平检察院,,36,24,29,6,10,114,,118,117,8,7,2,2,0.4,0.4
2025-05-09T1900,3366A,121.5206,37.4336,烟台市,中国农业大学,,36,31,30,9,10,113,,121,120,10,9,3,3,0.2,0.2
2025-05-09T1900,4213A,121.3642,37.5296,烟台市,青年南路118号,,,,28,21,15,97,,102,98,15,7,2,3,,0.3
2025-05-09T1900,1926A,109.4131,36.6275,延安市,枣园,颗粒物(PM10),81,112,105,26,30,103,,91,91,6,15,10,10,0.6,0.6
2025-05-09T1900,1927A,109.4761,36.6028,延安市,延大医附院,,,105,138,30,30,101,,97,97,,14,4,3,0.2,0.3
2025-05-09T1900,1929A,109.5056,36.6106,延安市,百米大道,颗粒物(PM10),67,84,137,32,34,104,,96,96,16,25,4,4,0.3,0.3
2025-05-09T1900,3652A,109.4809,36.5786,延安市,西北局旧址,颗粒物(PM10),61,72,128,16,25,98,,93,93,12,13,6,6,0.4,0.4
2025-05-09T1900,2237A,129.47,42.8883,延边朝鲜族自治州,妇幼医院,颗粒物(PM10),52,54,45,21,21,90,,103,103,12,16,6,6,0.5,0.5
2025-05-09T1900,2238A,129.5055,42.9108,延边朝鲜族自治州,延边医院,,34,34,44,21,20,94,,107,106,9,18,6,6,0.6,0.6
2025-05-09T1900,2239A,129.3964,42.8881,延边朝鲜族自治州,朝阳川镇医院,,,,43,,20,,,111,111,,16,,7,,0.6
2025-05-09T1900,1216A,120.156,33.3942,盐城市,市监测站,,32,14,10,12,12,101,,98,98,14,11,4,4,0.4,0.4
2025-05-09T1900,1218A,120.2144,33.38,盐城市,开发区管委会,,31,14,12,3,7,99,,98,98,11,9,7,7,0.4,0.5
2025-05-09T1900,3004A,120.1544,33.3663,盐城市,宝龙广场,,34,9,7,9,8,106,,105,105,14,10,5,5,0.5,0.5
2025-05-09T1900,3293A,120.1501,33.3367,盐城市,月亮广场,,29,10,11,6,5,91,,90,90,14,9,7,7,0.3,0.4
2025-05-09T1900,3436A,120.4279,33.205,盐城市,大丰高级中学,,32,12,8,7,6,102,,104,104,14,11,4,4,0.3,0.3
2025-05-09T1900,4207A,120.1221,33.3940,盐城市,黄海中路88号,,34,,9,12,9,106,,104,104,14,10,6,7,0.4,0.4
2025-05-09T1900,1186A,119.389,32.3761,扬州市,邗江监测站,,32,29,12,12,7,100,,106,106,10,7,2,2,0.5,0.5
2025-05-09T1900,2869A,119.447,32.4155,扬州市,五台山医院,,35,20,20,10,12,109,,116,115,8,7,5,5,0.3,0.3
2025-05-09T1900,3164A,119.4686,32.3942,扬州市,广陵建设局,,34,31,14,7,9,107,,112,112,12,9,6,6,0.5,0.6
2025-05-09T1900,3195A,119.3633,32.3972,扬州市,市体育局,,34,31,12,12,7,108,,113,113,6,5,5,4,0.5,0.6
2025-05-09T1900,3294A,119.5653,32.4222,扬州市,引江管理处,,32,23,12,11,7,102,,107,106,12,8,2,2,0.6,0.7
2025-05-09T1900,1699A,111.9797,21.8593,阳江市,鸳鸯湖,,,,,,,,,,,,,,,,
2025-05-09T1900,1701A,111.9491,21.8658,阳江市,马南垌,,26,26,15,3,7,78,,81,81,13,6,2,2,0.6,0.5
2025-05-09T1900,3317A,111.9765,21.8947,阳江市,两阳中学,,21,20,15,6,5,67,,73,73,13,5,4,4,0.5,0.4
2025-05-09T1900,3453A,112.0125,21.8749,阳江市,阳东陶然,,27,25,15,8,6,84,,83,83,15,5,5,4,0.8,0.5
2025-05-09T1900,1738A,113.5758,37.8572,阳泉市,市中心,,26,26,41,18,22,74,,96,92,15,21,6,7,0.5,0.5
2025-05-09T1900,1739A,113.4894,37.8731,阳泉市,赛鱼,,26,21,32,18,18,73,,94,89,17,28,8,8,0.5,0.5
2025-05-09T1900,1740A,113.5819,37.8486,阳泉市,南庄,,39,,41,27,25,75,,98,93,15,18,6,7,0.6,0.6
2025-05-09T1900,1742A,113.5614,37.8703,阳泉市,平坦,,26,26,41,3,19,75,,95,92,17,30,6,6,0.5,0.5
2025-05-09T1900,1743A,113.5158,37.8392,阳泉市,大阳泉,,24,6,33,3,20,75,,96,91,16,20,3,4,0.4,0.4
2025-05-09T1900,3619A,113.617,37.8571,阳泉市,龙柱,,25,8,42,3,22,79,,96,94,10,16,5,5,0.4,0.4
2025-05-09T1900,2252A,128.5159,47.4311,伊春市,环保局,,32,22,24,7,14,100,,108,107,9,10,8,10,0.7,0.7
2025-05-09T1900,2253A,128.9102,47.7412,伊春市,电力嘉园,,28,28,26,17,15,89,,100,99,12,11,6,5,0.5,0.5
2025-05-09T1900,2254A,129.5029,48.471,伊春市,汤旺河国家公园,,29,16,15,8,8,90,,112,109,8,7,5,5,0.5,0.4
2025-05-09T1900,3342A,128.4741,47.4346,伊春市,中心小学,,33,30,24,23,15,98,,110,110,8,7,2,2,0.4,0.5
2025-05-09T1900,3343A,128.6871,47.7369,伊春市,检察院,,,,35,30,24,94,,111,110,12,10,3,4,,0.3
2025-05-09T1900,3344A,128.8431,47.8474,伊春市,双子河社区,,33,20,29,15,13,104,,115,114,9,10,4,4,0.5,0.5
2025-05-09T1900,3480A,129.1368,47.6417,伊春市,美溪镇,,27,11,35,8,18,84,,,,11,16,5,5,1.2,1.3
2025-05-09T1900,2704A,81.2996,43.9174,伊犁哈萨克自治州,新政府片区,颗粒物(PM10),53,55,51,14,17,142,,123,123,10,17,7,5,0.4,0.4
2025-05-09T1900,2705A,81.3364,43.941,伊犁哈萨克自治州,第二水厂,臭氧1小时,59,56,56,39,20,167,,130,130,10,18,10,8,0.2,0.3
2025-05-09T1900,4273A,81.2737,43.9337,伊犁哈萨克自治州,安徽路800号,臭氧1小时,65,51,59,15,20,172,,141,141,8,23,8,5,0.3,0.4
2025-05-09T1900,1882A,104.563,28.793,宜宾市,石马中学,颗粒物(PM10),115,179,71,64,49,103,,110,110,10,17,8,7,0.5,0.7
2025-05-09T1900,1883A,104.6201,28.7728,宜宾市,市委,颗粒物(PM10),108,166,76,43,45,89,,96,96,21,22,12,12,0.6,0.8
2025-05-09T1900,1884A,104.6055,28.793,宜宾市,宜宾四中,颗粒物(PM10),121,191,82,53,46,100,,103,103,16,20,9,9,0.5,0.7
2025-05-09T1900,1885A,104.639,28.7562,宜宾市,市政府,颗粒物(PM10),125,200,71,48,44,105,,106,106,16,25,11,11,0.5,0.7
2025-05-09T1900,1886A,104.5742,28.7199,宜宾市,黄金嘴,颗粒物(PM10),110,170,66,51,34,101,,107,107,15,23,10,10,0.5,0.7
2025-05-09T1900,3728A,104.68,28.8071,宜宾市,白酒学院,,,,70,,45,110,,109,109,15,19,,8,0.5,0.7
2025-05-09T1900,1840A,111.2992,30.6981,宜昌市,白龙岗,,46,46,21,19,9,112,,115,115,17,14,11,8,0.6,0.5
2025-05-09T1900,1842A,111.2628,30.6961,宜昌市,点军区,颗粒物(PM10),51,51,32,19,7,123,,108,108,21,24,7,7,0.4,0.4
2025-05-09T1900,1843A,111.3275,30.7819,宜昌市,夷陵区,颗粒物(PM10),54,57,25,7,6,115,,116,116,18,12,8,6,0.3,0.3
2025-05-09T1900,3546A,111.4606,30.552,宜昌市,猇亭区张家湾站,,49,49,26,22,11,100,,99,99,17,23,4,4,0.7,0.3
2025-05-09T1900,4203A,111.3168,30.7203,宜昌市,西陵二路116号,,43,43,20,22,9,81,,72,72,16,19,6,6,0.4,0.3
2025-05-09T1900,4204A,111.3526,30.6374,宜昌市,沈家店路6号,颗粒物(PM10),56,62,26,29,11,101,,98,98,24,28,8,6,0.6,0.6
2025-05-09T1900,2371A,114.3408,27.8064,宜春市,槟榔水业,,,,,,,,,,,,,,,,
2025-05-09T1900,2373A,114.3956,27.7844,宜春市,市石油公司,,46,46,27,19,13,112,,112,112,4,6,4,4,0.6,0.9
2025-05-09T1900,2374A,114.3703,27.7914,宜春市,市气象局,,43,43,29,23,14,115,,117,117,2,6,6,4,0.4,0.6
2025-05-09T1900,2375A,114.4013,27.8074,宜春市,市广电局,,48,48,31,12,10,110,,109,109,3,5,12,11,0.4,0.6
2025-05-09T1900,3151A,114.375,27.8097,宜春市,宜春学院北校区,,41,41,27,18,13,117,,112,112,3,4,8,6,0.3,0.5
2025-05-09T1900,3415A,114.4519,28.0828,宜春市,万载县环保局,,46,46,21,17,8,103,,107,107,7,6,8,10,0.4,0.7
2025-05-09T1900,2467A,112.4067,28.6428,益阳市,甘溪港,颗粒物(PM10),55,59,34,27,18,136,,123,123,8,4,6,7,0.7,0.7
2025-05-09T1900,2468A,112.3458,28.5808,益阳市,市环保局,,41,39,28,28,16,131,,126,126,9,5,2,3,0.5,0.5
2025-05-09T1900,4181A,112.3571,28.55878,益阳市,龙洲,颗粒物(PM10),52,54,34,35,16,144,,134,134,8,7,4,5,0.4,0.4
2025-05-09T1900,4187A,112.3425,28.6110,益阳市,幸福渠东路223号,,43,35,23,18,10,135,,126,126,12,7,2,3,0.4,0.3
2025-05-09T1900,4188A,112.3712,28.5764,益阳市,益鑫泰路85号,,43,32,20,24,20,135,,125,125,11,7,3,4,0.4,0.5
2025-05-09T1900,1484A,105.9512,38.6016,银川市,贺兰山马莲口,,,,,,,,,,,,,,,,
2025-05-09T1900,1489A,106.1358,38.5036,银川市,学院路,细颗粒物(PM2.5),73,60,62,53,40,101,,98,98,11,11,6,5,0.3,0.3
2025-05-09T1900,2924A,106.2266,38.4418,银川市,水乡路,颗粒物(PM10),59,68,67,29,21,97,,97,97,13,10,9,6,0.5,0.4
2025-05-09T1900,2925A,106.2757,38.4842,银川市,上海东路,颗粒物(PM10),67,83,55,19,19,104,,103,103,10,8,8,7,0.3,0.2
2025-05-09T1900,2926A,106.1015,38.497,银川市,文昌北街,颗粒物(PM10),52,54,57,26,21,107,,105,105,11,10,7,6,0.3,0.3
2025-05-09T1900,3523A,106.5105,38.3856,银川市,滨河新区,颗粒物(PM10),51,51,68,18,21,117,,114,114,9,9,6,6,0.4,0.4
2025-05-09T1900,4242A,106.2264,38.4920,银川市,广场西路,颗粒物(PM10),59,67,53,21,37,115,,115,115,9,7,6,3,0.4,0.4
2025-05-09T1900,2357A,116.9822,28.1136,鹰潭市,龙虎山,,,,,,,,,,,,,,,,
2025-05-09T1900,2358A,117.0564,28.2642,鹰潭市,新监测站,,35,21,15,3,11,109,,108,108,8,8,9,9,0.7,0.6
2025-05-09T1900,2359A,117.0311,28.2475,鹰潭市,财苑宾馆,,37,19,17,11,9,117,,114,114,2,3,9,8,0.4,0.5
2025-05-09T1900,2360A,117.0222,28.2264,鹰潭市,体育馆,,35,23,18,9,8,109,,105,105,6,6,11,9,0.3,0.3
2025-05-09T1900,2361A,117.0017,28.2131,鹰潭市,三川水表,,33,23,18,7,5,104,,97,97,2,6,7,7,0.6,0.6
2025-05-09T1900,1597A,122.2703,40.7094,营口市,大庆路,颗粒物(PM10),54,57,54,22,26,82,,99,98,13,17,2,4,0.3,0.4
2025-05-09T1900,1598A,122.2150,40.6511,营口市,镜湖西路,颗粒物(PM10),61,72,56,22,22,88,,100,100,12,16,4,10,0.6,0.7
2025-05-09T1900,1599A,122.1658,40.6789,营口市,西炮台,颗粒物(PM10),55,59,57,27,25,69,,84,83,12,14,2,7,0.5,0.6
2025-05-09T1900,3379A,122.1139,40.2278,营口市,鲅鱼圈市民活动中心,颗粒物(PM10),76,102,49,37,20,66,,98,77,36,20,8,8,0.9,0.6
2025-05-09T1900,3866A,122.2469,40.66302,营口市,三高中,颗粒物(PM10),56,61,62,24,27,84,,98,98,10,12,7,7,0.2,0.4
2025-05-09T1900,4006A,122.3622,40.6762,营口市,老边实验小学,,39,34,77,27,31,86,,97,97,15,28,7,15,0.8,1.1
2025-05-09T1900,2477A,111.6217,26.2081,永州市,零陵南津渡,,46,46,35,16,12,115,,119,119,2,2,8,8,0.5,0.4
2025-05-09T1900,2478A,111.6156,26.4214,永州市,市环境监测站,,39,39,24,17,14,100,,106,106,10,6,3,3,0.4,0.5
2025-05-09T1900,2480A,111.5992,26.4364,永州市,永州市环保局,,34,34,23,18,15,101,,99,99,5,6,5,6,0.4,0.5
2025-05-09T1900,2481A,111.5989,26.4519,永州市,冷水滩区环保局,颗粒物(PM10),51,51,25,24,15,110,,116,116,6,6,5,5,0.5,0.6
2025-05-09T1900,4299A,111.6195,26.2253,永州市,徐家井路86号,,39,39,19,19,12,109,,112,112,5,6,5,5,0.5,0.5
2025-05-09T1900,2638A,109.7414,38.3344,榆林市,红石峡森林公园,,,,,,,,,,,,,,,,
2025-05-09T1900,2639A,109.7456,38.2911,榆林市,世纪广场,颗粒物(PM10),54,57,50,27,23,101,,102,102,14,18,5,6,0.5,0.5
2025-05-09T1900,2640A,109.7289,38.2839,榆林市,实验中学,颗粒物(PM10),62,74,53,25,19,106,,106,106,6,10,4,6,0.3,0.3
2025-05-09T1900,2641A,109.7336,38.2478,榆林市,环保监测大楼,颗粒物(PM10),52,54,49,29,23,102,,100,100,10,16,7,10,0.4,0.4
2025-05-09T1900,2509A,110.1106,22.7019,玉林市,寒山水库,,,20,16,,17,61,,88,79,17,8,3,2,0.7,0.6
2025-05-09T1900,2511A,110.1433,22.6164,玉林市,南江一中,,32,26,18,16,11,101,,98,96,1,1,1,7,0.9,0.8
2025-05-09T1900,3532A,110.1945,22.6831,玉林市,玉林师范学院东校区,,40,28,16,28,12,89,,89,89,23,14,5,4,0.5,0.4
2025-05-09T1900,3533A,110.0527,22.5893,玉林市,福绵环保局,,30,30,16,16,9,73,,85,84,22,10,2,3,0.3,0.1
2025-05-09T1900,4255A,110.1680,22.6410,玉林市,人民东路196号,,45,,16,31,10,82,,83,82,15,8,6,8,0.7,0.6
2025-05-09T1900,2675A,97,33.0014,玉树藏族自治州,玉树县结古镇,,36,36,48,7,10,112,,114,114,5,11,6,7,0.3,0.4
2025-05-09T1900,1715A,102.575,24.3711,玉溪市,东风水库,,45,22,33,20,26,141,,145,145,10,15,5,5,0.3,0.4
2025-05-09T1900,2882A,102.5389,24.3703,玉溪市,玉溪一中,,41,30,35,16,19,130,,140,140,10,16,4,5,0.4,0.4
2025-05-09T1900,2883A,102.5381,24.3389,玉溪市,文体中心,,43,41,36,23,20,136,,140,140,9,14,4,4,0.3,0.4
2025-05-09T1900,1848A,113.1493,29.4251,岳阳市,城陵矶,颗粒物(PM10),57,64,42,23,20,115,,117,117,14,12,6,5,0.4,0.5
2025-05-09T1900,1849A,113.1497,29.3575,岳阳市,开发区,颗粒物(PM10),59,68,41,26,19,126,,126,126,13,10,5,4,0.3,0.6
2025-05-09T1900,1850A,113.2621,29.4758,岳阳市,云溪区,颗粒物(PM10),56,62,38,23,19,126,,127,127,14,12,12,14,0.4,0.4
2025-05-09T1900,1851A,112.9943,29.4402,岳阳市,君山区,颗粒物(PM10),56,62,39,21,18,128,,128,128,12,10,9,10,0.5,0.5
2025-05-09T1900,1852A,113.2117,29.355,岳阳市,金凤水库,颗粒物(PM10),56,61,37,18,15,114,,119,119,11,9,3,4,0.4,0.6
2025-05-09T1900,4265A,113.1088,29.3531,岳阳市,求索西路365号,颗粒物(PM10),61,72,35,26,18,114,,112,112,12,9,6,5,0.3,0.3
2025-05-09T1900,1712A,112.0392,22.9169,云浮市,新市府,,20,9,13,8,7,64,,85,84,5,7,3,3,0.3,0.3
2025-05-09T1900,1714A,112.0539,22.9539,云浮市,牧羊,,20,14,23,11,8,63,,68,68,14,19,4,3,0.3,0.3
2025-05-09T1900,3628A,112.0336,22.9374,云浮市,文笔,,27,17,14,9,10,86,,85,85,10,12,3,4,0.7,0.7
2025-05-09T1900,2175A,110.9956,35.0147,运城市,运城中学,,,41,84,13,23,90,,93,93,9,6,,5,0.3,0.5
2025-05-09T1900,2178A,110.9686,35.0303,运城市,地区技校,,48,48,99,6,29,85,,88,88,12,10,4,4,0.3,0.4
2025-05-09T1900,2179A,111.0414,35.1147,运城市,空港新区,,44,44,90,14,24,92,,92,92,8,11,4,6,0.4,0.6
2025-05-09T1900,3667A,111.0283,35.0547,运城市,水利职院,颗粒物(PM10),52,54,95,11,28,86,,87,87,9,10,2,3,0.4,0.6
2025-05-09T1900,3670A,111.0522,35.0439,运城市,禹都公园,颗粒物(PM10),62,73,97,8,24,92,,94,94,6,7,5,5,0.4,0.6
2025-05-09T1900,1637A,117.558,34.8438,枣庄市,市中区政府,,27,22,12,3,5,86,,104,99,11,4,7,1,0.2,0.1
2025-05-09T1900,1638A,117.2852,34.7837,枣庄市,薛城环保局,,26,20,21,9,11,82,,101,95,14,5,1,1,0.3,0.3
2025-05-09T1900,1639A,117.5852,34.7745,枣庄市,峄城区政府,,,19,14,7,6,85,,106,101,,4,,2,0.4,0.3
2025-05-09T1900,1640A,117.7276,34.5578,枣庄市,台儿庄区环保局,,26,12,11,7,8,83,,106,101,11,6,2,2,0.4,0.4
2025-05-09T1900,1641A,117.4518,35.0992,枣庄市,山亭区环保局,,32,,15,17,11,100,,111,102,8,4,3,3,0.5,0.5
2025-05-09T1900,3364A,117.3152,34.8103,枣庄市,市环保局,,25,12,15,7,9,80,,97,94,14,7,1,2,0.3,0.2
2025-05-09T1900,1680A,110.3539,21.2706,湛江市,湛江影剧院,,30,21,21,3,7,94,,102,102,10,8,9,10,0.5,0.5
2025-05-09T1900,1681A,110.3928,21.2228,湛江市,市环境监测站,,32,18,13,7,7,101,,104,104,12,6,10,9,0.6,0.6
2025-05-09T1900,1682A,110.4019,21.1997,湛江市,环保局宿舍,,36,14,16,3,8,114,,106,106,9,7,9,10,0.5,0.5
2025-05-09T1900,1683A,110.4111,21.2028,湛江市,霞山游泳场,,38,20,15,6,7,119,,110,110,7,5,5,5,0.5,0.5
2025-05-09T1900,1684A,110.3316,21.2679,湛江市,麻章区环保局,,30,21,20,6,13,96,,102,102,14,11,10,11,0.7,0.7
2025-05-09T1900,1685A,110.4558,21.2567,湛江市,坡头区环保局,,35,18,13,3,5,110,,105,105,10,7,4,3,0.4,0.3
2025-05-09T1900,1858A,110.5319,29.1217,张家界市,永定新区,,26,26,17,13,8,81,,87,87,3,6,4,4,0.4,0.4
2025-05-09T1900,1859A,110.4697,29.1242,张家界市,电业局,,30,22,13,21,13,70,,85,85,8,4,4,4,0.5,0.5
2025-05-09T1900,1860A,110.5594,29.3547,张家界市,未央路,,,21,15,12,7,64,,93,91,,2,5,4,0.1,0.2
2025-05-09T1900,1861A,110.4417,29.315,张家界市,袁家界,,,,,,,,,,,,,,,,
2025-05-09T1900,1057A,114.8883,40.8336,张家口市,人民公园,,32,32,20,21,22,66,,103,97,25,10,4,4,0.6,0.4
2025-05-09T1900,1059A,114.8687,40.8042,张家口市,五金库,,29,29,23,19,14,76,,100,95,18,7,4,4,0.5,0.5
2025-05-09T1900,1060A,114.8902,40.762,张家口市,世纪豪园,,38,,19,26,11,85,,111,106,24,13,5,4,0.7,0.6
2025-05-09T1900,1061A,114.8916,40.8661,张家口市,北泵房,,29,26,25,20,15,68,,108,100,13,7,4,4,0.5,0.4
2025-05-09T1900,3131A,114.879,40.7993,张家口市,烟厂,,46,46,39,21,15,90,,108,105,9,5,3,3,0.5,0.5
2025-05-09T1900,3323A,115.2773,40.9724,张家口市,青少年活动中心,,32,,22,22,17,99,,111,109,3,2,6,6,0.4,0.4
2025-05-09T1900,2654A,100.4698,38.9524,张掖市,润泉湖,,37,24,52,11,23,116,,118,118,4,8,3,6,0.3,0.4
2025-05-09T1900,2655A,100.4154,38.9422,张掖市,区工会,,36,13,46,6,15,113,,118,118,2,8,2,4,0.3,0.4
2025-05-09T1900,2075A,117.6336,24.4674,漳州市,九湖,,,,,,,,,,,,,,,,
2025-05-09T1900,2920A,117.7116,24.506,漳州市,蓝田镇,,14,7,72,3,49,42,,68,66,16,16,4,5,0.4,0.6
2025-05-09T1900,3216A,114.6622,24.5183,漳州市,漳州党校,,13,11,61,3,39,41,,64,61,17,14,6,7,0.6,0.8
2025-05-09T1900,3530A,117.6296,24.5314,漳州市,西洋坪路,,13,11,42,9,29,38,,60,58,18,15,4,6,0.7,1
2025-05-09T1900,2596A,103.7667,27.3736,昭通市,监测站,颗粒物(PM10),55,59,43,20,23,93,,106,105,12,11,6,5,0.5,0.5
2025-05-09T1900,4261A,103.7247,27.3415,昭通市,环东路146号,颗粒物(PM10),53,55,28,29,24,97,,106,106,9,11,9,12,0.3,0.5
2025-05-09T1900,1397A,112.4267,23.0706,肇庆市,睦岗子站,,24,21,20,11,8,74,,94,88,28,16,6,7,0.5,0.3
2025-05-09T1900,1398A,112.4645,23.0475,肇庆市,城中子站,,23,23,18,15,9,64,,87,77,29,18,5,6,0.6,0.6
2025-05-09T1900,1399A,112.5544,23.1522,肇庆市,坑口子站,,,25,15,18,8,71,,88,86,23,12,3,3,,0.2
2025-05-09T1900,1400A,112.4753,23.1,肇庆市,七星岩子站,,29,29,19,19,10,71,,84,78,19,14,6,6,0.4,0.4
2025-05-09T1900,3313A,112.4575,23.0166,肇庆市,高要湖西,,25,,18,13,9,79,,95,87,13,11,3,4,0.4,0.4
2025-05-09T1900,3451A,112.5617,23.2083,肇庆市,鼎湖凤凰,,25,15,15,7,8,77,,100,98,10,12,3,3,0.5,0.4
2025-05-09T1900,1203A,119.6707,32.1875,镇江市,新区办事处,,28,14,10,9,10,88,,107,105,32,16,2,2,0.5,0.6
2025-05-09T1900,1204A,119.4974,32.1968,镇江市,职教中心,,42,42,19,26,10,91,,103,102,19,15,4,3,0.7,0.7
2025-05-09T1900,1205A,119.4303,32.1328,镇江市,丹徒区监测站,,36,23,11,11,11,114,,121,121,15,12,5,3,0.7,0.7
2025-05-09T1900,2870A,119.4424,32.1873,镇江市,市疾控中心,,31,27,12,11,12,99,,110,109,21,15,5,5,0.5,0.5
2025-05-09T1900,3287A,119.3842,32.1976,镇江市,富润路1号,,37,37,15,15,12,105,,122,120,28,15,7,6,0.5,0.5
2025-05-09T1900,1316A,113.69031,34.76122,郑州市,烟厂,颗粒物(PM10),67,83,137,10,36,107,,112,111,7,9,3,4,0.7,1.2
2025-05-09T1900,1318A,113.67526,34.80246,郑州市,银行学校,颗粒物(PM10),69,88,134,16,19,110,,112,112,7,11,6,7,0.4,0.6
2025-05-09T1900,1319A,113.56746,34.81334,郑州市,供水公司,颗粒物(PM10),51,52,121,11,35,101,,104,104,6,9,2,3,0.3,0.5
2025-05-09T1900,1320A,113.7329,34.7178,郑州市,经开区管委,颗粒物(PM10),53,56,116,6,39,105,,111,110,9,12,3,4,0.4,0.6
2025-05-09T1900,1321A,113.73961,34.77172,郑州市,四十七中,,48,48,133,28,37,110,,114,113,9,12,2,3,0.4,0.6
2025-05-09T1900,1323A,113.64164,34.7525,郑州市,河医大,颗粒物(PM10),61,72,150,27,50,100,,106,105,12,15,6,6,0.4,0.6
2025-05-09T1900,1324A,113.51488,34.91089,郑州市,岗李水库,,,,51,,32,,,,,,26,,5,,0.8
2025-05-09T1900,3471A,113.616563,34.86783,郑州市,惠济区政府,颗粒物(PM10),66,81,121,39,37,111,,113,113,13,13,2,2,0.3,0.6
2025-05-09T1900,3590A,113.8374,34.5589,郑州市,北区建设指挥部,颗粒物(PM10),83,115,162,33,43,110,,120,119,8,12,3,3,0.3,0.5
2025-05-09T1900,3591A,113.30952,34.803229,郑州市,上街区政府,颗粒物(PM10),54,57,138,16,34,94,,101,101,12,11,3,4,0.5,0.6
2025-05-09T1900,4293A,113.6051,34.7552,郑州市,计划路2号,,,,140,,57,103,,109,108,,14,,3,,0.9
2025-05-09T1900,4294A,113.6526,34.7736,郑州市,同乐路9号,颗粒物(PM10),62,74,134,14,34,96,,100,100,8,13,6,6,0.5,0.7
2025-05-09T1900,1379A,113.3769,22.5211,中山市,华柏园,,26,26,22,10,11,78,,93,90,42,17,6,5,0.7,0.5
2025-05-09T1900,1380A,113.3881,22.5497,中山市,张溪,,36,36,27,14,11,74,,90,87,44,17,6,3,0.6,0.4
2025-05-09T1900,1381A,113.4075,22.5111,中山市,紫马岭,颗粒物(PM10),59,67,26,11,10,57,,76,70,32,13,5,4,0.4,0.3
2025-05-09T1900,1382A,113.4411,22.4853,中山市,长江旅游区,,20,20,20,9,10,58,,80,76,19,8,6,6,0.6,0.5
2025-05-09T1900,3454A,113.3528,22.478,中山市,中山南区,,36,36,18,17,8,73,,90,87,44,16,6,4,0.7,0.5
2025-05-09T1900,2680A,105.0025,37.4635,中卫市,沙坡头消防站,,,,,,,,,,,,,,,,
2025-05-09T1900,2682A,105.1971,37.5002,中卫市,环保局站,颗粒物(PM10),60,70,198,24,48,109,,107,107,4,5,6,6,0.2,0.3
2025-05-09T1900,3650A,105.1698,37.5162,中卫市,沙坡头区政府站,颗粒物(PM10),58,66,205,27,52,110,,107,107,2,5,6,8,0.2,0.2
2025-05-09T1900,1414A,106.3787,29.8279,重庆市,缙云山,颗粒物(PM10),82,113,48,35,15,111,,106,106,6,6,5,5,0.4,0.4
2025-05-09T1900,1416A,106.4213,29.8253,重庆市,天生,颗粒物(PM10),85,119,63,41,26,101,,108,108,13,18,8,10,0.3,0.4
2025-05-09T1900,1417A,106.6263,29.7228,重庆市,两路,颗粒物(PM10),80,109,58,24,22,85,,110,110,28,28,8,8,0.4,0.6
2025-05-09T1900,1418A,106.2953,29.5983,重庆市,虎溪,颗粒物(PM10),94,138,60,34,15,109,,112,112,11,22,7,6,0.3,0.4
2025-05-09T1900,1419A,106.5777,29.5102,重庆市,南坪,颗粒物(PM10),69,88,47,38,23,108,,125,125,45,24,7,7,0.6,0.5
2025-05-09T1900,1420A,106.6556,29.6277,重庆市,唐家沱,颗粒物(PM10),72,94,49,31,25,92,,112,112,26,25,7,8,0.3,0.4
2025-05-09T1900,1421A,106.6349,29.4906,重庆市,茶园,颗粒物(PM10),73,96,64,31,26,99,,119,119,37,34,7,7,0.4,0.5
2025-05-09T1900,1422A,106.3754,29.4572,重庆市,白市驿,颗粒物(PM10),92,134,44,41,23,115,,121,121,20,21,8,7,0.4,0.5
2025-05-09T1900,1425A,106.6205,29.7166,重庆市,空港,颗粒物(PM10),77,104,47,37,24,96,,110,110,16,24,5,6,0.4,0.6
2025-05-09T1900,1427A,106.5616,29.6453,重庆市,礼嘉,颗粒物(PM10),94,138,48,38,22,97,,112,112,27,31,6,6,0.4,0.4
2025-05-09T1900,1428A,106.4522,29.7091,重庆市,蔡家,颗粒物(PM10),100,150,55,49,26,100,,115,115,23,23,8,8,0.3,0.5
2025-05-09T1900,1429A,106.5093,29.3917,重庆市,鱼新街,颗粒物(PM10),65,79,49,16,16,118,,125,125,31,35,4,4,0.3,0.4
2025-05-09T1900,3014A,106.4958,29.5346,重庆市,歇台子,颗粒物(PM10),76,101,50,19,16,113,,129,129,22,31,5,4,0.3,0.5
2025-05-09T1900,3015A,106.4037,29.5728,重庆市,龙井湾,颗粒物(PM10),95,140,45,34,11,119,,118,118,11,14,7,6,0.2,0.3
2025-05-09T1900,3016A,106.5507,29.4153,重庆市,龙洲湾,颗粒物(PM10),64,78,39,27,22,127,,126,126,22,18,4,4,0.3,0.3
2025-05-09T1900,3133A,106.5468,29.5654,重庆市,上清寺,颗粒物(PM10),81,112,53,31,22,106,,120,120,30,42,8,7,0.5,0.6
2025-05-09T1900,3346A,108.3872,31.1628,重庆市,安康,颗粒物(PM10),89,128,51,41,20,71,,91,91,21,11,5,5,0.5,0.5
2025-05-09T1900,3347A,105.9017,29.3569,重庆市,北山路,颗粒物(PM10),79,108,47,41,20,101,,99,99,12,14,5,4,0.5,0.5
2025-05-09T1900,3350A,106.6479,29.0244,重庆市,滩子口,,,89,32,27,29,132,,126,126,,18,4,4,0.3,0.5
2025-05-09T1900,3351A,105.7167,29.7076,重庆市,棠香,颗粒物(PM10),99,148,60,42,23,90,,100,100,10,10,5,5,0.5,0.5
2025-05-09T1900,3352A,107.0732,29.8617,重庆市,桃源西路,颗粒物(PM10),68,85,35,31,16,109,,110,110,10,12,5,6,0.0,0.2
2025-05-09T1900,3353A,107.3535,29.7287,重庆市,迎宾大道,颗粒物(PM10),68,85,41,22,17,105,,118,118,18,20,7,8,0.3,0.4
2025-05-09T1900,3354A,108.815,29.5081,重庆市,舟白,,37,37,23,24,20,100,,101,101,9,8,8,8,0.2,0.3
2025-05-09T1900,3355A,108.3679,30.8426,重庆市,周家坝,,33,33,21,18,19,83,,96,96,26,18,15,15,0.4,0.4
2025-05-09T1900,3356A,108.4319,30.7555,重庆市,百安坝,,35,28,29,22,24,109,,111,111,8,10,12,13,0.3,0.3
2025-05-09T1900,3482A,107.7541,29.3277,重庆市,芙蓉中路,颗粒物(PM10),51,52,37,28,21,142,,125,125,7,14,9,10,0.3,0.3
2025-05-09T1900,3483A,108.7661,29.5368,重庆市,西山,,,72,22,31,11,83,,97,97,9,11,,7,,0.4
2025-05-09T1900,3484A,106.2628,29.32,重庆市,行政中心,颗粒物(PM10),84,118,61,24,17,123,,120,120,18,32,4,4,0.3,0.5
2025-05-09T1900,3599A,106.2649,29.9851,重庆市,书院路,颗粒物(PM10),90,130,56,37,24,82,,104,104,28,18,5,10,0.5,0.5
2025-05-09T1900,3600A,106.2339,29.5559,重庆市,虎峰,颗粒物(PM10),94,137,70,47,28,99,,100,100,10,13,6,9,0.2,0.2
2025-05-09T1900,3601A,106.0499,29.8342,重庆市,龙门街,细颗粒物(PM2.5),118,145,54,89,29,86,,103,103,29,20,4,7,0.5,0.4
2025-05-09T1900,3610A,105.5933,29.4105,重庆市,昌元,颗粒物(PM10),93,135,54,37,23,98,,104,104,17,17,6,6,0.4,0.5
2025-05-09T1900,4223A,106.4686,29.4893,重庆市,双山路147号,颗粒物(PM10),83,116,53,32,20,118,,125,125,32,40,5,5,0.2,0.4
2025-05-09T1900,4246A,105.8340,30.1886,重庆市,桃园路24号,颗粒物(PM10),114,177,82,61,32,96,,104,104,16,11,9,10,0.4,0.3
2025-05-09T1900,4247A,107.0910,29.1540,重庆市,钟楼街32号,,,47,39,13,21,117,,123,123,,15,8,9,0.3,0.5
2025-05-09T1900,4248A,107.8043,30.6735,重庆市,人民南路309号,颗粒物(PM10),83,115,62,46,25,88,,105,105,19,10,8,8,0.4,0.5
2025-05-09T1900,1258A,122.122,30.0203,舟山市,定海檀枫,,34,34,33,22,15,53,,77,77,35,17,6,6,1.0,0.8
2025-05-09T1900,1260A,122.19,29.9944,舟山市,临城新区,,24,24,34,16,13,42,,75,73,45,16,3,3,1.0,0.8
2025-05-09T1900,4033A,122.3123,29.9619,舟山市,普陀东港中学,,28,28,38,18,15,59,,75,68,24,11,6,6,0.8,0.7
2025-05-09T1900,2068A,114.6758,33.6347,周口市,周口师范,颗粒物(PM10),101,152,106,15,38,105,,113,113,7,7,2,2,0.2,0.4
2025-05-09T1900,4269A,114.6701,33.6167,周口市,七一路,颗粒物(PM10),87,124,109,38,45,107,,114,114,8,8,4,4,0.4,0.6
2025-05-09T1900,4296A,114.6421,33.6417,周口市,健康路46号,颗粒物(PM10),91,132,117,35,48,106,,106,106,4,4,2,2,0.5,0.7
2025-05-09T1900,4297A,114.649,33.596,周口市,太昊路,颗粒物(PM10),83,115,102,14,38,107,,111,111,7,7,6,6,0.5,0.8
2025-05-09T1900,1515A,113.135,27.8244,株洲市,天台山庄,,50,50,30,26,17,141,,136,136,10,7,6,6,0.5,0.5
2025-05-09T1900,1518A,113.095,27.8867,株洲市,株冶医院,,,,27,,18,,,77,,,7,,5,,0.4
2025-05-09T1900,1519A,113.167,27.8667,株洲市,市四中,颗粒物(PM10),51,51,29,22,15,135,,124,124,6,5,4,3,0.4,0.4
2025-05-09T1900,1520A,113.143,27.8381,株洲市,火车站,颗粒物(PM10),53,56,30,24,13,137,,132,132,10,8,6,6,0.6,0.6
2025-05-09T1900,1524A,113.13,27.8528,株洲市,市监测站,,,,32,,17,,,84,,,6,,5,,0.6
2025-05-09T1900,1559A,113.251,27.8336,株洲市,大京风景区,,39,39,25,23,17,106,,123,123,5,5,9,9,0.0,0.1
2025-05-09T1900,2031A,113.1817,27.9958,株洲市,云田中学,,46,46,28,23,14,130,,132,132,10,9,8,8,0.5,0.6
2025-05-09T1900,1367A,113.5814,22.2618,珠海市,吉大,,22,22,36,8,17,43,,80,76,26,16,8,8,0.6,0.5
2025-05-09T1900,1368A,113.4881,22.2335,珠海市,前山,,22,19,29,7,10,70,,72,72,27,19,7,7,0.4,0.4
2025-05-09T1900,1369A,113.628,22.4251,珠海市,唐家,,24,14,23,3,11,76,,86,84,28,12,6,5,0.4,0.3
2025-05-09T1900,1370A,113.299,22.2281,珠海市,斗门,,26,23,23,11,10,81,,87,86,34,12,7,6,0.5,0.4
2025-05-09T1900,3308A,113.3494,22.0569,珠海市,金湾,,31,31,20,9,9,92,,92,92,20,10,5,5,0.5,0.4
2025-05-09T1900,3448A,113.5433,22.1163,珠海市,横琴,,22,16,30,8,10,70,,84,84,21,13,5,4,0.4,0.4
2025-05-09T1900,2420A,114.0189,32.9656,驻马店市,市一纸厂,颗粒物(PM10),71,91,106,29,32,102,,121,120,6,7,3,3,0.2,0.3
2025-05-09T1900,2421A,114.0114,33.015,驻马店市,市彩印厂,颗粒物(PM10),70,90,104,16,36,100,,122,120,7,9,3,2,0.2,0.4
2025-05-09T1900,3339A,114.0012,33.0412,驻马店市,小管楼,颗粒物(PM10),72,93,107,14,41,103,,125,123,10,12,8,7,0.1,0.3
2025-05-09T1900,4202A,113.9856,32.9802,驻马店市,交通路1233号,颗粒物(PM10),63,75,105,14,40,96,,117,115,10,12,4,4,0,0.2
2025-05-09T1900,2561A,104.6617,30.1372,资阳市,莲花山,颗粒物(PM10),93,136,89,44,32,84,,103,103,23,10,1,2,0.2,0.3
2025-05-09T1900,2562A,104.6356,30.1506,资阳市,资阳中学,颗粒物(PM10),110,170,115,65,44,57,,108,104,48,13,10,10,0.5,0.5
2025-05-09T1900,2563A,104.6295,30.1383,资阳市,四三一厂,,,,114,,17,71,,109,107,51,18,9,9,0.7,0.6
2025-05-09T1900,2564A,104.6463,30.1146,资阳市,师范校,颗粒物(PM10),116,182,128,51,38,99,,107,107,17,15,5,4,0.5,0.6
2025-05-09T1900,2565A,104.6296,30.1256,资阳市,区法院,颗粒物(PM10),107,163,95,61,40,99,,108,108,18,11,5,6,0.5,0.5
2025-05-09T1900,1631A,118.0414,36.8103,淄博市,人民公园,,32,27,34,17,20,102,,108,107,13,12,6,7,0.2,0.2
2025-05-09T1900,1633A,117.8525,36.4847,淄博市,双山,,32,8,21,6,11,102,,105,101,12,5,4,5,0.2,0.2
2025-05-09T1900,1634A,117.9592,36.6331,淄博市,气象站,,30,20,27,17,16,95,,104,99,17,12,8,10,0.3,0.3
2025-05-09T1900,3363A,117.9883,36.8372,淄博市,新区,,30,24,33,17,16,96,,98,97,17,15,3,2,0.6,0.5
2025-05-09T1900,3644A,117.8661,36.805,淄博市,三金集团,,41,41,43,12,16,86,,95,93,5,5,8,9,0.5,0.5
2025-05-09T1900,3645A,118.0253,36.8406,淄博市,东风化工厂,,,51,52,12,17,93,,96,96,,11,4,4,,0.7
2025-05-09T1900,4212A,118.3039,36.8271,淄博市,广场路1号,,42,29,29,29,20,89,,90,90,18,14,9,9,0.6,0.6
2025-05-09T1900,3028A,104.776,29.3627,自贡市,檀木林体育馆,颗粒物(PM10),128,206,127,55,63,100,,84,84,16,17,13,11,0.4,0.5
2025-05-09T1900,3360A,104.7894,29.3194,自贡市,南湖救助站,颗粒物(PM10),122,194,126,58,73,104,,90,90,18,21,10,9,0.4,0.7
2025-05-09T1900,3638A,104.7636,29.3338,自贡市,轻化工大学,颗粒物(PM10),137,224,134,56,57,78,,78,78,24,19,9,10,0.4,0.6
2025-05-09T1900,4225A,104.7143,29.3386,自贡市,贡兴路74号,颗粒物(PM10),142,234,120,68,60,77,,77,77,,19,,8,0.4,0.5
2025-05-09T1900,1911A,106.9222,27.6869,遵义市,丁字口,,50,50,33,24,18,110,,117,117,50,34,3,2,0.4,0.4
2025-05-09T1900,1912A,106.9242,27.7019,遵义市,凤凰山,,43,42,31,30,24,97,,91,91,13,12,6,6,0.4,0.5
2025-05-09T1900,1913A,106.8906,27.6486,遵义市,忠庄,,,81,30,,15,106,,118,118,48,18,8,6,0.2,0.4
2025-05-09T1900,1914A,106.9231,27.6506,遵义市,舟水桥,颗粒物(PM10),60,69,51,33,23,108,,132,132,12,20,3,2,0.8,0.7
2025-05-09T1900,1915A,106.9178,27.72,遵义市,干田坝,颗粒物(PM10),61,71,21,27,15,108,,114,114,14,10,4,4,0.5,0.5
2025-05-09T1900,4245A,106.8609,27.5969,遵义市,遵南大道1161号,颗粒物(PM10),54,57,40,28,20,97,,122,122,15,11,30,8,0.7,0.6
