timepoint,stationcode,longitude,latitude,area,positionname,primarypollutant,aqi,pm10,pm10_24h,pm2_5,pm2_5_24h,o3,o3_24h,o3_8h,o3_8h_24h,no2,no2_24h,so2,so2_24h,co,co_24h
2024-04-18T1900,2566A,102.1879,31.914,阿坝藏族羌族自治州,州农科所,颗粒物(PM10),51,51,26,18,11,20,,26,25,5,10,3,3,0.7,0.8
2024-04-18T1900,2568A,102.2502,31.8896,阿坝藏族羌族自治州,马师校,,38,38,18,23,16,69,,95,94,9,9,4,5,0.3,0.4
2024-04-18T1900,3994A,102.2165,31.9024,阿坝藏族羌族自治州,马尔康中学西区,,45,45,21,24,16,85,,101,100,6,7,5,4,0.2,0.3
2024-04-18T1900,2695A,80.292,41.1694,阿克苏地区,电视台,颗粒物(PM10),86,121,92,35,32,104,,98,98,5,16,5,4,0.7,0.8
2024-04-18T1900,2696A,80.2613,41.1551,阿克苏地区,艺术中心,颗粒物(PM10),79,107,91,32,37,107,,100,100,2,26,4,4,0.6,0.9
2024-04-18T1900,2204A,105.6467,38.8363,阿拉善盟,西城区西花园,,38,34,83,24,29,121,,133,127,11,12,11,11,0.4,0.7
2024-04-18T1900,2205A,105.6985,38.8411,阿拉善盟,蒙二幼,颗粒物(PM10),51,52,87,15,25,103,,130,124,10,10,12,12,0.7,0.5
2024-04-18T1900,2206A,105.724,38.8516,阿拉善盟,环保局新楼,,37,37,79,16,25,117,,140,133,11,8,8,9,0.6,0.5
2024-04-18T1900,2708A,88.1264,47.8517,阿勒泰地区,市站,,30,19,23,2,8,95,,92,86,4,9,5,5,0.2,0.2
2024-04-18T1900,2630A,80.1161,32.5,阿里地区,阿里监测站,颗粒物(PM10),74,97,19,17,6,127,,124,124,5,7,14,15,0.5,0.5
2024-04-18T1900,3192A,80.0903,32.5028,阿里地区,阿里藏医院,,44,30,13,4,4,139,,138,138,3,3,9,8,0.4,0.4
2024-04-18T1900,2642A,109.0318,32.6537,安康市,香溪洞,颗粒物(PM10),60,69,34,16,17,114,,109,109,8,8,6,6,0.5,0.7
2024-04-18T1900,2643A,109.0281,32.6939,安康市,安康市监测站,颗粒物(PM10),59,68,40,37,21,102,,106,106,14,11,13,10,0.7,0.6
2024-04-18T1900,2644A,109.0072,32.6975,安康市,汉滨区检察院,颗粒物(PM10),51,52,32,26,19,123,,113,113,7,9,8,8,0.4,0.5
2024-04-18T1900,2291A,117.0809,30.5177,安庆市,环科院,,31,31,37,13,23,83,,107,107,38,16,6,7,0.7,0.8
2024-04-18T1900,2292A,117.0331,30.5119,安庆市,马山宾馆,,33,33,36,14,21,105,,118,118,18,15,7,7,0.8,0.8
2024-04-18T1900,2294A,116.9896,30.6145,安庆市,安庆大学,,46,46,41,16,21,113,,123,123,16,15,7,6,0.9,0.9
2024-04-18T1900,3173A,117.0598,30.5351,安庆市,市人大,,32,30,37,15,23,100,,115,115,22,16,4,4,0.8,0.8
2024-04-18T1900,3122A,105.9606,26.2611,安顺市,伍家关,,,,,,,,,,,,,,,,
2024-04-18T1900,3123A,105.9408,26.2431,安顺市,凤凰山,,35,30,26,24,19,104,,113,113,7,9,7,7,0.7,0.6
2024-04-18T1900,3124A,105.9439,26.2564,安顺市,金钟山,,35,28,26,24,21,105,,114,114,6,7,5,5,0.5,0.5
2024-04-18T1900,3125A,105.8983,26.2481,安顺市,娄家坡,,40,40,29,25,22,101,,115,115,7,6,8,6,0.6,0.5
2024-04-18T1900,1818A,114.4839,36.0621,安阳市,棉研所,,,,,,,,,,,,,,,,
2024-04-18T1900,1819A,114.3551,36.1017,安阳市,红庙街,颗粒物(PM10),68,86,119,28,36,166,,157,157,6,21,6,9,0.7,0.9
2024-04-18T1900,1820A,114.361,36.0681,安阳市,银杏小区,颗粒物(PM10),75,99,110,27,42,159,,156,156,2,16,7,11,0.6,0.7
2024-04-18T1900,3141A,114.3922,36.0878,安阳市,信访局,颗粒物(PM10),73,96,122,27,40,152,,156,156,5,17,3,6,0.4,0.5
2024-04-18T1900,3669A,114.4705,36.0637,安阳市,左辅环卫站,颗粒物(PM10),83,116,103,44,36,116,,138,138,10,16,6,8,0.4,0.4
2024-04-18T1900,3703A,114.2917,36.0949,安阳市,安钢职工学校,颗粒物(PM10),79,108,133,25,42,145,,147,147,12,27,6,10,0.9,1.1
2024-04-18T1900,1748A,123.044,41.1196,鞍山市,深沟寺,颗粒物(PM10),55,60,60,14,26,89,,118,116,18,19,8,13,0.4,0.7
2024-04-18T1900,1749A,123.011,41.0931,鞍山市,太阳城,颗粒物(PM10),54,58,58,12,20,100,,120,120,16,21,10,15,0.6,0.8
2024-04-18T1900,1750A,123.0485,41.1442,鞍山市,太平,颗粒物(PM10),62,73,73,18,26,86,,118,116,28,28,7,11,0.5,0.7
2024-04-18T1900,1751A,122.9642,41.0971,鞍山市,铁西三道街,颗粒物(PM10),64,78,68,18,26,79,,111,107,35,28,20,12,1.1,0.9
2024-04-18T1900,1752A,122.9341,41.0833,鞍山市,铁西工业园区,颗粒物(PM10),56,61,72,14,26,96,,116,114,21,22,7,11,0.4,0.6
2024-04-18T1900,1753A,123.022,41.0821,鞍山市,明达新区,细颗粒物(PM2.5),78,99,60,57,23,94,,108,108,18,23,12,16,0.6,0.8
2024-04-18T1900,1754A,123.1289,41.0228,鞍山市,千山,,,,,,,,,,,,,,,,
2024-04-18T1900,2195A,107.4212,40.761,巴彦淖尔市,附二中,颗粒物(PM10),500,767,141,94,37,129,,147,147,24,21,7,27,0.6,0.5
2024-04-18T1900,2196A,107.37,40.7372,巴彦淖尔市,市环保大楼,颗粒物(PM10),500,1993,191,189,35,118,,140,140,14,16,7,14,0.4,0.4
2024-04-18T1900,1956A,86.1472,41.7538,巴音郭楞蒙古自治州,孔雀公园,颗粒物(PM10),59,68,85,22,29,94,,87,84,4,6,6,5,0.2,0.2
2024-04-18T1900,1957A,86.1972,41.7166,巴音郭楞蒙古自治州,棉纺厂,颗粒物(PM10),55,60,88,25,29,89,,80,80,6,10,2,3,0.2,0.3
2024-04-18T1900,1958A,86.2357,41.7173,巴音郭楞蒙古自治州,经济开发区,颗粒物(PM10),52,54,73,20,25,94,,85,85,5,6,6,6,0.2,0.2
2024-04-18T1900,2914A,106.7677,31.8794,巴中市,苏山坪,,25,13,20,11,14,80,,83,80,5,7,7,5,0.3,0.4
2024-04-18T1900,3182A,106.7656,31.8545,巴中市,丽阳花园,,21,21,28,11,17,53,,74,68,15,25,4,4,0.6,0.6
2024-04-18T1900,3183A,106.7418,31.8654,巴中市,圣泉水务公司,,19,19,24,12,16,47,,71,67,19,28,6,5,0.6,0.6
2024-04-18T1900,3616A,106.7616,31.8344,巴中市,市中心医院,,20,20,30,13,20,62,,74,71,14,25,6,5,0.5,0.6
2024-04-18T1900,2235A,122.7911,45.6077,白城市,洮北区环保局,,29,29,42,9,9,78,,89,89,12,7,4,6,0.2,0.1
2024-04-18T1900,2236A,122.8738,45.5725,白城市,市环保局,,32,32,56,6,9,76,,93,91,16,11,5,11,0.3,0.2
2024-04-18T1900,2231A,126.4219,41.9171,白山市,喜丰,颗粒物(PM10),81,111,86,43,28,152,,159,159,21,28,15,16,1.0,0.9
2024-04-18T1900,2232A,126.4077,41.9419,白山市,环保局,细颗粒物(PM2.5),80,87,85,59,32,148,,160,160,8,17,13,11,0.9,0.9
2024-04-18T1900,2647A,104.1724,36.5446,白银市,第三小学,颗粒物(PM10),90,130,82,24,22,108,,108,108,17,16,5,17,0.5,0.5
2024-04-18T1900,2648A,104.1465,36.5482,白银市,动力公司,,,,36,,21,,,118,,,13,,35,,0.7
2024-04-18T1900,2512A,106.6103,23.9011,百色市,市监测站,,39,39,38,24,25,102,,119,119,10,11,7,9,0.7,0.7
2024-04-18T1900,2513A,106.6538,23.8859,百色市,市中心血站,颗粒物(PM10),53,55,42,32,31,97,,108,108,14,13,9,12,0.6,0.6
2024-04-18T1900,3406A,106.6085,23.8798,百色市,祈福高中,颗粒物(PM10),54,58,39,32,28,108,,117,117,8,11,8,10,0.7,0.7
2024-04-18T1900,2270A,117.396,32.939,蚌埠市,工人疗养院,颗粒物(PM10),66,81,121,19,42,154,,143,143,18,20,8,9,0.5,0.6
2024-04-18T1900,2271A,117.3605,32.9427,蚌埠市,百货大楼,颗粒物(PM10),62,74,129,19,41,163,,142,142,20,23,5,5,0.4,0.5
2024-04-18T1900,2273A,117.4185,32.8911,蚌埠市,蚌埠学院,颗粒物(PM10),68,85,111,23,38,152,,138,138,19,22,7,6,0.4,0.6
2024-04-18T1900,2274A,117.3533,32.9673,蚌埠市,淮上区政府,颗粒物(PM10),80,110,135,33,49,128,,131,131,14,30,6,6,0.3,0.5
2024-04-18T1900,2275A,117.3145,32.8977,蚌埠市,高新区,颗粒物(PM10),67,83,114,27,42,155,,142,142,17,26,6,5,0.2,0.4
2024-04-18T1900,3715A,117.3092,32.9314,蚌埠市,蚌埠田家炳中学,颗粒物(PM10),64,78,128,33,46,159,,148,148,20,29,7,20,0.4,0.5
2024-04-18T1900,1585A,109.8756,40.6532,包头市,市环境监测站,颗粒物(PM10),69,87,96,21,30,144,,143,143,33,60,10,15,0.6,0.8
2024-04-18T1900,1587A,109.9991,40.5842,包头市,包头八中,颗粒物(PM10),74,97,111,28,30,141,,142,142,32,55,12,25,0.8,1
2024-04-18T1900,1588A,109.8538,40.6821,包头市,青山宾馆,,,,92,27,30,150,,145,145,25,47,12,16,0.6,0.7
2024-04-18T1900,1589A,109.8642,40.6288,包头市,惠龙物流,颗粒物(PM10),66,81,89,30,31,144,,85,,29,51,10,16,0.6,0.8
2024-04-18T1900,1590A,110.0377,40.5546,包头市,东河鸿龙湾,颗粒物(PM10),101,151,101,32,31,137,,137,137,25,48,10,16,0.5,0.9
2024-04-18T1900,3283A,109.9154,40.5685,包头市,滨河大厦,颗粒物(PM10),67,83,89,40,31,130,,143,143,31,48,11,18,0.6,0.7
2024-04-18T1900,3419A,109.9447,40.6261,包头市,包头市委党校,颗粒物(PM10),68,86,96,21,31,149,,143,143,30,54,14,24,0.5,0.8
2024-04-18T1900,3683A,109.8331,40.6576,包头市,昆区政府,颗粒物(PM10),66,82,86,31,30,157,,138,138,23,44,11,14,0.8,0.9
2024-04-18T1900,1930A,107.185,34.3063,宝鸡市,庙沟村,颗粒物(PM10),82,113,79,42,37,73,,112,109,30,22,10,10,0.9,0.8
2024-04-18T1900,1931A,107.0708,34.3017,宝鸡市,竹园沟,颗粒物(PM10),84,117,76,38,38,77,,124,119,19,19,6,6,0.8,0.8
2024-04-18T1900,1932A,107.1906,34.3672,宝鸡市,三陆医院,颗粒物(PM10),73,96,99,42,52,90,,113,113,33,31,7,10,0.5,0.6
2024-04-18T1900,1933A,107.1431,34.3547,宝鸡市,监测站,细颗粒物(PM2.5),65,76,77,47,46,80,,111,111,30,27,9,8,0.7,0.6
2024-04-18T1900,1934A,107.1186,34.3739,宝鸡市,技工学校,颗粒物(PM10),64,77,88,36,42,112,,118,118,20,22,8,9,0.7,0.6
2024-04-18T1900,1935A,107.3906,34.3528,宝鸡市,陈仓区环保局家属楼,细颗粒物(PM2.5),85,91,84,63,64,107,,137,137,32,34,6,7,0.7,0.6
2024-04-18T1900,1936A,107.2058,34.3497,宝鸡市,文理学院,颗粒物(PM10),73,95,90,36,47,110,,122,122,21,28,7,8,0.7,0.7
2024-04-18T1900,1937A,107.2386,34.3622,宝鸡市,三迪小学,颗粒物(PM10),66,81,89,42,55,86,,118,118,39,33,8,9,0.9,0.8
2024-04-18T1900,1051A,115.493,38.8632,保定市,游泳馆,颗粒物(PM10),120,190,188,59,79,188,,189,189,17,23,12,8,0.4,0.3
2024-04-18T1900,1052A,115.5213,38.8959,保定市,华电二区,颗粒物(PM10),92,134,135,57,70,189,,184,184,19,26,8,6,0.8,0.7
2024-04-18T1900,1053A,115.4713,38.9108,保定市,接待中心,细颗粒物(PM2.5),113,125,146,85,66,203,,188,188,12,22,7,5,0.6,0.6
2024-04-18T1900,1054A,115.4612,38.8416,保定市,地表水厂,颗粒物(PM10),108,166,161,61,63,188,,184,184,22,28,6,4,0.7,0.6
2024-04-18T1900,3581A,115.31981,38.95208,保定市,满城区生态环境分局,细颗粒物(PM2.5),110,168,179,83,80,211,,179,179,27,27,6,6,,0.4
2024-04-18T1900,3582A,115.47694,38.76408,保定市,清苑区第二中学,颗粒物(PM10),110,170,170,57,64,179,,188,186,29,33,11,10,0.7,0.6
2024-04-18T1900,3583A,115.62909,39.02311,保定市,徐水物探局,颗粒物(PM10),118,185,190,66,76,218,,207,207,29,34,7,7,0.0,0.5
2024-04-18T1900,4004A,115.4202,38.8656,保定市,双鹰农机,臭氧1小时,102,130,135,51,61,203,,192,192,21,25,6,6,0.5,0.5
2024-04-18T1900,4034A,115.5150,38.8590,保定市,植保所站,颗粒物(PM10),99,148,152,62,71,195,,195,195,25,28,9,6,0.7,0.6
2024-04-18T1900,2594A,99.1678,25.1081,保山市,市环境监测站,颗粒物(PM10),55,60,63,16,38,150,,137,137,7,11,7,7,0.4,0.7
2024-04-18T1900,2595A,99.1711,25.1328,保山市,市环保局,颗粒物(PM10),52,53,62,18,36,148,,131,131,3,7,6,6,0.4,0.7
2024-04-18T1900,1866A,109.2262,21.588,北海市,牛尾岭水库,,,,,,,,,,,,,,,,
2024-04-18T1900,1867A,109.1436,21.4086,北海市,海滩公园,,40,33,32,5,10,125,,128,128,4,8,7,7,0.7,0.7
2024-04-18T1900,1868A,109.0981,21.4661,北海市,新市环保局,,35,28,27,12,13,112,,118,118,16,10,5,6,0.6,0.5
2024-04-18T1900,1869A,109.1778,21.5233,北海市,北海工业园,,37,20,32,15,18,118,,117,117,8,11,6,9,0.6,0.5
2024-04-18T1900,3400A,109.1911,21.4415,北海市,龙潭自来水厂,,39,39,28,11,16,122,,122,122,6,9,4,6,0.6,0.6
2024-04-18T1900,1001A,116.3621,39.8784,北京市,万寿西宫,颗粒物(PM10),101,152,135,61,52,189,,162,162,28,44,7,3,0.9,0.6
2024-04-18T1900,1002A,116.2202,40.2915,北京市,定陵,,,,,,,,,,,,,,,,
2024-04-18T1900,1003A,116.4174,39.9289,北京市,东四,颗粒物(PM10),120,190,142,68,55,187,,155,155,27,41,8,4,1.0,0.7
2024-04-18T1900,1004A,116.4072,39.8863,北京市,天坛,颗粒物(PM10),100,149,117,57,50,193,,158,158,28,30,7,3,1.0,0.6
2024-04-18T1900,1005A,116.462,39.9365,北京市,农展馆,颗粒物(PM10),119,187,126,66,49,195,,152,152,32,43,9,4,0.9,0.5
2024-04-18T1900,1006A,116.3392,39.9295,北京市,官园,颗粒物(PM10),103,156,139,70,51,184,,150,150,23,39,7,4,0.7,0.5
2024-04-18T1900,1007A,116.2878,39.9611,北京市,海淀万柳,颗粒物(PM10),103,156,137,53,49,183,,82,,16,45,9,6,0.9,0.6
2024-04-18T1900,1008A,116.6636,40.135,北京市,顺义新城,颗粒物(PM10),115,179,118,65,40,182,,151,151,24,27,6,3,0.8,0.5
2024-04-18T1900,1009A,116.6275,40.3275,北京市,怀柔镇,颗粒物(PM10),96,141,94,47,34,172,,135,135,22,16,9,4,0.7,0.3
2024-04-18T1900,1010A,116.2296,40.217,北京市,昌平镇,颗粒物(PM10),86,121,115,26,34,143,,115,115,21,29,2,2,0.5,0.4
2024-04-18T1900,1011A,116.3966,39.9821,北京市,奥体中心,颗粒物(PM10),99,148,120,49,46,162,,129,129,22,44,6,3,1.2,0.7
2024-04-18T1900,1012A,116.184,39.9136,北京市,古城,颗粒物(PM10),93,136,124,48,45,180,,146,146,25,43,3,2,0.7,0.6
2024-04-18T1900,3281A,115.9718,40.4529,北京市,延庆夏都,颗粒物(PM10),65,79,100,30,40,151,,119,119,14,25,2,2,0.4,0.4
2024-04-18T1900,3417A,117.0709,40.1465,北京市,平谷新城,颗粒物(PM10),84,117,128,33,52,162,,179,179,14,19,6,4,0.8,0.6
2024-04-18T1900,3418A,116.8336,40.4095,北京市,密云新城,颗粒物(PM10),99,148,103,64,42,181,,141,141,19,21,7,3,0.9,0.4
2024-04-18T1900,3671A,116.088,39.9726,北京市,门头沟三家店,,,,,,,,,,,,,,,,
2024-04-18T1900,3672A,116.1541,39.8204,北京市,丰台云岗,颗粒物(PM10),90,130,128,56,45,183,,149,149,16,29,5,3,0.6,0.5
2024-04-18T1900,3673A,116.6804,39.9081,北京市,通州东关,颗粒物(PM10),114,177,144,59,51,185,,166,166,24,45,8,4,1.0,0.6
2024-04-18T1900,3674A,115.9577,39.7603,北京市,房山燕山,颗粒物(PM10),67,83,86,39,44,160,,128,128,24,19,2,2,0.5,0.5
2024-04-18T1900,3675A,116.4672,39.7733,北京市,大兴旧宫,颗粒物(PM10),111,171,127,60,47,190,,157,157,28,33,5,2,0.9,0.5
2024-04-18T1900,3694A,115.986,40.4563,北京市,延庆石河营,颗粒物(PM10),61,72,93,28,39,159,,125,125,13,24,1,2,0.3,0.3
2024-04-18T1900,3695A,116.6151,40.3053,北京市,怀柔新城,颗粒物(PM10),101,151,97,52,34,177,,136,136,25,13,5,3,0.7,0.4
2024-04-18T1900,3696A,116.2545,39.8768,北京市,丰台小屯,颗粒物(PM10),88,125,130,46,44,167,,142,142,24,45,4,2,0.7,0.5
2024-04-18T1900,3697A,116.84,40.3844,北京市,密云镇,颗粒物(PM10),101,151,94,46,34,176,,139,139,19,31,8,3,0.9,0.4
2024-04-18T1900,1761A,123.8275,41.3064,本溪市,大峪,,48,48,80,19,27,107,,145,143,24,40,11,15,0.8,1.4
2024-04-18T1900,1762A,123.7567,41.3325,本溪市,溪湖,颗粒物(PM10),56,62,100,13,33,108,,136,135,14,38,11,14,0.4,1
2024-04-18T1900,1763A,123.7169,41.3094,本溪市,彩屯,颗粒物(PM10),51,51,104,22,49,101,,131,131,23,41,9,16,0.6,1.7
2024-04-18T1900,1764A,123.7669,41.2864,本溪市,东明,颗粒物(PM10),59,68,94,19,37,99,,131,129,26,53,6,13,0.5,1.4
2024-04-18T1900,1765A,123.7992,41.2664,本溪市,新立屯,颗粒物(PM10),56,62,65,27,24,107,,138,138,18,45,13,19,0.6,1.3
2024-04-18T1900,1766A,123.8142,41.3472,本溪市,威宁,颗粒物(PM10),64,77,98,14,30,93,,129,126,25,42,8,10,0.6,1
2024-04-18T1900,2587A,105.2864,27.3125,毕节市,八中,,35,29,23,18,17,111,,130,130,10,10,5,8,0.6,0.5
2024-04-18T1900,2588A,105.31,27.2944,毕节市,师专,,33,30,23,18,17,105,,121,121,10,9,6,9,0.5,0.5
2024-04-18T1900,3537A,105.3631,27.3533,毕节市,长征村,,50,47,31,35,24,115,,137,136,11,9,6,9,0.4,0.6
2024-04-18T1900,1629A,118.0018,37.3617,滨州市,第二水厂,颗粒物(PM10),126,202,160,90,61,220,,196,196,25,38,16,11,1.1,0.9
2024-04-18T1900,1630A,117.9776,37.393,滨州市,北中新校,颗粒物(PM10),136,222,150,68,60,214,,193,193,31,34,20,18,1.0,1
2024-04-18T1900,3514A,117.9378,37.3956,滨州市,中海酒店,细颗粒物(PM2.5),144,139,144,110,66,222,,204,204,18,29,18,20,0.7,0.9
2024-04-18T1900,3515A,117.9378,37.3553,滨州市,开发区一中,颗粒物(PM10),113,175,158,68,55,183,,170,170,23,37,19,16,0.9,0.9
2024-04-18T1900,3516A,118.0917,37.694,滨州市,金海六路,颗粒物(PM10),117,183,160,63,52,200,,192,192,20,35,15,16,0.6,0.6
2024-04-18T1900,4028A,117.9956,37.3753,滨州市,滨州市西街道办事处,颗粒物(PM10),129,207,155,83,62,205,,185,185,26,32,19,14,1.0,0.9
2024-04-18T1900,2311A,115.8072,33.8399,亳州市,污水处理厂,颗粒物(PM10),56,62,78,22,26,119,,133,132,13,12,8,10,0.4,0.5
2024-04-18T1900,2312A,115.7789,33.8518,亳州市,三国揽胜宫,颗粒物(PM10),60,69,80,17,23,123,,129,129,14,12,7,10,0.4,0.4
2024-04-18T1900,3332A,115.7633,33.8034,亳州市,亳州学院,颗粒物(PM10),51,52,84,19,31,126,,130,130,9,10,9,11,0.4,0.4
2024-04-18T1900,2693A,82.0485,44.8556,博尔塔拉蒙古自治州,市党校,,33,25,23,5,13,104,,91,91,4,8,9,8,0.3,0.3
2024-04-18T1900,2694A,82.0806,44.8969,博尔塔拉蒙古自治州,市环保局,,,26,33,9,13,102,,90,90,5,15,,8,0.2,0.3
2024-04-18T1900,1071A,116.8842,38.2991,沧州市,沧县城建局,颗粒物(PM10),95,139,126,44,40,168,,180,180,23,23,6,7,0.7,0.7
2024-04-18T1900,1072A,116.8584,38.3254,沧州市,电视转播站,颗粒物(PM10),105,159,129,53,51,176,,187,187,14,18,13,15,0.5,0.4
2024-04-18T1900,1073A,116.8709,38.3228,沧州市,市环保局,颗粒物(PM10),103,155,131,45,39,176,,190,190,18,23,11,12,0.6,0.5
2024-04-18T1900,3324A,116.8136,38.3004,沧州市,河北水利电力学院,颗粒物(PM10),86,122,140,40,48,161,,166,166,16,25,9,10,0.4,0.5
2024-04-18T1900,2622A,97.1806,31.1273,昌都市,昌都监测站,,45,40,19,22,12,143,,145,145,7,7,8,8,0.4,0.3
2024-04-18T1900,3719A,97.1714,31.1406,昌都市,昌都会议中心,,47,33,19,21,12,149,,149,149,6,6,8,9,0.2,0.3
2024-04-18T1900,2690A,88.1236,43.8886,昌吉回族自治州,天山天池,,28,13,6,9,1,89,,89,89,6,6,5,4,0.5,0.5
2024-04-18T1900,2692A,87.2717,44.0297,昌吉回族自治州,新区政务中心,,35,19,18,9,12,109,,102,102,7,9,6,8,0.3,0.4
2024-04-18T1900,3613A,87.3095,44.0142,昌吉回族自治州,亚心广场,,35,14,17,2,6,112,,105,105,10,15,6,7,0.4,0.4
2024-04-18T1900,1119A,125.3325,43.9166,长春市,食品厂,颗粒物(PM10),70,90,92,35,36,82,,107,106,26,30,7,8,0.4,0.5
2024-04-18T1900,1120A,125.2863,43.9027,长春市,客车厂,颗粒物(PM10),69,88,89,31,33,70,,110,105,36,27,6,6,0.4,0.5
2024-04-18T1900,1121A,125.2841,43.8463,长春市,邮电学院,颗粒物(PM10),74,97,96,25,31,90,,117,113,22,25,8,8,0.4,0.5
2024-04-18T1900,1122A,125.3716,43.8772,长春市,劳动公园,颗粒物(PM10),69,88,84,23,29,96,,123,122,19,24,5,6,0.4,0.4
2024-04-18T1900,1123A,125.3297,43.8805,长春市,园林处,颗粒物(PM10),62,74,77,14,27,88,,109,109,21,23,10,10,0.4,0.5
2024-04-18T1900,1124A,125.4605,43.79,长春市,净月潭,颗粒物(PM10),58,65,70,21,29,96,,119,119,11,12,9,9,0.3,0.4
2024-04-18T1900,1125A,125.7194,43.515,长春市,甩湾子,,,,,,,,,,,,,,,,
2024-04-18T1900,1126A,125.3863,43.8447,长春市,经开区环卫处,颗粒物(PM10),66,81,84,20,30,93,,118,118,17,27,6,6,0.3,0.4
2024-04-18T1900,1127A,125.245,43.7783,长春市,高新区管委会,颗粒物(PM10),67,83,81,20,27,89,,112,109,20,31,7,9,0.3,0.6
2024-04-18T1900,1128A,125.1761,43.8325,长春市,岱山公园,颗粒物(PM10),67,84,82,29,36,92,,112,112,17,31,6,8,0.3,0.5
2024-04-18T1900,1335A,113.0833,28.2325,长沙市,经开区环保局,,36,36,51,21,37,94,,89,89,13,12,7,7,0.6,0.5
2024-04-18T1900,1336A,112.8872,28.2189,长沙市,高开区环保局,,39,39,59,23,29,96,,94,94,10,11,4,5,0.9,0.8
2024-04-18T1900,1337A,113.0792,28.2053,长沙市,马坡岭,,28,28,52,17,28,86,,89,89,20,16,7,7,0.8,0.6
2024-04-18T1900,1338A,112.9394,28.19,长沙市,湖南师范大学,,50,50,62,15,29,100,,92,92,9,8,6,7,0.8,0.7
2024-04-18T1900,1339A,113.0178,28.1322,长沙市,雨花区环保局,,32,32,52,20,29,87,,87,87,12,10,4,5,1.1,0.9
2024-04-18T1900,1340A,112.9792,28.2597,长沙市,伍家岭,,35,35,60,19,40,93,,87,87,16,15,5,5,1.0,0.9
2024-04-18T1900,1341A,113.0014,28.1944,长沙市,火车新站,,32,32,51,22,32,91,,90,90,17,14,3,4,1.0,0.8
2024-04-18T1900,1342A,112.9844,28.1178,长沙市,天心区环保局,,36,34,62,25,39,78,,77,77,22,19,2,3,0.6,0.4
2024-04-18T1900,1343A,112.8908,28.1308,长沙市,湖南中医药大学,,38,27,57,26,40,80,,76,76,12,10,7,7,1.0,0.9
2024-04-18T1900,1344A,112.9581,28.3611,长沙市,沙坪,,33,26,55,23,22,79,,84,84,13,6,6,15,0.6,0.5
2024-04-18T1900,1727A,113.1147,36.1547,长治市,清华站,颗粒物(PM10),56,62,90,7,38,147,,178,178,17,30,8,11,0.3,0.6
2024-04-18T1900,1728A,113.1031,36.1989,长治市,监测站,颗粒物(PM10),55,60,92,7,41,150,,181,181,19,29,11,14,0.3,0.6
2024-04-18T1900,1730A,113.0886,36.2125,长治市,审计局,颗粒物(PM10),57,63,80,17,42,154,,184,184,15,25,12,14,0.1,0.4
2024-04-18T1900,1731A,113.0844,36.1856,长治市,长治八中,颗粒物(PM10),66,82,106,16,43,152,,185,185,20,37,6,10,0.3,0.7
2024-04-18T1900,2845A,113.1569,36.1911,长治市,德盛苑,,47,43,70,14,34,148,,177,177,11,23,5,10,0.6,0.8
2024-04-18T1900,3568A,113.06,36.0464,长治市,向阳小学,臭氧1小时,64,72,104,27,44,171,,188,188,16,22,13,14,0.4,0.7
2024-04-18T1900,3569A,112.8792,36.3144,长治市,屯留一中,臭氧1小时,68,79,85,26,43,174,,186,186,20,27,11,11,0.6,0.7
2024-04-18T1900,3570A,113.235,36.3489,长治市,潞城四中,颗粒物(PM10),73,95,105,18,49,152,,188,188,16,40,6,8,0.0,0.5
2024-04-18T1900,1854A,111.6975,28.9703,常德市,市二中,,42,35,46,29,23,108,,132,132,12,14,7,7,0.6,0.5
2024-04-18T1900,1857A,111.7158,29.1456,常德市,白鹤山,颗粒物(PM10),67,84,68,34,29,103,,137,135,10,8,6,6,0.7,0.6
2024-04-18T1900,3138A,111.7153,29.0289,常德市,武陵区永安,颗粒物(PM10),54,58,47,30,24,98,,132,130,20,12,7,8,0.4,0.4
2024-04-18T1900,3139A,111.6892,28.9881,常德市,鼎城区玉霞,颗粒物(PM10),53,56,45,27,22,86,,130,130,34,20,7,8,0.5,0.5
2024-04-18T1900,3140A,111.6625,29.0531,常德市,武陵区长庚,颗粒物(PM10),56,62,49,29,27,110,,137,136,12,12,9,10,0.6,0.6
2024-04-18T1900,1196A,119.9633,31.762,常州市,市监测站,颗粒物(PM10),91,131,90,50,38,135,,139,139,49,47,12,11,0.7,0.6
2024-04-18T1900,1200A,119.9468,31.7069,常州市,武进监测站,颗粒物(PM10),80,110,84,45,35,150,,134,134,36,44,17,16,0.8,0.8
2024-04-18T1900,1201A,119.9255,31.9087,常州市,安家,颗粒物(PM10),71,92,77,44,30,109,,136,136,69,45,12,12,0.9,0.8
2024-04-18T1900,3002A,119.9805,31.8174,常州市,行政中心,颗粒物(PM10),68,86,86,40,38,125,,134,134,35,45,21,17,0.9,0.7
2024-04-18T1900,3003A,120.0522,31.7748,常州市,经开区,,,85,111,35,39,129,,128,128,34,56,10,8,,0.5
2024-04-18T1900,3010A,119.9025,31.7964,常州市,钟楼,颗粒物(PM10),75,100,92,53,40,131,,135,135,43,47,12,10,1.0,0.8
2024-04-18T1900,3429A,119.8598,31.7066,常州市,武进经发区,颗粒物(PM10),90,129,89,45,31,147,,138,138,43,45,12,10,0.9,0.9
2024-04-18T1900,3430A,119.5826,31.7245,常州市,金坛城区,细颗粒物(PM2.5),78,104,108,57,34,160,,161,161,38,31,9,8,0.8,0.7
2024-04-18T1900,2220A,120.4318,41.5881,朝阳市,西梁,,35,35,59,11,25,96,,106,106,14,15,6,9,0.4,0.5
2024-04-18T1900,2221A,120.4521,41.5646,朝阳市,河畔小区,,,24,69,7,22,107,,110,110,,15,,10,0.3,0.5
2024-04-18T1900,2222A,120.4176,41.5648,朝阳市,八里堡,颗粒物(PM10),56,62,84,18,27,100,,105,105,13,17,8,11,0.6,0.7
2024-04-18T1900,2223A,120.3806,41.5969,朝阳市,农业园区,,31,23,77,8,29,99,,108,108,13,17,6,8,0.4,0.6
2024-04-18T1900,1705A,116.6367,23.6719,潮州市,西园路,,,,26,,19,,,76,,,8,,6,,0.4
2024-04-18T1900,3026A,116.6183,23.6608,潮州市,市政府,,39,16,28,14,18,122,,127,127,10,13,4,9,0.8,0.6
2024-04-18T1900,4036A,116.6461,23.6761,潮州市,金山,,35,,23,5,13,111,,115,115,10,9,6,7,0.6,0.6
2024-04-18T1900,2472A,113.0073,25.9061,郴州市,马头岭,,38,38,31,7,10,8,,44,20,25,14,3,4,0.7,0.6
2024-04-18T1900,2473A,113.0116,25.8226,郴州市,市职中,,20,19,26,14,21,12,,49,19,16,10,6,6,0.8,0.7
2024-04-18T1900,2474A,113.0161,25.8001,郴州市,兴隆步行街,,26,24,33,18,19,12,,52,21,20,12,5,4,1.0,0.9
2024-04-18T1900,2475A,113.0383,25.8071,郴州市,市审计局,,29,28,26,20,21,13,,53,20,19,12,4,4,0.8,0.6
2024-04-18T1900,2476A,113.0348,25.7759,郴州市,市环保局,,38,31,28,26,25,8,,50,17,27,14,10,4,1.0,0.8
2024-04-18T1900,1431A,103.9728,30.7236,成都市,金泉两河,,22,17,31,12,14,68,,68,68,16,20,1,1,0.5,0.5
2024-04-18T1900,1432A,104.176,30.6872,成都市,十里店,,19,14,42,11,24,58,,56,56,21,22,1,1,0.6,0.6
2024-04-18T1900,1433A,104.079,30.5706,成都市,三瓦窑,,29,20,39,20,23,60,,68,68,29,33,3,2,0.6,0.5
2024-04-18T1900,1434A,104.1114,30.63,成都市,沙河铺,,23,22,16,16,6,54,,55,55,22,19,2,3,0.4,0.4
2024-04-18T1900,1437A,104.0786,30.6531,成都市,君平街,,32,32,35,13,21,64,,73,73,19,18,1,2,0.7,0.7
2024-04-18T1900,1438A,103.613,31.0283,成都市,灵岩寺,,18,16,18,8,10,57,,82,66,10,9,4,7,0.6,0.7
2024-04-18T1900,2880A,104.0239,30.65639,成都市,大石西路,,40,,38,28,21,65,,70,70,23,24,1,2,0.7,0.6
2024-04-18T1900,3136A,104.2725,30.5589,成都市,龙泉驿区区政府,,26,9,35,5,26,82,,80,80,16,19,2,3,0.5,0.5
2024-04-18T1900,3357A,104.0106,30.6931,成都市,金博路,,25,,33,17,19,59,,62,62,17,18,2,2,0.6,0.6
2024-04-18T1900,3359A,104.0578,30.5225,成都市,华阳,,20,14,32,14,26,58,,59,59,19,24,5,5,0.6,0.6
2024-04-18T1900,3487A,104.2394,30.5319,成都市,车城东七路,,25,15,49,11,31,80,,84,84,20,23,3,3,0.6,0.6
2024-04-18T1900,3488A,104.3853,30.7453,成都市,青白江技师分院,,24,5,45,1,33,75,,58,58,17,38,1,2,0.5,0.6
2024-04-18T1900,3489A,104.0789,30.4072,成都市,科学城,,25,18,36,17,26,78,,78,77,24,24,3,2,0.6,0.6
2024-04-18T1900,4011A,103.8506,30.6947,成都市,光华大道三段,,30,25,28,21,16,66,,65,65,17,16,3,2,0.6,0.6
2024-04-18T1900,1062A,117.9531,40.9081,承德市,铁路,颗粒物(PM10),63,75,82,32,30,127,,117,117,16,29,9,8,0.3,0.4
2024-04-18T1900,1063A,117.9392,40.9763,承德市,中国银行,,49,49,79,12,28,122,,115,115,8,31,9,12,0.3,0.5
2024-04-18T1900,1064A,117.9503,40.928,承德市,开发区,颗粒物(PM10),65,80,83,18,25,127,,117,117,13,28,8,8,0.3,0.4
2024-04-18T1900,1065A,117.8051,40.9655,承德市,文化中心,颗粒物(PM10),61,71,97,28,30,138,,118,118,7,20,8,19,0.3,0.4
2024-04-18T1900,1066A,117.9268,41.0026,承德市,离宫,颗粒物(PM10),52,53,66,15,29,110,,109,109,4,12,3,4,0.3,0.4
2024-04-18T1900,2314A,117.47,30.6618,池州市,池州学院,,,,33,,24,108,,50,,9,20,4,6,0.4,0.7
2024-04-18T1900,3237A,117.4918,30.6617,池州市,展览馆,,37,37,43,12,25,114,,100,100,8,19,3,6,0.5,0.7
2024-04-18T1900,3333A,117.5627,30.695,池州市,第八中学,,37,28,38,14,21,118,,103,103,8,19,3,5,0.5,0.8
2024-04-18T1900,3334A,117.5038,30.6243,池州市,第十二中学,,37,36,39,16,22,116,,103,103,10,17,4,6,0.6,0.8
2024-04-18T1900,1744A,118.9233,42.2816,赤峰市,松山一中,,34,34,55,4,11,83,,95,94,30,26,9,14,0.6,0.5
2024-04-18T1900,1745A,118.9576,42.2728,赤峰市,哈达街,,48,48,58,15,11,62,,83,80,38,21,19,13,0.7,0.5
2024-04-18T1900,1746A,118.8788,42.2554,赤峰市,天义路,,26,23,39,5,8,81,,95,94,26,22,17,8,0.3,0.3
2024-04-18T1900,3058A,119.2658,42.0353,赤峰市,银河街,颗粒物(PM10),52,53,75,12,18,85,,97,96,20,19,11,15,0.4,0.5
2024-04-18T1900,3286A,118.9359,42.3147,赤峰市,桥北物流园区,,30,30,48,14,17,91,,91,91,15,22,4,7,0.4,0.3
2024-04-18T1900,2521A,107.3476,22.4136,崇左市,市环保局江州分局,颗粒物(PM10),51,51,42,27,29,127,,124,124,5,6,10,8,0.7,0.6
2024-04-18T1900,2522A,107.3702,22.3707,崇左市,城南新区,,45,45,41,25,30,125,,126,126,7,8,9,7,0.8,0.7
2024-04-18T1900,2298A,118.3093,32.3153,滁州市,老年大学,颗粒物(PM10),66,82,81,18,28,121,,161,161,37,23,12,10,0.8,0.6
2024-04-18T1900,2299A,118.3244,32.2786,滁州市,人大宾馆,,,75,95,17,28,121,,150,150,56,15,,8,0.7,0.7
2024-04-18T1900,3207A,118.3118,32.3038,滁州市,市政府原办公楼,颗粒物(PM10),61,72,88,21,33,125,,158,158,32,27,9,7,0.7,0.6
2024-04-18T1900,3331A,118.3267,32.2634,滁州市,图书馆,颗粒物(PM10),58,66,91,14,27,128,,146,146,23,18,8,10,0.7,0.7
2024-04-18T1900,2605A,101.5482,25.0441,楚雄彝族自治州,州环境监测站,,47,47,49,18,38,142,,135,135,6,18,6,10,0.9,0.5
2024-04-18T1900,2606A,101.538,25.0492,楚雄彝族自治州,市经济开发区,,46,46,44,23,36,138,,130,130,8,15,4,6,0.4,0.6
2024-04-18T1900,2548A,107.5277,31.2827,达州市,达州职业技术学院,,31,31,39,5,8,26,,81,77,39,31,5,5,0.7,0.8
2024-04-18T1900,2549A,107.5086,31.2186,达州市,市环境监测站,,41,41,32,5,11,35,,96,87,51,34,5,6,0.6,0.7
2024-04-18T1900,2550A,107.4988,31.2132,达州市,凤凰小区,,44,44,33,12,14,43,,96,92,47,33,5,6,0.8,0.8
2024-04-18T1900,2551A,107.5082,31.1986,达州市,达县机关宾馆,,44,44,30,11,13,36,,88,83,50,37,4,4,0.6,0.6
2024-04-18T1900,2552A,107.4644,31.2124,达州市,市政中心,,31,31,38,7,13,60,,95,93,32,36,5,6,0.7,0.7
2024-04-18T1900,2614A,100.1542,25.7054,大理白族自治州,大理市环境监测站,颗粒物(PM10),107,163,87,28,25,142,,132,132,6,11,6,6,0.5,0.6
2024-04-18T1900,2615A,100.2171,25.5811,大理白族自治州,大理古城,颗粒物(PM10),85,120,38,43,25,141,,137,137,8,11,6,6,0.5,0.6
2024-04-18T1900,1109A,121.612,38.9741,大连市,甘井子,颗粒物(PM10),67,83,83,18,26,100,,119,118,26,30,4,6,0.7,0.8
2024-04-18T1900,1110A,121.565,38.9511,大连市,周水子,颗粒物(PM10),61,72,76,16,27,97,,112,111,34,37,4,6,0.6,0.6
2024-04-18T1900,1111A,121.5637,38.8845,大连市,星海三站,颗粒物(PM10),64,77,72,15,21,117,,122,122,18,26,4,7,0.5,0.5
2024-04-18T1900,1112A,121.6302,38.9117,大连市,青泥洼桥,颗粒物(PM10),71,91,85,19,23,94,,113,111,36,29,10,11,0.7,0.6
2024-04-18T1900,1113A,121.6251,38.8638,大连市,傅家庄,颗粒物(PM10),62,73,75,16,22,111,,123,123,21,27,8,11,0.5,0.5
2024-04-18T1900,1114A,121.5213,38.8661,大连市,七贤岭,颗粒物(PM10),62,73,72,13,21,120,,126,126,16,24,10,11,0.6,0.7
2024-04-18T1900,1115A,121.2529,38.8061,大连市,旅顺,颗粒物(PM10),64,78,73,17,23,108,,115,115,22,33,11,12,0.6,0.6
2024-04-18T1900,1116A,121.7485,39.1311,大连市,金州,颗粒物(PM10),64,77,79,21,28,114,,126,126,17,22,10,13,0.6,0.7
2024-04-18T1900,1117A,121.7811,39.0496,大连市,开发区,颗粒物(PM10),65,79,70,13,24,105,,114,114,16,30,6,9,0.5,0.6
2024-04-18T1900,1118A,121.9762,39.0631,大连市,双D港,颗粒物(PM10),76,101,81,14,23,118,,135,135,18,27,9,11,0.6,0.6
2024-04-18T1900,1789A,124.81117,46.03138,大庆市,大同区,,49,45,93,34,64,93,,100,100,12,12,6,8,0.4,0.5
2024-04-18T1900,1790A,125.129,46.533,大庆市,龙凤区,,31,31,56,17,38,99,,101,101,15,16,6,7,0.3,0.4
2024-04-18T1900,1791A,124.902,46.408,大庆市,红岗区,,33,33,57,18,34,88,,96,96,14,12,5,6,0.4,0.5
2024-04-18T1900,1792A,125.153,46.586,大庆市,萨尔图区,,35,35,57,19,34,94,,89,89,10,11,7,10,0.2,0.2
2024-04-18T1900,1793A,124.9042,46.6215,大庆市,让胡路区,,36,36,56,14,32,93,,94,94,12,12,10,10,0.3,0.4
2024-04-18T1900,3481A,125.141,46.634,大庆市,萨区政府监测点,,42,42,63,20,36,103,,97,97,6,12,8,9,0.4,0.4
2024-04-18T1900,1721A,113.3819,40.1097,大同市,果树场,,,,,,,,,,,,,,,,
2024-04-18T1900,1723A,113.2994,40.0758,大同市,云冈宾馆,颗粒物(PM10),64,78,64,45,24,148,,139,139,26,31,8,11,0.7,0.9
2024-04-18T1900,1724A,113.3444,40.0917,大同市,大同大学,颗粒物(PM10),58,66,59,30,16,148,,139,139,15,20,11,16,0.3,0.4
2024-04-18T1900,1725A,113.2661,40.1269,大同市,安家小村,颗粒物(PM10),82,113,74,30,18,154,,136,136,16,20,9,10,0.4,0.7
2024-04-18T1900,1726A,113.2711,40.0844,大同市,教育学院,颗粒物(PM10),71,91,79,34,24,160,,144,144,28,35,12,14,0.5,0.8
2024-04-18T1900,3282A,113.3397,40.0597,大同市,大同市卫生学校,颗粒物(PM10),62,73,57,24,27,146,,140,140,19,27,8,10,0.4,0.6
2024-04-18T1900,3565A,113.1367,40.1122,大同市,云冈站,颗粒物(PM10),71,91,76,44,21,160,,139,139,21,34,12,18,0.4,0.5
2024-04-18T1900,3566A,113.1186,40.2556,大同市,图书馆,颗粒物(PM10),77,103,56,28,20,163,,151,151,25,15,14,12,0.5,0.5
2024-04-18T1900,3567A,113.5931,40.0461,大同市,区一中,颗粒物(PM10),62,73,55,11,14,154,,143,143,20,18,6,6,0.4,0.6
2024-04-18T1900,3676A,113.2802,40.0995,大同市,第二人民医院,颗粒物(PM10),62,73,74,28,23,157,,140,140,19,24,11,12,0.4,0.7
2024-04-18T1900,2269A,124.1069,50.4097,大兴安岭地区,科技局,,25,21,15,17,15,73,,76,75,5,3,5,6,0.4,0.3
2024-04-18T1900,3663A,124.1164,50.4278,大兴安岭地区,红旗社区,,24,,5,6,4,74,,80,80,5,3,6,6,0.4,0.4
2024-04-18T1900,1600A,124.3303,40.0625,丹东市,江湾东路,颗粒物(PM10),98,146,109,63,38,98,,130,127,47,23,16,15,0.9,0.7
2024-04-18T1900,1601A,124.4256,40.1503,丹东市,临江后街,颗粒物(PM10),100,149,115,58,30,134,,134,134,22,18,10,10,0.7,0.8
2024-04-18T1900,1602A,124.3933,40.1461,丹东市,元宝山,颗粒物(PM10),98,145,105,65,29,125,,123,123,35,21,12,10,0.6,0.7
2024-04-18T1900,1603A,124.3633,40.1092,丹东市,民主桥,颗粒物(PM10),98,145,113,60,31,125,,126,126,33,20,28,13,0.8,0.8
2024-04-18T1900,3541A,109.5726,19.5167,儋州市,第一中学子站,,36,34,31,25,26,109,,106,106,6,7,6,6,0.4,0.4
2024-04-18T1900,3542A,109.5567,19.5187,儋州市,东坡学校子站,,40,40,31,18,21,112,,109,109,4,5,4,5,0.5,0.5
2024-04-18T1900,2616A,98.5842,24.428,德宏傣族景颇族自治州,德宏州监测站,细颗粒物(PM2.5),69,76,80,50,58,123,,120,120,20,26,8,16,0.7,0.8
2024-04-18T1900,3677A,98.5881,24.4368,德宏傣族景颇族自治州,芒市人民政府综合楼,细颗粒物(PM2.5),72,82,77,52,56,125,,120,120,18,18,13,12,0.8,0.9
2024-04-18T1900,1901A,104.4239,31.1208,德阳市,东山公园,,25,14,43,5,22,78,,61,61,5,22,1,2,0.5,0.6
2024-04-18T1900,1902A,104.3826,31.1317,德阳市,西小区,,24,15,48,5,27,74,,61,61,13,31,1,3,0.6,0.6
2024-04-18T1900,1904A,104.3553,31.1091,德阳市,耐火材料厂,,24,11,46,8,27,74,,69,69,12,28,2,3,0.6,0.7
2024-04-18T1900,3639A,104.4019,31.1244,德阳市,市教育局,,23,11,45,6,25,72,,59,59,8,25,1,3,0.5,0.6
2024-04-18T1900,1622A,116.3032,37.4674,德州市,儿童乐园,颗粒物(PM10),108,166,140,34,39,174,,177,177,25,20,10,12,0.8,0.7
2024-04-18T1900,1624A,116.2991,37.4451,德州市,监理站,颗粒物(PM10),101,151,137,46,52,182,,181,181,18,19,15,16,0.6,0.5
2024-04-18T1900,3066A,116.2721,37.4379,德州市,九衢泉纯净水厂,颗粒物(PM10),103,156,142,46,43,166,,171,171,21,23,8,11,0.7,0.6
2024-04-18T1900,3371A,116.3728,37.4403,德州市,开发区人民医院,颗粒物(PM10),101,151,146,39,37,178,,178,178,21,16,12,13,0.8,0.6
2024-04-18T1900,3372A,116.3572,37.4094,德州市,太阳城中学,,,,140,39,45,158,,169,169,,21,8,11,0.6,0.6
2024-04-18T1900,3511A,116.5652,37.3319,德州市,陵城艺术中心,颗粒物(PM10),90,129,139,29,40,174,,179,179,23,21,7,10,0.8,0.8
2024-04-18T1900,2621A,99.7056,27.8317,迪庆藏族自治州,迪庆州站,,39,34,29,14,16,124,,130,128,8,9,8,10,0.4,0.4
2024-04-18T1900,3180A,99.7136,27.8094,迪庆藏族自治州,质量技术监督局,,42,42,31,13,10,118,,125,122,9,10,6,6,0.4,0.4
2024-04-18T1900,2663A,104.6241,35.5734,定西市,东关小学,颗粒物(PM10),83,115,43,39,22,108,,102,102,11,9,2,3,0.3,0.3
2024-04-18T1900,2664A,104.6194,35.5934,定西市,供电公司,"颗粒物(PM10),细颗粒物(PM2.5)",77,103,90,56,26,104,,97,97,5,6,2,3,0.2,0.1
2024-04-18T1900,1389A,113.7547,23.0494,东莞市,莞城梨川,,38,38,38,21,18,71,,76,76,35,28,8,8,0.8,0.7
2024-04-18T1900,1390A,113.7944,23.0128,东莞市,东城石井,,32,32,33,21,18,58,,72,72,31,26,6,7,0.7,0.6
2024-04-18T1900,1391A,113.7383,22.9658,东莞市,南城西平,,28,28,32,16,16,64,,67,67,30,27,9,9,0.8,0.7
2024-04-18T1900,3319A,113.7338,23.0381,东莞市,万江金泰,,39,35,33,27,19,61,,69,69,40,26,8,9,0.8,0.8
2024-04-18T1900,3626A,113.7533,23.0202,东莞市,南城元岭,,34,34,34,20,18,63,,73,73,37,26,7,7,0.9,0.7
2024-04-18T1900,3627A,113.7875,23.0457,东莞市,东城主山,,36,36,34,22,20,62,,71,71,38,26,9,9,0.8,0.7
2024-04-18T1900,1666A,118.6614,37.4309,东营市,市环保局,颗粒物(PM10),80,110,147,31,53,157,,236,232,16,42,11,17,0.5,0.8
2024-04-18T1900,3036A,118.6904,37.4338,东营市,开发区管委会,颗粒物(PM10),80,110,144,24,52,143,,223,218,16,41,6,14,0.3,0.4
2024-04-18T1900,3365A,118.5719,37.565,东营市,垦利区民丰路,颗粒物(PM10),80,110,149,17,50,140,,229,222,22,42,13,19,0.6,0.9
2024-04-18T1900,3498A,118.5055,37.8612,东营市,河口城区,颗粒物(PM10),86,122,151,20,67,116,,190,187,11,22,6,11,0.3,0.6
2024-04-18T1900,3646A,118.4978,37.4623,东营市,胜利站,颗粒物(PM10),99,148,141,39,53,189,,230,230,16,41,17,19,0.6,0.7
2024-04-18T1900,3734A,118.35,37.26,东营市,理想之城,颗粒物(PM10),95,139,151,36,51,177,,232,231,22,44,15,17,0.7,0.8
2024-04-18T1900,1591A,110.0023,39.8129,鄂尔多斯市,综合楼,颗粒物(PM10),78,105,110,41,35,161,,160,160,19,35,7,11,0.7,0.7
2024-04-18T1900,1592A,109.9486,39.8261,鄂尔多斯市,巴音孟克林场办事处,颗粒物(PM10),78,105,105,24,29,155,,154,154,19,31,9,14,0.6,0.7
2024-04-18T1900,1593A,109.7736,39.5986,鄂尔多斯市,康泽苑,臭氧1小时,64,68,130,29,35,171,,161,161,15,48,8,12,0.6,0.8
2024-04-18T1900,1594A,109.8119,39.5989,鄂尔多斯市,华泰汽车城,"颗粒物(PM10),臭氧1小时",59,68,128,27,37,167,,156,156,14,50,10,13,0.5,0.7
2024-04-18T1900,1595A,109.9734,39.7884,鄂尔多斯市,奥林花园,颗粒物(PM10),69,88,105,24,29,148,,150,150,22,38,8,12,0.6,0.7
2024-04-18T1900,2436A,114.8938,30.3994,鄂州市,市政府,,34,28,38,9,16,107,,126,126,14,18,10,10,0.5,0.6
2024-04-18T1900,2437A,114.8989,30.3714,鄂州市,赵家坝,,33,33,37,16,19,100,,124,124,14,12,10,8,1.0,0.8
2024-04-18T1900,3654A,114.8094,30.4089,鄂州市,精准医疗中心,,47,47,55,17,22,96,,116,116,18,22,12,8,1.3,0.7
2024-04-18T1900,2454A,109.4978,30.2981,恩施土家族苗族自治州,湖北民院,,30,30,20,16,7,72,,84,84,26,17,7,6,0.7,0.8
2024-04-18T1900,2455A,109.4707,30.2798,恩施土家族苗族自治州,州电力总公司,,,25,17,20,10,,,78,,21,26,8,7,0.8,0.8
2024-04-18T1900,3549A,109.5061,30.3772,恩施土家族苗族自治州,龙凤新区,,24,15,15,14,7,75,,95,95,16,12,7,6,0.8,0.8
2024-04-18T1900,2499A,108.3411,21.6158,防城港市,沙万,,50,50,29,19,16,56,,70,65,38,18,6,4,0.6,0.6
2024-04-18T1900,2500A,108.3514,21.7731,防城港市,防城档案局,,25,24,29,17,16,74,,55,,10,12,4,5,0.5,0.6
2024-04-18T1900,2501A,108.3506,21.6414,防城港市,大海花园,,42,42,26,22,14,66,,79,76,27,14,7,6,0.6,0.5
2024-04-18T1900,1371A,113.1294,23.0067,佛山市,湾梁,,41,41,27,18,14,76,,86,86,47,22,7,7,0.6,0.5
2024-04-18T1900,1372A,113.1083,23.0478,佛山市,华材职中,,39,39,27,18,16,84,,87,87,37,21,8,7,0.6,0.4
2024-04-18T1900,1373A,113.144,23.0453,佛山市,南海气象局,,35,35,29,17,15,62,,81,80,36,21,6,7,0.7,0.5
2024-04-18T1900,1374A,113.2881,22.8094,佛山市,顺德苏岗,,35,,22,24,15,89,,84,84,32,19,6,5,0.6,0.5
2024-04-18T1900,1376A,112.8383,22.8678,佛山市,高明孔堂,,38,38,25,20,15,88,,93,92,25,14,8,8,0.5,0.4
2024-04-18T1900,1377A,112.8836,23.1588,佛山市,三水监测站,,39,39,46,26,28,80,,89,88,56,43,5,7,0.7,0.7
2024-04-18T1900,1378A,112.867,23.185,佛山市,三水云东海,,36,32,39,25,33,70,,88,86,24,34,5,6,0.5,0.5
2024-04-18T1900,3625A,113.2544,22.7642,佛山市,容桂街道办,,39,39,23,22,14,83,,80,80,49,23,12,7,0.6,0.4
2024-04-18T1900,1280A,119.3903,26.0543,福州市,鼓山,,,,,,,,,,,,,,,,
2024-04-18T1900,1282A,119.2681,26.0504,福州市,师大,,37,33,30,8,19,117,,114,114,18,23,4,4,0.4,0.6
2024-04-18T1900,1283A,119.2984,26.1028,福州市,五四北路,,37,5,28,4,22,118,,108,108,12,22,3,3,0.3,0.4
2024-04-18T1900,1284A,119.2648,26.0768,福州市,杨桥西路,,38,17,30,5,20,119,,108,108,8,20,3,3,0.4,0.5
2024-04-18T1900,1285A,119.317,26.0746,福州市,紫阳,,37,13,30,4,21,116,,106,106,9,23,4,3,0.4,0.5
2024-04-18T1900,3048A,119.5799,26.0936,福州市,九龙,,45,40,23,6,13,142,,128,128,9,19,4,4,0.4,0.5
2024-04-18T1900,3526A,119.5189,25.9664,福州市,吴航,,40,26,28,10,18,128,,119,119,11,19,3,3,0.4,0.4
2024-04-18T1900,1755A,123.7977,41.8491,抚顺市,望花区,颗粒物(PM10),56,61,83,12,33,97,,122,120,14,32,5,11,0.4,0.7
2024-04-18T1900,1756A,123.9161,41.8822,抚顺市,顺城区,颗粒物(PM10),54,58,81,9,35,109,,131,131,16,40,6,11,0.3,0.7
2024-04-18T1900,1757A,124.0436,41.8611,抚顺市,东洲区,颗粒物(PM10),53,56,66,22,48,113,,137,137,13,18,10,12,0.4,0.8
2024-04-18T1900,1758A,123.9247,41.8642,抚顺市,新抚区,颗粒物(PM10),59,68,71,10,33,102,,127,127,19,34,7,13,0.4,0.8
2024-04-18T1900,1759A,124.0972,41.8961,抚顺市,大伙房水库,颗粒物(PM10),59,68,66,15,30,117,,137,137,15,20,8,10,0.4,0.7
2024-04-18T1900,1760A,123.7086,41.8391,抚顺市,沈抚新城,颗粒物(PM10),60,69,75,4,27,100,,125,124,9,31,5,13,0.3,0.7
2024-04-18T1900,2376A,116.2127,28.0814,抚州市,桐源党溪,,36,36,27,13,12,64,,84,84,4,4,5,5,0.7,0.7
2024-04-18T1900,2377A,116.3544,27.9831,抚州市,市站,,27,27,25,16,14,76,,87,87,23,11,4,3,1.0,0.9
2024-04-18T1900,2378A,116.3565,27.963,抚州市,血防站,,28,26,25,19,14,87,,95,95,12,8,1,2,1.1,1
2024-04-18T1900,2379A,116.3564,28.0007,抚州市,采茶剧团,,27,27,24,16,14,86,,93,93,11,7,2,2,1.1,1
2024-04-18T1900,2380A,116.385,27.9647,抚州市,医学分院,,30,30,25,12,10,79,,91,91,16,9,8,10,1.3,1.2
2024-04-18T1900,2207A,121.6094,41.998,阜新市,工业园区,颗粒物(PM10),51,51,79,7,20,96,,115,114,21,23,15,13,0.5,0.6
2024-04-18T1900,2208A,121.6697,42.0279,阜新市,长青街,,30,30,73,15,28,86,,113,110,23,20,47,13,0.5,0.6
2024-04-18T1900,2209A,121.6673,42.0705,阜新市,农业园区,,34,34,73,2,17,94,,106,106,15,16,5,9,0.2,0.3
2024-04-18T1900,2210A,121.6717,42.0224,阜新市,东苑,,,41,76,9,24,91,,110,108,18,19,72,17,,0.5
2024-04-18T1900,2211A,121.6506,42.0498,阜新市,玉龙新城,,39,39,76,7,16,92,,107,106,18,23,6,10,0.5,0.6
2024-04-18T1900,2301A,115.8277,32.8929,阜阳市,市监测站,颗粒物(PM10),57,64,73,22,34,121,,131,131,14,17,6,6,0.3,0.4
2024-04-18T1900,2303A,115.8554,32.8605,阜阳市,开发区,颗粒物(PM10),61,72,70,28,41,120,,130,130,18,21,4,5,0.3,0.4
2024-04-18T1900,2875A,115.784,32.8892,阜阳市,阜阳职业技术学院,颗粒物(PM10),58,65,67,22,31,129,,134,134,14,14,5,5,0.3,0.4
2024-04-18T1900,3468A,115.7901,32.8613,阜阳市,市规划展馆,颗粒物(PM10),54,57,65,18,36,124,,135,135,15,16,5,6,0.4,0.5
2024-04-18T1900,3469A,115.836,32.9183,阜阳市,枣园社区,,43,43,77,16,39,120,,132,132,16,18,6,5,0.4,0.4
2024-04-18T1900,2669A,102.9099,34.9841,甘南藏族自治州,州政府,,31,16,28,12,19,97,,92,92,8,17,7,7,0.6,0.7
2024-04-18T1900,3380A,102.8914,34.9617,甘南藏族自治州,甘肃民族师范学院,,30,6,30,4,12,95,,98,98,18,25,8,11,0.3,0.4
2024-04-18T1900,2570A,101.9603,30.0475,甘孜藏族自治州,水桥子,,38,35,8,26,6,100,,95,95,10,18,2,2,0.2,0.3
2024-04-18T1900,3065A,101.9533,29.9972,甘孜藏族自治州,州环保局,,35,35,13,14,5,96,,100,100,12,20,2,2,0.2,0.2
2024-04-18T1900,3414A,115.8347,28.932,赣江新区,桑海产业园,,32,24,23,10,12,100,,101,101,21,13,6,7,0.6,0.5
2024-04-18T1900,2362A,114.9017,25.9149,赣州市,通天岩,,,,,,,,,,,,,,,,
2024-04-18T1900,2363A,114.9367,25.8664,赣州市,地委,,48,48,32,25,22,64,,82,78,25,11,1,3,0.9,0.6
2024-04-18T1900,2364A,114.9461,25.8481,赣州市,气象台,,49,49,32,29,19,55,,78,76,32,12,9,8,0.6,0.4
2024-04-18T1900,2365A,114.9322,25.8333,赣州市,市图书馆,,41,41,30,26,14,55,,64,,28,11,6,16,1.0,1.1
2024-04-18T1900,2366A,114.8905,25.8471,赣州市,华坚鞋城,颗粒物(PM10),52,54,35,29,15,50,,79,76,32,11,12,11,0.8,0.6
2024-04-18T1900,3109A,115.0093,25.8613,赣州市,赣县区卫计委,,38,38,30,25,19,55,,71,69,21,16,9,10,0.7,0.6
2024-04-18T1900,2683A,106.2319,36.1417,固原市,马园,颗粒物(PM10),52,53,79,19,37,90,,80,76,16,31,5,6,0.3,0.7
2024-04-18T1900,2684A,106.2792,36.0022,固原市,监测站,,22,22,51,13,32,64,,91,86,23,16,7,6,0.5,0.5
2024-04-18T1900,2685A,106.2375,36.0211,固原市,新区,,25,,51,9,34,77,,87,85,13,16,5,5,0.5,0.5
2024-04-18T1900,3522A,106.2177,35.9959,固原市,原州区十五小,,31,19,65,11,27,98,,102,102,9,12,10,9,0.4,0.4
2024-04-18T1900,2543A,106.6308,30.5278,广安市,小平旧居,,,,,,,,,,,,,,,,
2024-04-18T1900,2544A,106.6303,30.4576,广安市,市委,,30,24,41,17,24,94,,101,101,18,24,7,7,0.7,0.7
2024-04-18T1900,2545A,106.6271,30.4663,广安市,友谊中学,,35,23,32,15,22,111,,104,104,12,22,7,6,0.7,0.8
2024-04-18T1900,2547A,106.6388,30.4551,广安市,广电花园,,29,20,37,15,23,91,,98,98,14,18,8,8,0.7,0.8
2024-04-18T1900,2902A,106.6351,30.4865,广安市,北辰小学,,30,24,37,9,22,95,,97,97,13,14,8,7,0.7,0.7
2024-04-18T1900,2523A,105.8945,32.4535,广元市,黑石坡,,14,12,18,9,11,42,,58,34,24,14,7,7,0.6,0.5
2024-04-18T1900,2524A,105.821,32.4444,广元市,老城,,39,39,31,7,12,8,,20,12,47,31,6,6,1.1,1
2024-04-18T1900,2526A,105.8628,32.4287,广元市,监测站,,38,31,28,26,16,31,,27,26,34,23,6,7,0.8,0.8
2024-04-18T1900,3617A,105.8047,32.4166,广元市,经开区,,25,25,33,15,18,16,,30,21,46,25,6,7,1.0,0.8
2024-04-18T1900,1345A,113.2347,23.1423,广州市,广雅中学,,36,36,37,22,20,80,,89,89,42,35,4,5,0.8,0.8
2024-04-18T1900,1346A,113.2612,23.105,广州市,市五中,,44,44,37,27,22,84,,97,96,41,27,6,7,0.7,0.6
2024-04-18T1900,1348A,113.3478,23.0916,广州市,广东商学院,,,,40,,25,,,88,88,,40,,5,,0.6
2024-04-18T1900,1349A,113.4332,23.1047,广州市,市八十六中,,43,43,46,21,22,65,,82,82,55,41,6,6,0.7,0.7
2024-04-18T1900,1350A,113.3505,22.9483,广州市,番禺中学,,34,33,31,18,17,106,,98,98,32,24,4,4,0.7,0.6
2024-04-18T1900,1351A,113.2146,23.3916,广州市,花都师范,,36,36,40,22,22,73,,86,86,45,35,6,6,0.7,0.6
2024-04-18T1900,1352A,113.2597,23.1331,广州市,市监测站,,36,36,35,23,21,75,,86,86,43,29,5,6,0.6,0.5
2024-04-18T1900,1353A,113.5618,23.312,广州市,九龙镇镇龙,,25,25,32,13,17,69,,81,81,21,18,6,6,0.6,0.6
2024-04-18T1900,1354A,113.2765,23.1544,广州市,麓湖,,38,37,35,26,20,61,,80,80,35,27,4,5,0.7,0.6
2024-04-18T1900,1355A,113.443,23.3035,广州市,帽峰山森林公园,,21,21,27,11,17,56,,86,86,16,17,4,5,0.6,0.6
2024-04-18T1900,2846A,113.3221,23.1322,广州市,体育西,,38,38,38,24,21,78,,90,90,39,25,7,8,0.9,0.8
2024-04-18T1900,3298A,113.5717,23.5491,广州市,从化街口,,25,25,27,15,17,77,,94,92,19,24,4,5,0.6,0.7
2024-04-18T1900,3299A,113.3472,23.3692,广州市,白云竹料,,31,31,35,19,23,71,,86,86,27,27,6,6,0.6,0.6
2024-04-18T1900,3300A,113.2981,23.237,广州市,白云嘉禾,,43,43,52,23,26,69,,84,84,52,44,4,5,0.9,0.8
2024-04-18T1900,3301A,113.4256,23.1716,广州市,黄埔科学城,,41,41,40,27,20,70,,83,83,45,39,4,5,0.8,0.8
2024-04-18T1900,3302A,113.3942,23.0483,广州市,番禺大学城,,30,30,35,21,21,71,,82,82,37,30,3,4,0.6,0.9
2024-04-18T1900,3303A,113.4922,22.8168,广州市,南沙黄阁,,36,36,31,25,17,76,,76,76,41,31,7,6,0.8,0.6
2024-04-18T1900,3304A,113.5342,22.7896,广州市,南沙街,,30,26,29,21,17,52,,67,67,40,24,6,8,0.6,0.6
2024-04-18T1900,3443A,113.2902,23.5544,广州市,花都梯面,,22,21,28,12,19,70,,90,90,16,20,5,7,0.7,0.7
2024-04-18T1900,3445A,113.7858,23.7478,广州市,从化良口,,20,14,15,8,9,64,,93,93,10,10,5,4,0.5,0.5
2024-04-18T1900,3446A,113.8051,23.2614,广州市,增城荔城,,22,18,26,11,15,69,,78,78,14,14,6,7,0.5,0.5
2024-04-18T1900,2505A,109.568,23.1478,贵港市,德智高中,,36,36,43,24,31,76,,102,102,28,26,6,7,0.7,0.6
2024-04-18T1900,2506A,109.6047,23.0666,贵港市,江南子站,颗粒物(PM10),58,66,58,28,36,89,,115,115,20,20,8,9,0.6,0.7
2024-04-18T1900,2507A,109.6014,23.0948,贵港市,贵城子站,颗粒物(PM10),53,56,62,30,36,86,,111,111,18,18,11,9,0.9,0.7
2024-04-18T1900,2508A,109.5669,23.1065,贵港市,荷城子站,,39,39,45,22,30,77,,110,107,16,14,10,11,0.7,0.7
2024-04-18T1900,3405A,109.5886,23.1172,贵港市,新世纪学校,,39,39,47,22,30,80,,114,113,15,20,9,10,0.8,0.8
2024-04-18T1900,1439A,106.6899,26.5998,贵阳市,马鞍山,,31,29,23,9,8,99,,99,99,9,9,6,6,0.4,0.5
2024-04-18T1900,1440A,106.6971,26.5694,贵阳市,市环保站,,44,44,36,22,21,98,,99,99,14,15,4,4,0.3,0.3
2024-04-18T1900,1441A,106.6243,26.6266,贵阳市,鉴湖路,,39,39,27,14,14,107,,104,104,8,8,3,2,0.5,0.4
2024-04-18T1900,1442A,106.7487,26.6343,贵阳市,燕子冲,,33,31,27,17,16,103,,103,103,7,8,4,5,0.5,0.5
2024-04-18T1900,1443A,106.6555,26.4365,贵阳市,碧云窝,,34,34,34,12,14,108,,106,106,6,9,4,5,0.4,0.5
2024-04-18T1900,1444A,106.694,26.5161,贵阳市,中院村,,34,34,28,14,15,92,,91,91,7,10,6,7,0.4,0.5
2024-04-18T1900,1445A,106.7109,26.6027,贵阳市,红边门,,42,29,29,29,22,93,,101,101,22,17,4,4,0.4,0.4
2024-04-18T1900,1446A,106.7164,26.5699,贵阳市,新华路,,35,29,29,24,17,102,,106,106,10,10,4,5,0.3,0.5
2024-04-18T1900,1447A,106.674,26.5424,贵阳市,太慈桥,,33,27,23,17,14,104,,104,104,8,10,6,6,0.4,0.3
2024-04-18T1900,1552A,106.805,26.3003,贵阳市,桐木岭,,,,,,,,,,,,,,,,
2024-04-18T1900,1862A,110.4144,25.3167,桂林市,电子科大尧山校区,,19,19,17,9,12,49,,61,52,5,5,4,8,0.9,0.8
2024-04-18T1900,1863A,110.2819,25.2697,桂林市,监测站,,,32,24,21,18,56,,62,56,17,15,,9,0.8,0.7
2024-04-18T1900,1864A,110.3089,25.2708,桂林市,龙隐路小学,,22,19,19,15,15,63,,56,56,8,10,8,8,0.7,0.7
2024-04-18T1900,1865A,110.2869,25.2178,桂林市,八中,,25,25,21,11,14,56,,53,53,15,17,11,6,0.8,0.7
2024-04-18T1900,3403A,110.1764,25.2381,桂林市,创业大厦,,,,21,,17,63,,69,69,18,12,,16,0.8,0.8
2024-04-18T1900,3531A,110.296,25.1253,桂林市,旅游学院,,20,12,14,7,11,61,,67,67,7,14,7,6,0.5,0.4
2024-04-18T1900,2674A,100.2561,34.4714,果洛藏族自治州,玛沁县大武镇,颗粒物(PM10),71,92,34,41,20,115,,118,118,3,6,10,11,0.4,0.4
2024-04-18T1900,1129A,126.5422,45.755,哈尔滨市,岭北,,41,41,57,27,39,98,,,,18,24,22,11,0.7,0.8
2024-04-18T1900,1130A,126.561,45.8167,哈尔滨市,松北商大,,30,,66,21,36,81,,100,97,23,29,5,7,0.4,0.5
2024-04-18T1900,1131A,126.979,45.5419,哈尔滨市,阿城会宁,,37,37,74,17,39,73,,118,108,20,20,19,17,2.2,0.8
2024-04-18T1900,1132A,126.599,45.7222,哈尔滨市,南岗学府路,,43,39,74,30,35,92,,108,107,13,23,10,12,0.6,0.7
2024-04-18T1900,1133A,126.689,45.7733,哈尔滨市,太平宏伟公园,,36,36,74,18,36,91,,110,108,13,29,5,9,0.5,0.6
2024-04-18T1900,1134A,126.635,45.7667,哈尔滨市,道外承德广场,,29,29,63,17,43,90,,106,106,15,25,5,8,0.4,0.6
2024-04-18T1900,1135A,126.685,45.7319,哈尔滨市,香坊红旗大街,,34,34,69,12,42,81,,93,89,12,25,4,11,0.4,0.6
2024-04-18T1900,1136A,126.6411,45.7258,哈尔滨市,动力和平路,,30,30,64,18,28,94,,111,110,14,22,5,8,0.4,0.5
2024-04-18T1900,1137A,126.593,45.7478,哈尔滨市,道里建国路,,43,31,67,30,39,87,,102,101,20,34,6,7,0.6,1.8
2024-04-18T1900,1138A,126.615,45.61,哈尔滨市,平房东轻厂,颗粒物(PM10),51,52,65,24,34,54,,95,90,51,19,9,8,0.3,0.4
2024-04-18T1900,1139A,126.595,45.9855,哈尔滨市,呼兰师专,颗粒物(PM10),109,167,80,21,45,82,,98,93,14,28,5,13,0.4,0.6
2024-04-18T1900,1140A,126.6206,45.6842,哈尔滨市,省农科院,,47,47,83,27,43,98,,112,112,19,43,7,10,0.4,0.5
2024-04-18T1900,2688A,93.5128,42.8172,哈密市,地区监测站,,29,24,106,17,29,92,,91,91,6,11,4,4,0.2,0.2
2024-04-18T1900,2689A,93.4961,42.8328,哈密市,哈密师范学校,,30,30,101,13,29,82,,85,85,12,13,6,5,0.4,0.4
2024-04-18T1900,2671A,100.9048,36.9639,海北藏族自治州,海晏县西海镇,,41,20,51,14,20,130,,94,,7,13,8,12,0.5,0.5
2024-04-18T1900,3867A,102.0738,36.5056,海东市,平安区公安北苑,,29,16,52,14,20,90,,92,92,22,17,8,9,0.6,0.5
2024-04-18T1900,1409A,110.576,19.9507,海口市,东寨港,,,,,,,,,,,,,,,,
2024-04-18T1900,1410A,110.3232,20.0574,海口市,海南大学,,22,22,32,12,19,65,,100,96,5,15,5,6,0.3,0.4
2024-04-18T1900,1411A,110.283,20.0053,海口市,秀英海南医院,,40,40,36,15,20,62,,108,102,10,18,5,6,0.3,0.3
2024-04-18T1900,1412A,110.338,19.9969,海口市,海南师范大学,,,29,32,13,19,62,,111,106,4,10,,6,0.5,0.4
2024-04-18T1900,1413A,110.33,20.0356,海口市,龙华路环保局宿舍,,42,42,38,16,20,59,,102,97,7,16,6,6,0.3,0.3
2024-04-18T1900,3539A,110.5111,19.9736,海口市,桂林洋子站,,34,34,36,13,19,52,,104,96,4,6,5,5,0.2,0.3
2024-04-18T1900,2673A,100.6188,36.2866,海南藏族自治州,共和县恰卜恰镇,,38,22,45,15,14,120,,118,118,5,9,10,13,0.5,0.5
2024-04-18T1900,2676A,97.3731,37.3753,海西蒙古族藏族自治州,德令哈市,颗粒物(PM10),61,71,163,20,50,134,,122,122,8,7,9,10,0.6,0.6
2024-04-18T1900,1048A,114.5302,36.6116,邯郸市,东污水处理厂,颗粒物(PM10),75,99,105,36,48,148,,147,147,16,28,7,9,0.4,0.6
2024-04-18T1900,1049A,114.4918,36.5713,邯郸市,矿院,颗粒物(PM10),63,75,83,27,40,136,,131,131,9,22,7,8,0.6,0.8
2024-04-18T1900,1050A,114.484,36.6133,邯郸市,丛台公园,颗粒物(PM10),68,86,93,27,43,150,,153,153,11,26,7,11,0.4,0.7
2024-04-18T1900,3458A,114.7895,36.5593,邯郸市,香泉濮院小区,颗粒物(PM10),85,120,117,27,38,152,,156,156,14,18,6,8,0.4,0.3
2024-04-18T1900,3579A,114.50634,36.77178,邯郸市,永年区实验高中,颗粒物(PM10),78,105,138,33,55,168,,174,174,15,33,8,18,0.3,0.9
2024-04-18T1900,3580A,114.20016,36.44293,邯郸市,峰峰矿区临水派出所,颗粒物(PM10),73,96,106,27,42,160,,156,156,10,16,8,12,0.7,1
2024-04-18T1900,2634A,106.9893,33.1842,汉中市,汉川机床厂子校,,30,30,39,20,20,38,,79,72,19,11,3,3,0.7,0.5
2024-04-18T1900,2635A,107.0154,33.0706,汉中市,市监测站,,39,39,49,22,26,51,,72,70,18,17,6,7,0.8,0.7
2024-04-18T1900,2636A,107.0089,33.1138,汉中市,鑫源开发区,,40,40,46,21,23,47,,74,74,21,19,8,8,0.7,0.6
2024-04-18T1900,2637A,107.007,33.0323,汉中市,南郑大河坎水厂,,38,33,41,26,25,44,,67,66,13,14,6,6,0.7,0.7
2024-04-18T1900,1223A,120.2072,30.2111,杭州市,滨江,细颗粒物(PM2.5),78,88,36,57,20,168,,159,159,37,19,7,5,0.6,0.6
2024-04-18T1900,1224A,120.0633,30.2747,杭州市,西溪,,38,36,20,14,12,120,,140,140,34,23,6,6,0.8,0.6
2024-04-18T1900,1226A,120.3461,30.3153,杭州市,下沙,颗粒物(PM10),90,129,48,54,22,162,,160,160,54,31,9,5,0.8,0.7
2024-04-18T1900,1227A,120.1269,30.2456,杭州市,卧龙桥,,41,41,24,18,17,75,,150,146,53,23,4,4,0.8,0.6
2024-04-18T1900,1228A,120.1903,30.2692,杭州市,浙江农大,颗粒物(PM10),66,82,30,45,20,157,,147,147,44,29,7,5,0.7,0.6
2024-04-18T1900,1230A,120.1197,30.3119,杭州市,和睦小学,颗粒物(PM10),61,71,29,29,15,163,,150,150,41,26,8,7,0.7,0.7
2024-04-18T1900,1231A,120.3019,30.4183,杭州市,临平镇,颗粒物(PM10),91,131,60,63,38,161,,168,168,36,18,6,5,0.8,0.7
2024-04-18T1900,1232A,120.2697,30.1819,杭州市,城厢镇,颗粒物(PM10),65,79,32,41,19,164,,156,156,46,27,7,5,0.8,0.7
2024-04-18T1900,1233A,120.0883,30.1808,杭州市,云栖,,47,47,28,17,10,117,,148,148,28,20,6,6,0.6,0.6
2024-04-18T1900,3557A,119.9464,30.0494,杭州市,镇二中,臭氧1小时,58,45,24,9,13,166,,155,155,33,24,8,7,0.6,0.5
2024-04-18T1900,3558A,119.7183,30.2367,杭州市,市府大楼,臭氧1小时,53,36,16,18,11,162,,149,149,39,26,6,5,0.5,0.5
2024-04-18T1900,3656A,120.1556,30.2864,杭州市,消防大队,颗粒物(PM10),70,90,36,39,19,165,,154,154,41,23,9,8,0.8,0.7
2024-04-18T1900,1270A,117.1959,31.7848,合肥市,明珠广场,颗粒物(PM10),60,70,81,29,41,135,,148,148,32,40,9,8,0.8,1
2024-04-18T1900,1271A,117.3072,31.8764,合肥市,三里街,,,70,87,22,38,,,130,130,27,42,8,7,0.5,0.8
2024-04-18T1900,1272A,117.2588,31.8707,合肥市,琥珀山庄,颗粒物(PM10),62,73,78,19,25,134,,140,140,24,28,6,5,0.7,0.8
2024-04-18T1900,1273A,117.1604,31.9052,合肥市,董铺水库,颗粒物(PM10),64,78,65,17,23,139,,141,141,23,27,3,2,0.9,0.8
2024-04-18T1900,1274A,117.25,31.8571,合肥市,长江中路,颗粒物(PM10),63,75,84,27,37,131,,138,138,27,28,7,5,0.8,1
2024-04-18T1900,1275A,117.266,31.9436,合肥市,庐阳区,颗粒物(PM10),70,90,96,31,41,129,,138,138,34,30,9,8,0.6,0.6
2024-04-18T1900,1276A,117.336,31.8586,合肥市,瑶海区,颗粒物(PM10),60,70,85,17,35,120,,130,130,26,33,9,8,0.6,0.8
2024-04-18T1900,1277A,117.3027,31.7964,合肥市,包河区,颗粒物(PM10),69,88,94,24,38,125,,140,140,30,39,7,10,0.5,0.8
2024-04-18T1900,1278A,117.2776,31.7385,合肥市,滨湖新区,颗粒物(PM10),59,68,84,27,34,132,,145,145,18,27,10,9,0.5,0.6
2024-04-18T1900,1279A,117.1318,31.8403,合肥市,高新区,颗粒物(PM10),58,66,80,24,37,134,,140,140,23,37,8,8,0.7,0.9
2024-04-18T1900,3464A,117.3803,31.9147,合肥市,高教基地,颗粒物(PM10),56,62,59,14,18,133,,139,139,22,23,6,6,0.5,0.6
2024-04-18T1900,3614A,79.924,37.0877,和田地区,地区环保局,颗粒物(PM10),298,418,546,123,191,98,,90,90,6,14,5,7,0.6,0.5
2024-04-18T1900,3615A,79.9131,37.113,和田地区,市环保局,颗粒物(PM10),300,420,518,103,134,102,,88,88,6,26,5,6,0.5,0.7
2024-04-18T1900,2516A,108.2011,24.715,河池市,东仁乐园,,29,29,26,8,14,24,,22,22,8,7,5,5,0.8,0.7
2024-04-18T1900,2517A,108.0497,24.6947,河池市,市环保站,,28,16,18,10,13,89,,80,80,9,9,8,9,0.6,0.6
2024-04-18T1900,2518A,108.0983,24.6989,河池市,市疾控中心,,28,23,21,8,13,89,,80,80,13,12,8,9,0.6,0.6
2024-04-18T1900,1696A,114.6778,23.7569,河源市,源西,,24,10,12,6,7,76,,76,76,16,16,4,4,0.7,0.7
2024-04-18T1900,1697A,114.6944,23.7586,河源市,东埔,,23,10,19,9,12,72,,78,77,19,18,6,6,0.7,0.6
2024-04-18T1900,1698A,114.6892,23.7233,河源市,老城,,24,10,15,7,8,74,,76,76,12,10,5,5,0.7,0.6
2024-04-18T1900,1718A,115.4208,35.2464,菏泽市,气象局,颗粒物(PM10),61,72,128,19,34,129,,157,156,21,25,4,11,0.3,0.5
2024-04-18T1900,1719A,115.4747,35.2375,菏泽市,市政协,颗粒物(PM10),60,69,116,24,34,125,,154,153,16,17,2,8,0.1,0.2
2024-04-18T1900,3374A,115.5564,35.0891,菏泽市,定陶老年大学,颗粒物(PM10),53,56,107,14,26,116,,141,140,16,21,4,7,0.3,0.4
2024-04-18T1900,3647A,115.4702,35.2706,菏泽市,菏泽医专,颗粒物(PM10),56,61,113,18,25,134,,165,164,16,18,3,8,0.2,0.4
2024-04-18T1900,2514A,111.5264,24.4172,贺州市,环保小区,,33,15,26,10,14,103,,104,104,9,14,7,7,0.7,0.7
2024-04-18T1900,2515A,111.5608,24.4078,贺州市,政协大楼,,31,18,28,10,15,97,,103,103,13,15,9,9,0.7,0.7
2024-04-18T1900,3534A,111.4744,24.4553,贺州市,西湾,,30,18,24,17,14,94,,104,103,15,14,6,6,0.7,0.9
2024-04-18T1900,2385A,114.17,35.9019,鹤壁市,市监测站,颗粒物(PM10),73,95,124,45,59,137,,150,,26,39,5,10,0.4,0.6
2024-04-18T1900,2386A,114.2956,35.7511,鹤壁市,市交警支队,颗粒物(PM10),60,70,93,38,38,142,,152,152,15,21,10,13,0.3,0.6
2024-04-18T1900,2387A,114.2878,35.7306,鹤壁市,迎宾馆,颗粒物(PM10),70,90,106,40,47,131,,152,152,20,21,11,13,0.4,0.5
2024-04-18T1900,3474A,114.2617,35.6822,鹤壁市,大新区,颗粒物(PM10),63,76,103,1,38,118,,144,144,17,26,8,11,0.4,0.4
2024-04-18T1900,3596A,114.1572,35.9603,鹤壁市,南山宾馆,颗粒物(PM10),73,95,139,33,57,142,,151,151,9,27,11,12,0.5,0.7
2024-04-18T1900,2244A,130.2537,47.3416,鹤岗市,哈啤分公司,,26,26,42,17,26,51,,45,45,11,13,18,19,0.5,0.6
2024-04-18T1900,2245A,130.2684,47.3086,鹤岗市,斯达机电,,39,34,43,27,29,47,,46,46,12,15,11,12,0.6,0.6
2024-04-18T1900,2246A,130.3114,47.3388,鹤岗市,东山纸板厂,,22,21,78,15,36,47,,44,44,10,18,13,14,0.5,0.7
2024-04-18T1900,2247A,130.1097,47.3382,鹤岗市,五号水库,,23,21,29,16,10,60,,59,59,9,10,9,10,0.1,0.1
2024-04-18T1900,2263A,127.4833,50.2524,黑河市,交通局,,25,,15,17,17,52,,68,59,10,9,3,4,0.3,0.3
2024-04-18T1900,2264A,127.5144,50.2341,黑河市,环保局,,25,,14,17,14,58,,68,62,9,9,4,5,0.3,0.3
2024-04-18T1900,2265A,127.5291,50.2472,黑河市,大黑河岛,,,17,17,8,10,,,62,,27,31,7,9,,
2024-04-18T1900,1074A,115.6838,37.7541,衡水市,电机北厂,颗粒物(PM10),93,136,114,43,40,167,,177,177,12,15,8,5,0.4,0.4
2024-04-18T1900,1075A,115.6303,37.7316,衡水市,市监测站,颗粒物(PM10),89,128,115,47,36,164,,179,179,15,20,12,9,0.6,0.6
2024-04-18T1900,3188A,115.6683,37.7217,衡水市,市城管局,颗粒物(PM10),86,121,105,39,40,159,,173,173,17,18,7,4,0.4,0.4
2024-04-18T1900,3459A,115.5989,37.5491,衡水市,地表水厂,颗粒物(PM10),92,133,116,28,35,156,,171,171,18,25,6,6,0.4,0.5
2024-04-18T1900,2456A,112.5003,26.9167,衡阳市,原169医院,,30,30,35,20,17,42,,58,50,12,11,1,2,0.7,0.6
2024-04-18T1900,2457A,112.6194,26.9258,衡阳市,衡阳化工总厂,,42,42,42,24,23,49,,82,59,12,8,7,7,0.8,0.7
2024-04-18T1900,2458A,112.6211,26.8956,衡阳市,珠晖区环保局,,43,43,38,26,22,44,,76,52,18,11,7,6,0.9,0.9
2024-04-18T1900,2459A,112.6197,26.8733,衡阳市,市委党校,,40,40,39,22,21,45,,80,57,20,11,6,6,1.0,0.8
2024-04-18T1900,2460A,112.6006,26.8919,衡阳市,市监测站,细颗粒物(PM2.5),60,46,37,43,25,44,,85,59,20,9,7,7,1.1,0.8
2024-04-18T1900,2461A,112.5664,26.9056,衡阳市,真空机电公司,,42,42,37,28,23,22,,78,46,33,10,6,7,1.0,0.7
2024-04-18T1900,3399A,112.6703,26.882,衡阳市,师范学院,,42,37,40,29,29,48,,80,55,15,12,7,7,0.8,0.7
2024-04-18T1900,2608A,103.3772,23.3993,红河哈尼族彝族自治州,污水处理厂,"颗粒物(PM10),细颗粒物(PM2.5)",52,53,64,36,45,130,,132,132,7,14,8,15,0.4,0.6
2024-04-18T1900,2609A,103.3861,23.35,红河哈尼族彝族自治州,监测站,细颗粒物(PM2.5),54,49,58,38,43,131,,133,133,8,14,8,14,0.5,0.6
2024-04-18T1900,3038A,103.3758,23.368,红河哈尼族彝族自治州,州图书馆,细颗粒物(PM2.5),57,46,63,40,45,128,,131,131,6,12,5,16,0.4,0.6
2024-04-18T1900,1090A,111.6507,40.7517,呼和浩特市,呼市一监,颗粒物(PM10),92,134,74,40,24,163,,164,164,24,30,5,5,0.5,0.4
2024-04-18T1900,1091A,111.6572,40.8033,呼和浩特市,小召,颗粒物(PM10),75,100,61,30,17,151,,151,151,33,32,8,7,0.6,0.5
2024-04-18T1900,1094A,111.7516,40.8369,呼和浩特市,如意水处理厂,颗粒物(PM10),66,82,56,26,14,163,,150,150,16,32,10,9,0.4,0.3
2024-04-18T1900,1095A,111.7276,40.8062,呼和浩特市,二十九中,颗粒物(PM10),70,90,60,28,15,160,,154,154,23,25,10,10,0.5,0.4
2024-04-18T1900,1096A,111.5512,40.7866,呼和浩特市,工大金川校区,颗粒物(PM10),88,125,58,35,16,137,,144,144,39,33,11,6,0.5,0.3
2024-04-18T1900,1097A,111.717,40.7612,呼和浩特市,化肥厂生活区,颗粒物(PM10),87,124,75,37,21,147,,151,151,35,27,8,6,0.6,0.5
2024-04-18T1900,3698A,111.5968,40.8178,呼和浩特市,红旗小学,颗粒物(PM10),84,117,59,36,17,157,,152,152,37,30,6,4,0.4,0.3
2024-04-18T1900,3699A,111.6518,40.8389,呼和浩特市,海东办,颗粒物(PM10),75,100,62,30,19,167,,148,148,16,40,10,8,0.4,0.3
2024-04-18T1900,2192A,119.7594,49.2261,呼伦贝尔市,区环保局,,33,33,23,21,15,84,,83,83,7,9,5,5,0.2,0.3
2024-04-18T1900,3061A,119.7512,49.1577,呼伦贝尔市,国华电力东,,33,33,21,11,11,82,,82,82,4,5,2,3,0.1,0.2
2024-04-18T1900,1250A,120.0751,30.8669,湖州市,城西水厂,颗粒物(PM10),62,74,51,22,23,140,,131,131,34,35,5,4,0.6,0.7
2024-04-18T1900,2873A,120.0875,30.8955,湖州市,仁皇山新区,颗粒物(PM10),69,87,53,28,24,148,,138,138,39,29,7,6,0.6,0.7
2024-04-18T1900,2907A,120.1844,30.8596,湖州市,吴兴区站,,,,57,31,24,,,147,147,45,30,7,6,0.5,0.5
2024-04-18T1900,3562A,120.4148,30.8538,湖州市,南浔区站,,,,17,16,27,103,,142,139,38,25,8,7,0.9,0.7
2024-04-18T1900,1607A,120.9092,40.7136,葫芦岛市,龙港区,颗粒物(PM10),52,54,65,14,15,106,,104,104,13,15,8,8,0.4,0.4
2024-04-18T1900,1608A,120.8392,40.7514,葫芦岛市,化工街,颗粒物(PM10),65,80,67,14,15,86,,103,102,38,27,36,14,0.9,0.3
2024-04-18T1900,1609A,120.8341,40.7073,葫芦岛市,新区,颗粒物(PM10),58,65,61,14,13,103,,103,103,21,18,8,8,0.6,0.6
2024-04-18T1900,1610A,120.8695,40.7677,葫芦岛市,东城区,颗粒物(PM10),66,81,61,22,17,80,,105,103,39,25,19,8,0.6,0.4
2024-04-18T1900,2482A,109.5981,27.5721,怀化市,林科所,,22,16,28,12,13,69,,92,70,4,4,8,21,0.8,0.7
2024-04-18T1900,2483A,109.9453,27.5444,怀化市,河西地税局,,,21,35,16,22,,,83,56,14,8,8,14,0.6,0.6
2024-04-18T1900,2484A,109.9781,27.5342,怀化市,市四医院,,35,29,33,24,24,52,,70,54,11,9,11,15,0.7,0.7
2024-04-18T1900,2485A,109.9972,27.5578,怀化市,监测楼,,29,29,36,19,21,45,,66,51,12,8,13,11,0.6,0.5
2024-04-18T1900,2486A,110.0394,27.583,怀化市,市委党校,,25,22,37,17,22,55,,72,54,8,7,5,6,0.7,0.7
2024-04-18T1900,1210A,119.036,33.5981,淮安市,钵池山,颗粒物(PM10),85,119,108,37,34,146,,148,148,18,25,8,9,0.6,0.6
2024-04-18T1900,1211A,119.007,33.575,淮安市,北京南路,颗粒物(PM10),89,127,113,40,35,155,,158,158,20,33,9,10,0.6,0.6
2024-04-18T1900,1212A,118.989,33.6067,淮安市,市监测站,颗粒物(PM10),95,139,118,36,34,154,,158,158,25,32,10,11,0.7,0.7
2024-04-18T1900,1213A,119.135,33.5039,淮安市,楚州区监测站,颗粒物(PM10),96,142,119,40,35,133,,150,150,26,38,9,9,0.6,0.6
2024-04-18T1900,1214A,119.0186,33.6297,淮安市,淮阴区监测站,颗粒物(PM10),98,146,126,39,35,154,,159,159,30,33,8,9,0.5,0.6
2024-04-18T1900,3426A,118.8755,33.2894,淮安市,新华书店,颗粒物(PM10),81,111,116,36,35,145,,147,147,22,33,7,7,0.5,0.4
2024-04-18T1900,2282A,116.8004,33.975,淮北市,监测站,颗粒物(PM10),75,99,134,46,43,149,,156,156,19,22,8,9,0.7,0.6
2024-04-18T1900,2283A,116.8091,33.9007,淮北市,烈山区政府,颗粒物(PM10),86,122,141,37,42,152,,154,154,11,26,8,10,0.5,0.5
2024-04-18T1900,3330A,116.8873,33.9836,淮北市,杜集区检察院,颗粒物(PM10),82,113,136,44,47,158,,160,160,14,22,6,8,0.5,0.5
2024-04-18T1900,4017A,116.7923,33.9535,淮北市,市博物馆,颗粒物(PM10),77,104,136,46,51,149,,154,154,11,15,8,9,0.7,0.7
2024-04-18T1900,2277A,116.8305,32.7727,淮南市,潘集区政府,颗粒物(PM10),68,85,79,25,37,110,,130,127,24,20,7,6,0.5,0.5
2024-04-18T1900,2278A,117.0067,32.6524,淮南市,师范学院,颗粒物(PM10),65,80,81,26,39,131,,131,131,14,14,11,10,0.4,0.4
2024-04-18T1900,2279A,116.8569,32.5951,淮南市,谢家集区政府,,,62,63,25,27,,,127,127,20,15,3,4,0.7,0.4
2024-04-18T1900,2280A,116.8281,32.633,淮南市,八公山区政府,颗粒物(PM10),69,88,80,29,38,126,,132,132,17,11,6,3,0.5,0.4
2024-04-18T1900,2281A,116.6325,32.6201,淮南市,焦岗湖风景区管理处,,41,41,58,14,18,103,,112,112,25,19,3,3,0.3,0.5
2024-04-18T1900,2894A,117.0566,32.6531,淮南市,经济技术开发区消防队,颗粒物(PM10),55,59,82,19,33,116,,126,126,30,30,6,5,0.4,0.4
2024-04-18T1900,3329A,117.0108,32.5893,淮南市,山南新区,颗粒物(PM10),65,79,78,15,27,135,,134,134,15,16,6,4,0.4,0.4
2024-04-18T1900,2446A,114.9028,30.4742,黄冈市,职工中心,,36,34,42,20,26,114,,129,129,11,8,5,7,0.6,0.6
2024-04-18T1900,2929A,114.8858,30.4519,黄冈市,红卫路,,33,28,39,18,26,105,,119,119,10,10,7,10,0.4,0.5
2024-04-18T1900,3398A,114.9136,30.4445,黄冈市,市林业局,,37,31,41,20,22,118,,132,132,5,7,3,5,0.5,0.6
2024-04-18T1900,2672A,102.0199,35.5102,黄南藏族自治州,同仁县隆务镇,,31,29,33,13,13,98,,96,96,9,5,6,6,0.7,0.7
2024-04-18T1900,2295A,118.2903,29.6963,黄山市,延安路89号,,33,33,23,19,6,96,,95,95,7,10,6,6,0.7,0.7
2024-04-18T1900,2296A,118.327,29.7178,黄山市,黄山东路89号,,33,28,17,19,6,103,,92,92,4,9,4,5,0.3,0.5
2024-04-18T1900,2297A,118.1371,30.2756,黄山市,黄山区政府5号楼,,,,16,,7,,,51,,,11,,4,,0.7
2024-04-18T1900,2423A,115.0601,30.2313,黄石市,沈家营,,37,26,37,22,18,116,,127,127,15,14,23,22,1.3,0.9
2024-04-18T1900,2424A,115.0817,30.2006,黄石市,陈家湾,,42,36,42,21,21,134,,134,134,9,7,14,12,0.7,0.6
2024-04-18T1900,2426A,114.8988,30.2019,黄石市,铁山,,,,42,12,19,124,,134,134,9,16,15,17,0.6,0.7
2024-04-18T1900,2427A,115.0307,30.2092,黄石市,团城山,,41,32,39,16,12,130,,130,130,10,11,7,8,0.9,0.8
2024-04-18T1900,3149A,115.0235,30.1578,黄石市,笔架山北路,,41,34,39,10,13,129,,137,137,12,11,7,6,0.7,0.7
2024-04-18T1900,1392A,114.4183,23.0528,惠州市,河南岸金山湖子站,,22,22,29,12,16,48,,60,60,27,15,5,5,0.7,0.6
2024-04-18T1900,1393A,114.4053,23.0822,惠州市,下埔横江三路子站,,31,31,31,18,19,58,,67,67,23,15,6,8,0.7,0.6
2024-04-18T1900,1394A,114.4103,23.1142,惠州市,江北云山西路子站,,24,24,28,8,14,58,,66,66,20,14,7,7,0.6,0.6
2024-04-18T1900,1395A,114.4645,22.7833,惠州市,惠阳区承修路船湖子站,,28,28,31,15,19,50,,62,62,34,20,2,3,0.7,0.6
2024-04-18T1900,1396A,114.5317,22.7422,惠州市,大亚湾管委会子站,,26,26,28,16,17,53,,61,61,37,22,2,2,0.8,0.6
2024-04-18T1900,3314A,114.4338,22.8134,惠州市,惠阳秋长,颗粒物(PM10),56,61,34,20,18,70,,70,70,39,23,9,8,0.7,0.4
2024-04-18T1900,3452A,114.6517,22.775,惠州市,大亚湾霞涌,,23,19,24,12,17,72,,69,69,14,11,4,4,0.4,0.3
2024-04-18T1900,2240A,130.9762,45.3001,鸡西市,环保局,,48,48,82,14,40,58,,68,68,10,25,7,10,0.4,0.6
2024-04-18T1900,2243A,130.9429,45.3039,鸡西市,第一中学,颗粒物(PM10),54,58,83,12,40,69,,93,91,14,24,23,13,0.4,0.5
2024-04-18T1900,3707A,131.0207,45.3073,鸡西市,欧美日汽修厂,,46,46,105,12,42,60,,83,80,7,17,3,6,0.5,0.6
2024-04-18T1900,3709A,130.9967,45.3106,鸡西市,市政设施管理处,颗粒物(PM10),52,53,83,12,38,47,,88,81,20,27,6,7,0.4,0.5
2024-04-18T1900,2367A,114.9754,27.0803,吉安市,红声器材厂,,32,32,27,20,12,94,,110,109,23,17,16,16,0.8,0.6
2024-04-18T1900,2368A,114.9658,27.0999,吉安市,市森林工业局,,,29,26,19,16,93,,108,107,19,15,,15,0.7,0.7
2024-04-18T1900,2369A,114.99,27.1312,吉安市,市环境监测站,,29,25,24,13,11,90,,110,108,23,14,13,15,0.7,0.8
2024-04-18T1900,2370A,115.0093,27.0968,吉安市,青原区法院,,40,40,26,25,13,63,,108,103,35,20,15,17,0.6,0.6
2024-04-18T1900,1772A,126.54,43.8622,吉林市,哈达湾,细颗粒物(PM2.5),150,222,107,115,60,125,,154,154,44,32,17,9,1.0,0.9
2024-04-18T1900,1773A,126.5844,43.8358,吉林市,东局子,细颗粒物(PM2.5),173,193,104,131,57,123,,70,,40,32,15,7,1.0,0.8
2024-04-18T1900,1774A,126.5052,43.8245,吉林市,电力学院,细颗粒物(PM2.5),127,148,138,96,78,137,,154,154,27,39,12,10,0.9,0.9
2024-04-18T1900,1775A,126.6133,43.8972,吉林市,江北,细颗粒物(PM2.5),228,256,116,178,61,117,,147,143,42,47,14,12,1.1,0.8
2024-04-18T1900,1776A,126.555,43.8306,吉林市,江南公园,细颗粒物(PM2.5),172,188,101,130,58,128,,151,151,38,30,11,7,0.9,0.7
2024-04-18T1900,1778A,126.7061,43.7133,吉林市,丰满,,,,,,,,,,,,,,,,
2024-04-18T1900,2868A,126.4739,43.953,吉林市,九站,细颗粒物(PM2.5),152,182,138,116,78,121,,149,149,37,50,17,23,1.1,1
2024-04-18T1900,1299A,116.9862,36.6114,济南市,科干所,颗粒物(PM10),75,100,127,29,31,179,,182,182,16,13,9,9,0.7,0.7
2024-04-18T1900,1300A,116.9376,36.665,济南市,农科所,颗粒物(PM10),78,105,126,29,33,176,,177,177,19,23,8,8,0.6,0.6
2024-04-18T1900,1301A,117.1265,36.6734,济南市,开发区,颗粒物(PM10),96,142,119,39,36,171,,184,184,37,22,9,9,0.7,0.7
2024-04-18T1900,1303A,117.0624,36.6868,济南市,省种子仓库,颗粒物(PM10),79,107,133,29,36,173,,184,184,22,20,6,6,0.4,0.5
2024-04-18T1900,1304A,116.9489,36.6447,济南市,机床二厂,臭氧1小时,82,110,141,34,38,185,,187,187,16,18,8,7,0.7,0.7
2024-04-18T1900,1305A,117.0495,36.663,济南市,市监测站,臭氧1小时,80,98,118,29,30,184,,191,191,28,22,13,13,0.7,0.7
2024-04-18T1900,1306A,116.7675,36.5484,济南市,长清党校,颗粒物(PM10),79,107,132,39,43,181,,183,183,16,16,8,9,0.5,0.6
2024-04-18T1900,1616A,117.6795,36.229,济南市,技术学院,臭氧1小时,83,112,142,36,47,186,,188,188,17,30,12,14,0.7,1.1
2024-04-18T1900,1961A,117.532,36.6868,济南市,东山小学,臭氧1小时,83,107,130,32,36,186,,196,196,20,31,8,8,0.4,0.4
2024-04-18T1900,3059A,117.7161,36.2049,济南市,泰兴公司,颗粒物(PM10),82,114,130,34,44,165,,180,180,28,40,12,14,0.7,0.9
2024-04-18T1900,3064A,117.6867,36.2171,济南市,莱芜战役纪念馆,颗粒物(PM10),80,110,133,31,43,170,,178,178,20,28,7,11,0.8,1.2
2024-04-18T1900,3494A,117.1673,36.9782,济南市,济阳区政府,颗粒物(PM10),100,149,157,37,46,149,,178,178,34,39,10,11,0.8,0.7
2024-04-18T1900,3495A,117.1171,36.63,济南市,锦屏中学,臭氧1小时,83,95,109,27,29,186,,189,189,10,9,9,8,0.5,0.4
2024-04-18T1900,3682A,116.9814,36.6819,济南市,济南四建,颗粒物(PM10),102,153,132,32,34,174,,179,179,23,21,9,9,0.6,0.6
2024-04-18T1900,1653A,116.6251,35.4302,济宁市,火炬城,颗粒物(PM10),76,101,109,24,25,166,,161,161,12,15,9,11,0.6,0.6
2024-04-18T1900,1655A,116.5491,35.4042,济宁市,电化厂,颗粒物(PM10),78,105,129,29,27,170,,159,159,6,18,7,10,0.6,0.6
2024-04-18T1900,3500A,116.5814,35.3707,济宁市,北湖一中,,,103,117,29,28,163,,159,159,,16,8,11,,0.7
2024-04-18T1900,3501A,116.8249,35.5593,济宁市,服务中心,颗粒物(PM10),78,106,127,30,32,156,,154,154,11,22,5,6,0.5,0.5
2024-04-18T1900,3678A,116.5907,35.4054,济宁市,市第七中学,颗粒物(PM10),79,108,122,27,26,149,,145,145,12,14,7,9,0.5,0.5
2024-04-18T1900,2255A,130.2751,46.8028,佳木斯市,佳纺,细颗粒物(PM2.5),69,64,53,50,31,44,,52,52,21,19,7,7,0.6,0.5
2024-04-18T1900,2256A,130.3995,46.8307,佳木斯市,发电厂,,45,45,44,26,23,43,,51,51,15,13,6,5,0.5,0.3
2024-04-18T1900,2257A,130.3258,46.7975,佳木斯市,环保局,,46,42,45,32,27,37,,47,47,25,20,5,5,0.6,0.5
2024-04-18T1900,2258A,130.3648,46.8032,佳木斯市,十一中,,33,33,41,22,26,43,,51,51,13,15,7,7,0.4,0.4
2024-04-18T1900,2259A,130.3794,46.7588,佳木斯市,四丰,,25,25,33,13,18,37,,54,52,22,18,1,2,0.5,0.6
2024-04-18T1900,1252A,120.7436,30.778,嘉兴市,清河小学,颗粒物(PM10),81,111,67,35,36,133,,115,115,36,31,10,9,0.8,0.9
2024-04-18T1900,1253A,120.726,30.7478,嘉兴市,嘉兴学院,颗粒物(PM10),69,88,65,32,26,136,,123,123,30,31,7,7,0.7,0.6
2024-04-18T1900,2872A,120.7846,30.7525,嘉兴市,南湖区残联,,,103,63,35,27,138,,127,127,,26,9,8,0.7,0.7
2024-04-18T1900,3407A,120.6916,30.7739,嘉兴市,秀洲住建,颗粒物(PM10),79,107,65,36,29,145,,127,127,31,25,8,7,0.8,0.8
2024-04-18T1900,1945A,98.2908,39.7711,嘉峪关市,气象局,,44,44,76,14,24,114,,114,114,10,19,10,34,0.6,0.9
2024-04-18T1900,2884A,98.2672,39.7978,嘉峪关市,酒钢宾馆,颗粒物(PM10),60,70,75,22,25,106,,109,108,20,18,52,36,1.1,0.6
2024-04-18T1900,3248A,98.2643,39.7724,嘉峪关市,雄关区,,46,43,62,32,25,110,,109,109,14,18,20,12,0.6,0.6
2024-04-18T1900,1383A,113.1064,22.6058,江门市,北街,,29,29,27,15,17,87,,92,92,21,18,3,3,0.5,0.4
2024-04-18T1900,1384A,113.0731,22.5835,江门市,西区,,32,22,28,15,15,100,,99,99,20,18,6,6,0.6,0.5
2024-04-18T1900,1385A,113.0219,22.5311,江门市,圭峰西,,30,26,27,12,15,96,,98,98,14,14,4,4,0.5,0.5
2024-04-18T1900,1386A,113.0828,22.5947,江门市,东湖,,30,25,28,20,16,93,,92,92,20,17,5,5,0.5,0.4
2024-04-18T1900,3311A,113.1075,22.5647,江门市,江海富民,,32,24,39,13,18,102,,99,99,21,17,7,6,0.5,0.5
2024-04-18T1900,3449A,113.05,22.4667,江门市,新会银湖,,29,29,22,8,13,81,,94,94,16,14,3,4,0.6,0.5
2024-04-18T1900,1828A,113.227,35.2125,焦作市,市环保局,颗粒物(PM10),73,96,101,34,47,158,,179,179,15,23,4,6,0.5,0.7
2024-04-18T1900,1830A,113.1992,35.2590,焦作市,影视城,,,,,,,,,,,,,,,,
2024-04-18T1900,3169A,113.2725,35.2067,焦作市,太极体育中心,颗粒物(PM10),74,97,120,33,50,144,,178,178,29,28,2,7,0.3,0.5
2024-04-18T1900,3335A,113.3137,35.2641,焦作市,马村街道办,颗粒物(PM10),85,120,120,37,46,148,,166,166,12,27,4,9,0.1,0.6
2024-04-18T1900,3336A,113.2465,35.2373,焦作市,焦作技师学院,颗粒物(PM10),70,90,100,34,46,145,,166,166,23,21,3,6,0.7,0.8
2024-04-18T1900,3477A,113.1656,35.2539,焦作市,中站许衡医院,颗粒物(PM10),75,99,93,30,37,150,,175,175,17,25,8,11,0.4,0.7
2024-04-18T1900,3981A,113.2449,35.1803,焦作市,原李万街道办,颗粒物(PM10),72,93,106,27,43,138,,159,159,20,27,8,8,0.6,0.7
2024-04-18T1900,1708A,116.3701,23.5345,揭阳市,新兴,,35,19,24,18,17,112,,101,100,13,10,8,8,0.7,0.6
2024-04-18T1900,1709A,116.3264,23.5443,揭阳市,西马,,35,18,25,12,14,111,,102,102,9,8,8,8,0.7,0.6
2024-04-18T1900,1710A,116.3611,23.5626,揭阳市,东兴,,35,,27,18,14,111,,106,106,10,9,8,8,0.8,0.7
2024-04-18T1900,1711A,116.4151,23.5294,揭阳市,渔湖,,,,23,,13,,,98,,,12,,6,,0.6
2024-04-18T1900,3320A,116.403,23.5699,揭阳市,曲溪,,35,17,23,10,14,111,,110,110,11,12,4,4,0.6,0.5
2024-04-18T1900,1944A,102.1692,38.5167,金昌市,天庆家园,颗粒物(PM10),54,57,147,11,27,122,,122,120,8,8,7,8,0.5,0.6
2024-04-18T1900,3170A,102.1864,38.5253,金昌市,市委党校,颗粒物(PM10),75,99,152,54,41,132,,129,125,4,5,12,13,0.4,0.5
2024-04-18T1900,4022A,102.1647,38.5371,金昌市,金川区人防中心,颗粒物(PM10),58,66,183,22,29,131,,132,127,4,5,5,6,0.7,0.6
2024-04-18T1900,1262A,119.647,29.077,金华市,十五中,,46,46,18,25,9,133,,131,131,39,22,4,3,0.7,0.5
2024-04-18T1900,1263A,119.686,29.1029,金华市,监测站,,45,45,22,26,13,121,,128,128,41,18,4,2,0.7,0.6
2024-04-18T1900,3659A,119.656,29.1131,金华市,气象局,,43,43,22,15,5,122,,125,125,43,24,4,3,0.4,0.5
2024-04-18T1900,1767A,121.1115,41.0879,锦州市,南山,,44,44,61,16,16,109,,115,115,15,19,8,11,0.3,0.4
2024-04-18T1900,1768A,121.0533,40.8434,锦州市,开发区,颗粒物(PM10),56,62,93,14,17,53,,104,99,77,40,14,14,0.5,0.6
2024-04-18T1900,1769A,121.1836,41.1119,锦州市,百股街道,,42,42,70,12,15,99,,114,114,25,24,9,11,0.4,0.5
2024-04-18T1900,1770A,121.1178,41.1222,锦州市,天安街道,,48,48,68,16,16,82,,104,103,32,22,9,11,0.4,0.4
2024-04-18T1900,1771A,121.1303,41.1386,锦州市,北湖公园,,44,44,56,17,13,84,,104,102,26,20,7,9,0.5,0.5
2024-04-18T1900,2160A,112.85,35.5051,晋城市,自来水公司,臭氧1小时,103,101,104,31,41,205,,195,195,19,33,9,7,0.6,0.9
2024-04-18T1900,2161A,112.8318,35.4936,晋城市,白云商贸,臭氧1小时,103,105,114,29,39,205,,195,195,22,29,9,8,0.7,0.9
2024-04-18T1900,2162A,112.8508,35.4887,晋城市,市环保局,臭氧1小时,90,114,118,34,38,192,,186,186,22,41,9,8,0.7,0.8
2024-04-18T1900,2163A,112.8676,35.4897,晋城市,技术学院,臭氧1小时,98,110,108,22,36,198,,190,190,14,32,10,9,0.8,1
2024-04-18T1900,2165A,112.8453,35.546,晋城市,白马寺,,,,,,,,,,,,,,,,
2024-04-18T1900,3620A,112.8271,35.4828,晋城市,泽州一中,臭氧1小时,102,93,102,31,37,203,,192,192,18,26,11,10,0.7,0.9
2024-04-18T1900,2171A,112.7532,37.6945,晋中市,锦纶小区,颗粒物(PM10),115,180,125,61,52,215,,198,198,22,36,12,13,0.7,0.6
2024-04-18T1900,2173A,112.7249,37.7067,晋中市,南都小区,颗粒物(PM10),116,181,129,50,47,213,,197,197,24,42,12,11,0.8,0.7
2024-04-18T1900,2174A,112.6991,37.6982,晋中市,榆次区政府,颗粒物(PM10),112,173,127,45,44,209,,193,193,23,42,13,12,0.5,0.5
2024-04-18T1900,2865A,112.7195,37.6828,晋中市,榆次三中,颗粒物(PM10),120,190,130,58,46,214,,198,198,24,40,12,11,0.8,0.7
2024-04-18T1900,2439A,112.2014,31.0481,荆门市,竹园小学,颗粒物(PM10),58,65,69,24,29,155,,151,151,15,26,10,12,0.6,0.7
2024-04-18T1900,2440A,112.1969,30.9891,荆门市,掇刀,,,,72,29,31,151,,148,148,19,20,10,10,0.5,0.6
2024-04-18T1900,2441A,112.2213,31.0386,荆门市,石化一小,颗粒物(PM10),54,58,71,27,31,155,,155,155,16,28,14,17,0.5,0.7
2024-04-18T1900,3012A,112.1849,31.0362,荆门市,西山林语,颗粒物(PM10),53,56,59,20,27,156,,157,157,14,14,9,9,0.8,0.7
2024-04-18T1900,3547A,112.1632,31.0138,荆门市,龙泉中学南校,颗粒物(PM10),51,52,62,19,28,156,,158,158,21,22,11,11,0.6,0.6
2024-04-18T1900,1844A,112.2494,30.3197,荆州市,市图书馆,臭氧1小时,55,51,57,37,29,164,,152,152,16,31,8,9,0.6,0.6
2024-04-18T1900,1845A,112.2008,30.3544,荆州市,市委党校,细颗粒物(PM2.5),59,55,61,42,31,159,,156,156,19,26,9,9,0.6,0.6
2024-04-18T1900,3194A,112.2747,30.3122,荆州市,管委会,臭氧1小时,58,45,58,29,32,166,,155,155,15,32,11,11,0.7,0.7
2024-04-18T1900,3548A,112.1655,30.3364,荆州市,学苑路,颗粒物(PM10),67,84,57,32,34,155,,164,164,20,20,7,7,0.5,0.5
2024-04-18T1900,2342A,117.3102,29.3867,景德镇市,王港中学,,,,,,,,,,,,,,,,
2024-04-18T1900,2343A,117.2117,29.2933,景德镇市,老干部活动中心,,42,29,15,29,8,78,,93,93,22,11,13,5,0.6,0.5
2024-04-18T1900,2344A,117.1894,29.2789,景德镇市,兽医站,,26,,18,11,6,83,,100,100,18,11,14,8,0.8,0.6
2024-04-18T1900,2345A,117.1547,29.2617,景德镇市,台达陶瓷,,36,,8,25,9,71,,92,92,36,17,39,14,0.9,0.7
2024-04-18T1900,2346A,117.2461,29.2956,景德镇市,陶研所,,38,35,13,26,7,62,,83,82,16,9,15,6,0.6,0.6
2024-04-18T1900,1803A,115.9872,29.6815,九江市,十里,,36,32,30,22,19,113,,117,117,18,15,11,11,0.9,0.8
2024-04-18T1900,1804A,115.9584,29.7046,九江市,茅山头,,40,35,28,28,24,106,,110,110,25,20,11,12,1.0,0.8
2024-04-18T1900,1805A,115.9877,29.7295,九江市,西园,,28,28,29,15,21,77,,96,96,34,18,14,13,0.8,0.7
2024-04-18T1900,1806A,116.0172,29.6547,九江市,五七二七厂,,31,31,30,21,18,97,,105,105,13,12,9,12,0.9,0.9
2024-04-18T1900,1808A,115.9114,29.6038,九江市,综合工业园,,38,38,31,22,22,75,,114,113,46,22,11,10,0.8,0.6
2024-04-18T1900,1809A,116.0721,29.7535,九江市,石化总厂,,32,32,34,19,17,99,,106,105,33,21,12,11,0.8,0.8
2024-04-18T1900,1810A,115.9773,29.5698,九江市,庐山气象台,,32,21,11,8,11,102,,106,100,3,4,6,9,0.6,0.8
2024-04-18T1900,3190A,116.0254,29.6994,九江市,外国语学校,,38,38,33,22,20,108,,120,120,22,19,11,13,0.9,0.9
2024-04-18T1900,2658A,98.5061,39.7443,酒泉市,仓门街子站,,,31,79,20,26,,,85,,4,12,7,8,0.2,0.3
2024-04-18T1900,2659A,98.4989,39.7256,酒泉市,油田生活基地,,39,39,70,20,25,111,,110,110,4,12,8,11,0.3,0.3
2024-04-18T1900,2698A,76.0072,39.4467,喀什地区,巡警大队,颗粒物(PM10),164,277,187,62,41,110,,100,100,6,19,2,2,0.4,0.5
2024-04-18T1900,2699A,75.9755,39.4694,喀什地区,吾办,,,,137,,40,,,74,,,24,,3,,0.4
2024-04-18T1900,4027A,75.9483,39.4689,喀什地区,老干局,颗粒物(PM10),169,288,151,68,33,116,,103,103,4,16,4,4,0.4,0.5
2024-04-18T1900,1824A,114.3389,34.7781,开封市,肿瘤医院,,,65,98,12,27,121,,144,143,10,21,5,5,,0.3
2024-04-18T1900,1826A,114.2885,34.7965,开封市,世纪星幼儿园,颗粒物(PM10),53,55,94,18,26,118,,144,143,14,22,4,6,0.4,0.4
2024-04-18T1900,3147A,114.3438,34.8106,开封市,龙亭公园,,41,35,96,19,29,129,,154,153,13,23,4,5,0.3,0.3
2024-04-18T1900,3210A,114.3644,34.7964,开封市,汴京公园,颗粒物(PM10),54,58,91,22,33,122,,150,148,15,18,7,8,0.6,0.6
2024-04-18T1900,3473A,114.2485,34.8306,开封市,技师学院,颗粒物(PM10),51,52,98,19,29,127,,151,150,12,18,6,8,0.1,0.3
2024-04-18T1900,3592A,114.4644,34.7556,开封市,祥符区生态环境局,颗粒物(PM10),63,76,192,21,30,103,,137,133,25,25,4,7,0.4,0.4
2024-04-18T1900,1951A,84.895,45.6094,克拉玛依市,长征新村,,31,23,18,8,7,98,,87,87,7,9,7,7,0.2,0.2
2024-04-18T1900,1952A,84.8988,45.5893,克拉玛依市,南林小区,,,18,19,,23,106,,92,92,6,13,6,7,0.2,0.2
2024-04-18T1900,1954A,84.905,44.3396,克拉玛依市,独山子区,,35,12,14,8,8,111,,104,104,4,6,6,7,0.2,0.2
2024-04-18T1900,1955A,85.6979,46.098,克拉玛依市,乌尔禾区商贸楼,,32,21,27,10,9,101,,92,92,2,8,9,8,0.2,0.2
2024-04-18T1900,3612A,85.1045,45.6899,克拉玛依市,白碱滩区新站,,33,21,24,21,21,105,,90,90,3,8,10,9,0.1,0.1
2024-04-18T1900,2697A,76.1454,39.7142,克孜勒苏柯尔克孜自治州,市人民政府,颗粒物(PM10),107,164,66,60,27,112,,105,105,3,11,6,7,0.3,0.3
2024-04-18T1900,3665A,76.1658,39.7157,克孜勒苏柯尔克孜自治州,克州文化中心,,,,71,,34,112,,106,106,,8,7,7,,0.3
2024-04-18T1900,1450A,102.8204,24.8886,昆明市,呈贡新区,,45,45,47,22,33,131,,135,135,11,15,7,6,0.4,0.8
2024-04-18T1900,1451A,102.6251,24.9608,昆明市,西山森林公园,,,,,,,,,,,,,,,,
2024-04-18T1900,1452A,102.7252,25.0902,昆明市,龙泉镇,,43,43,45,20,30,128,,135,135,11,22,6,7,0.6,0.8
2024-04-18T1900,1453A,102.7266,25.0375,昆明市,东风东路,,,,50,,36,,,109,,,17,,9,,0.9
2024-04-18T1900,1454A,102.6742,25.0669,昆明市,金鼎山,,49,49,46,24,31,136,,139,139,10,18,13,14,0.7,0.8
2024-04-18T1900,1455A,102.6644,25.0401,昆明市,碧鸡广场,,42,32,50,24,37,132,,138,138,12,21,8,11,0.5,0.8
2024-04-18T1900,3179A,102.7494,25.0119,昆明市,官渡区博物馆,,42,38,48,20,31,134,,142,142,9,15,8,10,0.6,0.8
2024-04-18T1900,3375A,102.8017,24.8336,昆明市,青年创业园,,42,38,51,25,38,133,,137,137,6,22,8,9,0.5,0.7
2024-04-18T1900,3550A,102.7997,24.9786,昆明市,昆明学院,,48,48,53,19,34,129,,137,137,9,14,8,10,0.6,0.7
2024-04-18T1900,3551A,102.5967,24.6736,昆明市,晋宁区生态环境分局,,,30,41,27,34,,,131,131,6,12,2,3,0.6,0.8
2024-04-18T1900,3552A,102.6678,24.9856,昆明市,云天化总部,,42,42,53,26,37,128,,133,133,5,17,6,10,0.6,0.6
2024-04-18T1900,1456A,91.1319,29.6514,拉萨市,八廓街,,,111,19,14,10,155,,156,156,,11,10,10,0.2,0.2
2024-04-18T1900,1457A,91.1221,29.6747,拉萨市,市环保局,,46,20,18,6,9,146,,152,152,19,17,7,8,0.4,0.3
2024-04-18T1900,1458A,91.0874,29.6475,拉萨市,区监测站,,48,11,13,8,8,151,,156,156,19,16,6,8,0.2,0.2
2024-04-18T1900,1459A,91.1774,29.6541,拉萨市,西藏大学,臭氧1小时,52,10,11,5,7,161,,160,160,4,6,4,7,0.1,0.1
2024-04-18T1900,1460A,90.9798,29.6588,拉萨市,区辐射站,,42,17,20,7,10,134,,139,139,20,20,6,7,0.4,0.4
2024-04-18T1900,1461A,91.0834,29.6292,拉萨市,拉萨火车站,,50,13,11,5,7,157,,155,155,8,9,7,8,0.3,0.3
2024-04-18T1900,2520A,109.2203,23.7256,来宾市,来宾技工学校,,29,28,38,15,28,92,,117,117,9,13,8,9,0.6,0.7
2024-04-18T1900,3535A,109.1781,23.7297,来宾市,兴宾区政府,,48,,33,33,23,95,,120,120,10,12,7,6,0.7,0.7
2024-04-18T1900,4002A,109.2416,23.7461,来宾市,中南小学,,33,27,43,23,24,96,,115,115,8,14,10,11,0.6,0.7
2024-04-18T1900,1476A,103.631,36.1031,兰州市,兰炼宾馆,颗粒物(PM10),54,58,53,37,31,92,,87,87,30,30,6,7,0.4,0.3
2024-04-18T1900,1477A,104.1373,35.9454,兰州市,榆中兰大校区,,,,,,,,,,,,,,,,
2024-04-18T1900,1478A,103.8412,36.0726,兰州市,生物制品所,颗粒物(PM10),62,74,55,40,34,79,,85,70,35,30,10,10,0.5,0.5
2024-04-18T1900,1479A,103.831,36.0464,兰州市,铁路设计院,,47,47,44,28,22,91,,77,68,31,32,10,10,0.4,0.4
2024-04-18T1900,3186A,103.7158,36.1058,兰州市,教育港,细颗粒物(PM2.5),59,54,47,42,32,93,,94,83,25,19,8,8,0.4,0.3
2024-04-18T1900,3241A,103.7439,36.0842,兰州市,百合公园,颗粒物(PM10),56,61,43,33,22,93,,84,80,22,24,4,4,0.4,0.4
2024-04-18T1900,3242A,103.9611,35.998,兰州市,和平,颗粒物(PM10),57,64,45,30,18,115,,96,95,12,12,12,11,0.6,0.6
2024-04-18T1900,3245A,103.6633,36.533,兰州新区,新区管委会,颗粒物(PM10),54,58,56,32,28,107,,114,114,19,10,7,11,0.5,0.5
2024-04-18T1900,3246A,103.6975,36.4789,兰州新区,舟曲中学,颗粒物(PM10),60,70,61,23,20,94,,106,106,24,12,10,13,0.5,0.4
2024-04-18T1900,1067A,116.6708,39.5111,廊坊市,药材公司,颗粒物(PM10),114,178,151,66,64,191,,195,195,33,29,10,7,1.2,0.7
2024-04-18T1900,1068A,116.7214,39.5589,廊坊市,开发区,颗粒物(PM10),118,186,150,64,59,198,,192,192,35,38,10,6,1.0,0.6
2024-04-18T1900,1070A,116.7244,39.5269,廊坊市,北华航天学院,颗粒物(PM10),113,176,159,58,57,197,,195,195,29,31,10,6,1.0,0.7
2024-04-18T1900,2919A,116.7022,39.5453,廊坊市,河北工业大学,颗粒物(PM10),109,168,153,66,60,201,,196,196,36,41,11,8,1.0,0.6
2024-04-18T1900,2535A,103.7723,29.5462,乐山市,花湖湾,,29,8,20,5,17,92,,76,76,8,17,2,2,0.5,0.7
2024-04-18T1900,2536A,103.7627,29.5844,乐山市,牛耳桥,,29,12,22,9,16,90,,81,81,24,24,5,5,0.3,0.4
2024-04-18T1900,2537A,103.7508,29.6006,乐山市,市第三水厂,,32,13,20,9,15,102,,88,88,20,24,4,3,0.7,0.8
2024-04-18T1900,2538A,103.7571,29.5664,乐山市,市监测站,,30,11,22,9,15,96,,82,82,15,20,4,5,0.5,0.6
2024-04-18T1900,3361A,103.7311,29.5628,乐山市,理工大学,,30,14,19,11,13,95,,80,80,16,19,10,7,0.4,0.7
2024-04-18T1900,2598A,100.2143,26.8576,丽江市,西南郊,,,,,,,,,,,,,,,,
2024-04-18T1900,2599A,100.2497,26.8802,丽江市,丽江古城,颗粒物(PM10),54,58,35,25,23,123,,120,120,12,12,8,8,0.5,0.6
2024-04-18T1900,2600A,100.2203,26.8906,丽江市,市中心,,40,24,20,12,9,125,,120,120,10,10,9,8,0.5,0.6
2024-04-18T1900,1267A,119.914,28.4514,丽水市,监测站大楼,,35,27,17,18,9,111,,112,112,9,9,2,2,0.3,0.4
2024-04-18T1900,1268A,119.93,28.4586,丽水市,莲都小学,,37,34,16,13,6,118,,113,113,9,9,5,4,0.3,0.4
2024-04-18T1900,1269A,119.879,28.4231,丽水市,余庄前,,35,27,20,16,8,110,,110,110,8,10,5,4,0.3,0.4
2024-04-18T1900,1173A,119.176,34.5885,连云港市,市环境监测站,颗粒物(PM10),102,153,123,44,36,163,,163,163,23,29,9,9,0.5,0.4
2024-04-18T1900,3000A,119.3581,34.6972,连云港市,德源药业,颗粒物(PM10),104,158,119,51,32,154,,178,178,40,29,9,10,0.7,0.6
2024-04-18T1900,3007A,119.178,34.844,连云港市,新城一中,颗粒物(PM10),97,143,126,36,40,150,,188,188,50,40,11,11,0.9,0.7
2024-04-18T1900,3008A,119.3608,34.7519,连云港市,胡沟管理处,颗粒物(PM10),106,161,121,56,30,66,,168,158,114,36,16,14,0.6,0.5
2024-04-18T1900,3009A,119.1478,34.5911,连云港市,矿山设计院,颗粒物(PM10),102,153,127,46,33,166,,158,158,17,25,10,12,0.7,0.7
2024-04-18T1900,3434A,119.2413,34.6539,连云港市,工贸学校,颗粒物(PM10),95,139,125,52,39,189,,188,188,16,14,11,12,0.7,0.5
2024-04-18T1900,3664A,119.4172,34.7341,连云港市,连云街道,臭氧1小时,100,145,131,44,41,200,,194,194,18,25,6,8,0.7,0.6
2024-04-18T1900,2571A,102.3431,27.8099,凉山彝族自治州,青龙寺,,38,20,44,3,15,120,,132,132,8,12,6,9,0.5,0.8
2024-04-18T1900,2572A,102.2721,27.8415,凉山彝族自治州,邛海宾馆,,36,21,34,12,24,115,,130,130,16,15,12,14,0.6,0.8
2024-04-18T1900,2573A,102.2625,27.898,凉山彝族自治州,西昌市政府,,36,36,40,20,30,90,,119,117,23,12,15,10,0.7,0.7
2024-04-18T1900,2574A,102.2685,27.8851,凉山彝族自治州,凉山州政府,,33,33,38,18,24,94,,120,118,21,14,15,12,0.7,0.7
2024-04-18T1900,2575A,102.237,27.8914,凉山彝族自治州,长安,,38,38,41,20,24,101,,126,124,27,18,17,15,1.0,0.8
2024-04-18T1900,2212A,123.2,41.1953,辽阳市,宏伟区,颗粒物(PM10),69,88,67,18,23,95,,118,117,18,27,13,16,0.6,0.8
2024-04-18T1900,2213A,123.1683,41.2495,辽阳市,新华园,颗粒物(PM10),67,83,72,18,27,89,,111,110,21,35,6,12,0.4,0.8
2024-04-18T1900,2214A,123.2354,41.2639,辽阳市,滨河路,颗粒物(PM10),72,94,75,23,32,87,,115,114,23,31,9,13,0.5,0.8
2024-04-18T1900,2215A,123.149,41.2991,辽阳市,铁西工业园,颗粒物(PM10),66,82,77,23,34,80,,110,108,28,34,14,16,0.3,0.3
2024-04-18T1900,2227A,125.1358,42.8845,辽源市,环保局,,38,38,47,24,26,110,,125,123,13,33,7,9,0.5,0.7
2024-04-18T1900,3239A,125.0764,42.9078,辽源市,银鹰制药,,38,38,52,17,28,84,,116,112,20,38,9,12,0.5,0.7
2024-04-18T1900,1625A,115.9848,36.4372,聊城市,区政府,颗粒物(PM10),84,117,147,28,40,162,,167,167,17,19,13,8,0.7,0.7
2024-04-18T1900,2878A,116.0072,36.4343,聊城市,聊大东校,颗粒物(PM10),79,108,138,29,37,167,,173,173,19,17,8,9,0.8,0.8
2024-04-18T1900,3200A,115.9819,36.4978,聊城市,监控中心,颗粒物(PM10),86,122,154,27,34,174,,176,176,14,16,12,11,0.5,0.6
2024-04-18T1900,3513A,116.0445,36.4361,聊城市,九州社区,颗粒物(PM10),80,109,142,31,35,166,,174,174,16,18,5,10,0.4,0.4
2024-04-18T1900,4018A,116.0567,36.4608,聊城市,星美广场,颗粒物(PM10),85,120,145,36,47,166,,171,171,13,16,6,10,0.5,0.6
2024-04-18T1900,2632A,94.3681,29.6376,林芝市,林芝监测站,,40,22,8,14,6,127,,131,131,11,4,6,6,0.3,0.4
2024-04-18T1900,2633A,94.3616,29.6616,林芝市,林芝人民医院,,43,24,12,10,7,137,,134,134,5,6,6,6,0.2,0.3
2024-04-18T1900,2603A,100.0781,23.8982,临沧市,市环保局,细颗粒物(PM2.5),58,41,57,41,51,134,,107,107,8,13,5,5,0.4,0.7
2024-04-18T1900,2604A,100.0894,23.8822,临沧市,市气象局,细颗粒物(PM2.5),54,47,62,38,52,131,,105,105,9,15,6,6,0.5,0.7
2024-04-18T1900,1733A,111.5531,36.0783,临汾市,临钢医院,颗粒物(PM10),70,89,124,13,37,153,,168,168,18,32,5,10,0.5,0.9
2024-04-18T1900,1734A,111.5028,36.0714,临汾市,技工学校,颗粒物(PM10),80,110,109,33,38,149,,171,171,13,31,7,12,0.3,0.8
2024-04-18T1900,1736A,111.5018,36.0855,临汾市,市委,颗粒物(PM10),60,70,111,16,36,164,,178,178,7,24,5,11,0.5,0.9
2024-04-18T1900,3018A,111.505,36.1014,临汾市,唐尧大酒店,颗粒物(PM10),65,79,114,24,37,144,,164,164,12,26,6,12,0.5,0.8
2024-04-18T1900,3668A,111.5036,36.0414,临汾市,城南,颗粒物(PM10),60,70,108,29,43,158,,174,174,20,35,6,11,0.3,0.7
2024-04-18T1900,2667A,103.2069,35.5993,临夏回族自治州,环保局,,48,48,60,33,28,93,,79,79,10,14,4,5,0.4,0.4
2024-04-18T1900,2668A,103.2417,35.6057,临夏回族自治州,建设大厦,,39,39,50,26,27,106,,89,89,13,17,6,7,0.4,0.4
2024-04-18T1900,1618A,118.3429,35.0532,临沂市,沂河小区,颗粒物(PM10),95,139,136,48,49,178,,176,176,21,34,10,17,0.4,0.5
2024-04-18T1900,1619A,118.295,35.0583,临沂市,鲁南制药厂,臭氧1小时,95,127,139,42,41,196,,195,195,23,36,11,16,0.4,0.5
2024-04-18T1900,1620A,118.2794,34.9976,临沂市,新光毛纺厂,颗粒物(PM10),92,134,138,40,43,186,,182,182,19,38,10,18,0.6,0.7
2024-04-18T1900,1621A,118.3956,35.0888,临沂市,河东保险公司,臭氧1小时,94,117,120,40,38,195,,188,188,13,24,9,16,0.3,0.3
2024-04-18T1900,3370A,118.3564,35.0215,临沂市,十里堡居委,颗粒物(PM10),92,134,144,44,46,186,,189,189,21,38,12,20,0.6,0.7
2024-04-18T1900,3496A,118.3604,35.1084,临沂市,南坊新区,臭氧1小时,94,110,122,39,37,195,,190,190,23,30,11,15,0.5,0.5
2024-04-18T1900,3860A,118.3920,35.0300,临沂市,皇山花园小区,颗粒物(PM10),91,132,143,46,47,184,,186,186,23,39,12,18,0.4,0.4
2024-04-18T1900,1870A,109.4856,24.3895,柳州市,柳东小学,,30,22,22,14,13,95,,115,115,10,10,8,6,0.5,0.5
2024-04-18T1900,1871A,109.4157,24.3277,柳州市,环保监测站,,33,20,26,11,14,105,,120,120,14,10,6,6,0.6,0.6
2024-04-18T1900,1872A,109.389,24.341,柳州市,河西水厂,,,22,24,11,15,108,,118,118,13,11,,4,0.4,0.5
2024-04-18T1900,1873A,109.4311,24.2921,柳州市,市四中,,35,26,22,15,15,111,,121,121,15,10,6,5,0.7,0.6
2024-04-18T1900,1874A,109.4006,24.3631,柳州市,市九中,,37,37,27,13,15,97,,116,116,15,14,6,7,0.6,0.5
2024-04-18T1900,1875A,109.4958,24.3134,柳州市,古亭山,,26,20,22,14,14,82,,114,114,14,11,5,5,0.4,0.4
2024-04-18T1900,3402A,109.5422,24.3996,柳州市,市二中,,29,18,23,10,10,91,,118,118,23,13,7,8,0.6,0.6
2024-04-18T1900,2307A,116.5079,31.737,六安市,监测大楼,颗粒物(PM10),57,63,43,34,26,144,,138,138,15,17,6,5,0.5,0.5
2024-04-18T1900,2308A,116.4738,31.7643,六安市,皖西学院,颗粒物(PM10),61,71,47,29,24,152,,143,143,14,15,5,3,0.6,0.6
2024-04-18T1900,2309A,116.4996,31.7905,六安市,朝阳厂,颗粒物(PM10),62,73,44,32,30,151,,133,133,14,14,8,6,0.4,0.4
2024-04-18T1900,2310A,116.5567,31.7886,六安市,开发区,颗粒物(PM10),64,78,58,27,25,156,,139,139,19,16,9,7,0.7,0.8
2024-04-18T1900,2576A,104.8,26.5892,六盘水市,窑上,,,,,,,,,,,,,,,,
2024-04-18T1900,2577A,104.83,26.5917,六盘水市,黄土坡,细颗粒物(PM2.5),54,52,25,38,19,110,,129,129,26,14,7,8,0.8,0.6
2024-04-18T1900,2578A,104.89,26.5939,六盘水市,水钢,颗粒物(PM10),56,62,26,33,19,130,,137,137,22,11,14,8,1.3,0.6
2024-04-18T1900,2579A,104.8475,26.5894,六盘水市,民中,细颗粒物(PM2.5),58,53,26,41,17,116,,127,127,24,13,8,8,0.7,0.6
2024-04-18T1900,2580A,104.9544,26.5506,六盘水市,双水,,46,46,21,20,13,144,,136,136,12,8,7,7,0.3,0.2
2024-04-18T1900,2335A,117.0189,25.1181,龙岩市,龙岩师专,,,,,,,,,,,,,,,,
2024-04-18T1900,2336A,117.0217,25.1033,龙岩市,龙岩市监测站,,31,18,32,17,25,97,,92,92,10,14,3,7,0.4,0.5
2024-04-18T1900,2337A,117.0258,25.0661,龙岩市,闽西职业技术学院,,34,34,39,8,22,89,,87,87,7,16,2,8,0.4,0.4
2024-04-18T1900,2338A,117.0196,25.0306,龙岩市,龙岩学院,,29,29,30,6,20,83,,91,91,6,7,5,4,0.4,0.4
2024-04-18T1900,2665A,105.0822,33.3261,陇南市,汉王镇固水子,,,,,,,,,,,,,,,,
2024-04-18T1900,2885A,104.9339,33.3826,陇南市,滨江中学,,28,26,36,11,12,88,,112,99,9,5,4,7,0.6,0.6
2024-04-18T1900,3247A,104.955,33.371,陇南市,市总工会,,26,18,23,5,6,82,,103,95,14,7,8,8,0.6,0.4
2024-04-18T1900,2487A,111.9589,27.8901,娄底市,电视发射台,,37,37,38,19,19,50,,96,77,4,3,6,5,1.0,0.8
2024-04-18T1900,2488A,111.9975,27.725,娄底市,市监测站,颗粒物(PM10),52,54,50,34,30,58,,89,78,18,13,7,8,0.9,0.9
2024-04-18T1900,2489A,112.0194,27.7314,娄底市,市委党校,,42,42,40,26,27,57,,78,69,12,10,5,5,0.6,0.4
2024-04-18T1900,2490A,111.9561,27.7569,娄底市,涟钢,细颗粒物(PM2.5),57,44,42,40,24,39,,76,66,36,19,10,11,0.4,0.6
2024-04-18T1900,2491A,111.9892,27.7044,娄底市,市政府,,32,29,37,22,25,48,,89,78,23,15,6,7,0.8,0.6
2024-04-18T1900,1893A,105.4324,28.9634,泸州市,九狮山,细颗粒物(PM2.5),57,61,39,40,26,85,,103,103,10,11,6,7,0.4,0.4
2024-04-18T1900,1894A,105.4427,28.9063,泸州市,小市上码头,,47,47,46,31,31,82,,103,103,16,11,5,9,0.5,0.4
2024-04-18T1900,1895A,105.4241,28.8573,泸州市,兰田宪桥,,30,28,45,13,29,94,,111,111,7,15,5,8,0.4,0.4
2024-04-18T1900,1896A,105.4379,28.8833,泸州市,市环监站,,33,30,41,23,34,91,,96,96,14,15,5,12,0.5,0.5
2024-04-18T1900,3490A,105.3617,28.7703,泸州市,纳溪区环保局,细颗粒物(PM2.5),55,40,48,39,35,72,,113,113,27,21,4,6,0.5,0.4
2024-04-18T1900,2183A,111.1406,37.5211,吕梁市,环保局,颗粒物(PM10),63,75,95,28,35,161,,166,166,17,44,8,8,0.2,0.3
2024-04-18T1900,2185A,111.1297,37.5136,吕梁市,自来水公司,细颗粒物(PM2.5),98,,111,73,36,162,,164,164,14,39,7,8,0.3,0.4
2024-04-18T1900,2867A,111.1283,37.51,吕梁市,马茂庄小学,颗粒物(PM10),61,71,113,23,32,160,,167,167,21,46,6,8,0.4,0.4
2024-04-18T1900,1812A,112.3931,34.6516,洛阳市,市委党校,颗粒物(PM10),60,69,82,32,35,166,,163,163,17,18,10,10,0.4,0.5
2024-04-18T1900,1814A,112.4657,34.6871,洛阳市,豫西宾馆,颗粒物(PM10),68,85,94,29,35,163,,171,171,18,22,5,8,0.5,0.7
2024-04-18T1900,1815A,112.494,34.6886,洛阳市,河南林校,颗粒物(PM10),58,66,76,30,35,165,,170,170,16,24,5,7,0.5,0.6
2024-04-18T1900,1816A,112.3844,34.623,洛阳市,开发区管委会,颗粒物(PM10),67,84,88,33,36,164,,163,163,14,17,7,7,0.5,0.5
2024-04-18T1900,1817A,112.4267,34.6258,洛阳市,市委新办公区,颗粒物(PM10),63,75,82,29,34,164,,161,161,11,15,6,9,0.3,0.4
2024-04-18T1900,3340A,112.6005,34.6326,洛阳市,伊滨,颗粒物(PM10),62,74,93,30,39,155,,170,170,14,28,8,9,0.4,0.4
2024-04-18T1900,3341A,112.4951,34.6332,洛阳市,中移产业园,颗粒物(PM10),59,67,76,24,31,165,,163,163,13,18,5,9,0.4,0.6
2024-04-18T1900,3593A,112.5736,34.8993,洛阳市,吉利监测站,颗粒物(PM10),69,88,99,22,35,154,,173,173,25,31,5,4,0.5,0.8
2024-04-18T1900,3635A,112.3677,34.662,洛阳市,河科大西苑校区,颗粒物(PM10),64,78,85,26,33,168,,161,161,12,19,6,10,0.5,0.5
2024-04-18T1900,3636A,112.4388,34.6781,洛阳市,英才小学,颗粒物(PM10),59,68,92,27,34,160,,162,162,16,20,6,10,0.5,0.6
2024-04-18T1900,2399A,114.051,33.5699,漯河市,三五一五工厂,颗粒物(PM10),56,61,83,25,33,106,,123,122,10,21,4,5,0.5,0.5
2024-04-18T1900,2400A,114.0055,33.5698,漯河市,漯河大学,颗粒物(PM10),52,54,88,31,35,118,,133,133,15,21,7,10,0.3,0.3
2024-04-18T1900,2401A,114.0138,33.5828,漯河市,市水利局,颗粒物(PM10),52,53,83,27,31,116,,132,130,8,14,6,9,0.4,0.4
2024-04-18T1900,2402A,114.0261,33.5698,漯河市,市广电局,颗粒物(PM10),58,66,86,23,32,113,,131,129,14,19,5,7,0.7,0.7
2024-04-18T1900,3478A,113.9749,33.5664,漯河市,市图书馆,颗粒物(PM10),54,57,87,18,30,119,,134,133,10,22,4,7,0.4,0.4
2024-04-18T1900,3479A,114.0967,33.5906,漯河市,召陵区卫健委,颗粒物(PM10),54,57,83,22,28,114,,132,131,9,17,5,6,0.5,0.4
2024-04-18T1900,1798A,118.5092,31.6837,马鞍山市,湖东路四小,颗粒物(PM10),53,55,95,13,22,123,,135,135,31,32,9,9,0.5,0.8
2024-04-18T1900,1799A,118.5024,31.6449,马鞍山市,开发区,颗粒物(PM10),52,54,92,15,26,120,,139,139,37,38,7,7,0.7,0.9
2024-04-18T1900,1800A,118.5228,31.7231,马鞍山市,慈湖,颗粒物(PM10),57,63,94,21,32,130,,134,133,33,38,11,11,0.8,1
2024-04-18T1900,1802A,118.6245,31.7241,马鞍山市,濮塘,颗粒物(PM10),53,55,71,25,24,152,,130,130,18,17,6,6,0.7,0.8
2024-04-18T1900,3633A,118.4918,31.6809,马鞍山市,雨山,,,,92,,26,,,66,,,35,,6,,0.9
2024-04-18T1900,1686A,111.0286,21.4688,茂名市,电白南海,,34,34,28,17,14,63,,91,85,18,10,7,7,0.4,0.3
2024-04-18T1900,1687A,110.9294,21.6533,茂名市,茂石化七小,,31,31,25,19,15,64,,100,95,14,11,9,9,0.6,0.5
2024-04-18T1900,1688A,110.9107,21.6687,茂名市,健康路,,,22,17,7,9,62,,99,91,,9,7,7,,0.5
2024-04-18T1900,1689A,110.8592,21.6828,茂名市,高岭,,34,34,32,17,14,61,,107,96,14,11,8,9,0.6,0.6
2024-04-18T1900,3450A,111.01,21.5165,茂名市,电白水东,,24,24,19,14,14,68,,87,83,11,12,7,5,0.6,0.5
2024-04-18T1900,2539A,104.0308,30.0478,眉山市,黑龙滩水库,,20,5,27,5,20,62,,81,79,12,7,2,8,0.6,0.5
2024-04-18T1900,2540A,103.8416,30.0874,眉山市,气象局,,,18,24,,12,93,,94,94,14,19,9,9,0.4,0.3
2024-04-18T1900,3137A,103.8578,30.0744,眉山市,市委党校,,30,9,21,2,12,93,,94,94,17,21,10,9,0.5,0.5
2024-04-18T1900,3148A,103.8291,30.0564,眉山市,区人社局,,29,12,28,7,14,90,,92,91,24,23,7,12,0.4,0.4
2024-04-18T1900,1690A,116.1231,24.3284,梅州市,梅江月梅,,27,7,17,7,12,84,,95,91,5,10,3,3,0.5,0.6
2024-04-18T1900,1691A,116.0797,24.2719,梅州市,梅县新城,,24,,15,10,12,76,,93,89,14,10,3,4,0.5,0.4
2024-04-18T1900,1692A,116.1248,24.2654,梅州市,环境监控中心,,25,7,15,2,9,77,,93,92,10,13,2,2,0.4,0.4
2024-04-18T1900,3315A,116.1233,24.2991,梅州市,梅龙,,24,12,13,5,11,74,,97,94,9,6,7,6,0.6,0.6
2024-04-18T1900,1878A,104.7778,31.4741,绵阳市,富乐山,,27,22,45,16,34,84,,68,68,5,16,8,9,0.6,0.6
2024-04-18T1900,1879A,104.7563,31.4535,绵阳市,市人大,,,,55,,30,60,,56,56,24,29,8,14,0.6,0.6
2024-04-18T1900,1880A,104.6697,31.4668,绵阳市,高新区自来水公司,,24,,72,10,38,74,,70,70,17,30,8,10,0.5,0.5
2024-04-18T1900,1881A,104.7287,31.5075,绵阳市,三水厂,,25,,45,16,36,80,,63,63,8,34,6,7,0.6,0.7
2024-04-18T1900,3491A,104.69,31.5322,绵阳市,西科大附属小学,,21,15,49,10,30,67,,55,55,16,36,7,9,0.5,0.8
2024-04-18T1900,3492A,104.5648,31.5343,绵阳市,安州区旅游局,,25,11,44,3,29,78,,62,62,8,21,10,10,0.6,0.7
2024-04-18T1900,1784A,129.61,44.561,牡丹江市,环保大楼,细颗粒物(PM2.5),113,104,51,85,38,66,,133,126,57,26,9,6,0.9,0.6
2024-04-18T1900,1785A,129.6115,44.5782,牡丹江市,文化广场,细颗粒物(PM2.5),98,117,73,73,45,47,,122,114,76,37,10,9,1.1,0.6
2024-04-18T1900,1786A,129.5904,44.5963,牡丹江市,第一医院,细颗粒物(PM2.5),188,204,74,141,48,50,,125,117,74,28,15,11,1.1,0.6
2024-04-18T1900,1787A,129.6364,44.6075,牡丹江市,机车工厂,颗粒物(PM10),157,264,82,101,38,69,,123,118,44,29,10,8,0.8,0.6
2024-04-18T1900,1788A,129.6386,44.5462,牡丹江市,第一中学,颗粒物(PM10),108,165,56,77,34,48,,128,118,66,26,10,6,0.7,0.3
2024-04-18T1900,2531A,105.0703,29.61,内江市,市监测站,,49,49,39,34,39,79,,81,81,15,23,7,8,0.3,0.4
2024-04-18T1900,2532A,105.0717,29.5947,内江市,东兴区政府,,40,35,35,28,29,82,,84,84,14,17,9,9,0.4,0.4
2024-04-18T1900,2533A,105.0653,29.5817,内江市,内江二中,,50,38,39,35,33,75,,78,78,16,19,7,7,0.8,0.8
2024-04-18T1900,2534A,105.0406,29.5822,内江市,内江日报社,,40,28,31,28,39,85,,81,81,14,27,10,8,0.5,0.6
2024-04-18T1900,2628A,92.0657,31.4846,那曲市,那曲监测站,颗粒物(PM10),55,60,65,19,34,132,,131,131,6,12,5,6,0.4,1
2024-04-18T1900,3128A,92.0506,31.4797,那曲市,那曲会议中心,颗粒物(PM10),61,71,95,28,39,128,,128,128,12,13,4,4,0.6,0.7
2024-04-18T1900,1290A,115.8931,28.6843,南昌市,省外办,,36,36,30,22,19,95,,102,102,14,14,5,6,0.6,0.6
2024-04-18T1900,1291A,115.8886,28.7003,南昌市,省林业公司,,31,29,21,17,18,97,,100,100,22,20,3,5,0.5,0.5
2024-04-18T1900,1292A,115.8126,28.7442,南昌市,林科所,,34,19,15,17,10,107,,112,112,17,12,2,3,0.8,0.9
2024-04-18T1900,1294A,115.8518,28.687,南昌市,建工学校,,32,23,27,16,15,101,,108,108,13,10,4,5,0.7,0.6
2024-04-18T1900,1295A,115.8921,28.6424,南昌市,象湖,,33,26,26,23,17,103,,106,106,18,10,5,5,0.9,0.8
2024-04-18T1900,1296A,115.7423,28.7996,南昌市,武术学校,,33,27,14,23,20,66,,112,108,7,6,7,6,0.4,0.5
2024-04-18T1900,1298A,115.9314,28.6842,南昌市,省站,,38,28,24,26,19,105,,105,105,12,13,7,8,0.8,0.8
2024-04-18T1900,3046A,115.9084,28.6062,南昌市,机电学校,,35,35,28,17,17,96,,102,102,21,11,7,7,0.9,0.9
2024-04-18T1900,3690A,115.9721,28.7031,南昌市,外国语学校,,34,34,26,14,18,103,,103,103,11,9,3,4,0.7,0.7
2024-04-18T1900,1905A,106.056,30.8064,南充市,西山风景区,,,,,,,,,,,,,,,,
2024-04-18T1900,1906A,106.0789,30.8023,南充市,南充市委,,41,41,50,25,34,45,,44,44,20,27,6,12,0.5,0.4
2024-04-18T1900,1907A,106.1031,30.8217,南充市,南充炼油厂,,44,44,50,27,32,52,,49,49,14,22,6,13,0.4,0.4
2024-04-18T1900,1908A,106.1064,30.7856,南充市,高坪区监测站,,38,38,55,26,30,52,,52,52,16,24,6,15,0.2,0.2
2024-04-18T1900,1909A,106.0642,30.7636,南充市,嘉陵区环保局,,38,38,50,24,32,48,,47,47,15,24,4,11,0.5,0.4
2024-04-18T1900,1910A,106.1087,30.8388,南充市,市环境监测站,,38,34,46,26,31,59,,57,57,12,23,5,12,0.4,0.3
2024-04-18T1900,1151A,118.8086,32.1065,南京市,迈皋桥,,49,49,60,24,22,141,,119,119,31,33,4,5,0.5,0.6
2024-04-18T1900,1152A,118.7538,32.0551,南京市,草场门,颗粒物(PM10),51,51,83,24,31,139,,122,122,31,45,2,3,0.4,0.6
2024-04-18T1900,1153A,118.7794,32.0745,南京市,山西路,,38,36,91,17,28,121,,116,116,7,38,5,4,0.3,0.4
2024-04-18T1900,1154A,118.7752,32.0023,南京市,中华门,颗粒物(PM10),51,51,86,17,25,132,,121,121,26,41,7,6,0.4,0.7
2024-04-18T1900,1155A,118.8109,32.0309,南京市,瑞金路,颗粒物(PM10),58,66,74,29,26,133,,124,124,18,30,6,5,0.3,0.4
2024-04-18T1900,1156A,118.7997,32.0754,南京市,玄武湖,颗粒物(PM10),51,51,83,22,25,149,,129,129,21,44,6,6,0.4,0.4
2024-04-18T1900,1157A,118.6414,32.0931,南京市,浦口,,39,39,89,11,20,108,,109,109,31,24,4,5,0.7,0.8
2024-04-18T1900,1158A,118.7356,31.9996,南京市,奥体中心,颗粒物(PM10),52,54,82,19,29,129,,122,122,24,38,8,8,0.4,0.6
2024-04-18T1900,1159A,118.9125,32.1028,南京市,仙林大学城,臭氧1小时,70,70,69,27,19,176,,137,137,23,32,9,9,0.4,0.6
2024-04-18T1900,3422A,118.8436,31.9198,南京市,江宁彩虹桥,颗粒物(PM10),86,122,74,17,25,130,,120,120,20,34,4,4,0.4,0.6
2024-04-18T1900,3423A,119.0138,31.6494,南京市,溧水永阳,颗粒物(PM10),71,92,70,46,27,174,,148,148,33,28,3,4,0.6,0.5
2024-04-18T1900,3424A,118.879,31.3302,南京市,高淳老职中,颗粒物(PM10),57,63,74,27,25,160,,142,142,25,21,7,6,0.2,0.3
2024-04-18T1900,3427A,118.8554,32.3578,南京市,六合雄州,颗粒物(PM10),69,88,70,40,22,133,,134,134,50,34,5,5,0.5,0.5
2024-04-18T1900,1401A,108.3103,22.7881,南宁市,二十一中,,31,31,31,17,19,98,,108,108,10,13,4,3,0.7,0.7
2024-04-18T1900,1402A,108.3141,22.8528,南宁市,北湖,,38,38,37,16,21,90,,102,102,11,16,5,4,0.6,0.8
2024-04-18T1900,1403A,108.3206,22.8225,南宁市,市监测站,,35,35,33,18,17,91,,104,104,11,15,6,5,0.6,0.7
2024-04-18T1900,1404A,108.3829,22.8037,南宁市,大自然花园,,30,28,28,17,18,96,,106,106,7,12,5,5,0.5,0.5
2024-04-18T1900,1405A,108.4394,22.7904,南宁市,仙葫,,30,26,29,18,18,93,,103,103,9,14,6,6,0.8,0.9
2024-04-18T1900,1406A,108.2397,22.8467,南宁市,区农职院,,32,32,34,16,18,93,,106,106,16,21,6,6,0.6,0.6
2024-04-18T1900,1407A,108.3275,22.735,南宁市,英华嘉园,,32,30,36,22,19,84,,94,94,15,16,6,6,0.6,0.6
2024-04-18T1900,1408A,108.2257,22.7757,南宁市,沙井镇街道办,,29,27,38,12,20,90,,103,103,11,22,5,5,0.7,0.7
2024-04-18T1900,3401A,108.4834,22.7618,南宁市,红星社区,,38,38,30,23,27,94,,104,104,11,14,8,8,0.7,0.7
2024-04-18T1900,2331A,118.0966,26.6761,南平市,茫荡山,,,,,,,,,,,,,,,,
2024-04-18T1900,2332A,118.1681,26.6369,南平市,南平市监测站,,35,23,30,16,19,111,,121,121,8,15,4,5,0.7,0.7
2024-04-18T1900,2333A,118.1825,26.6489,南平市,南平铝业有限公司,,33,31,28,17,21,103,,115,115,9,15,4,6,0.8,0.8
2024-04-18T1900,2334A,118.1756,26.6272,南平市,南平七中,,36,31,30,14,22,113,,121,121,6,13,4,4,0.6,0.7
2024-04-18T1900,1168A,120.9098,31.9663,南通市,狼山街道,颗粒物(PM10),82,113,110,28,24,111,,122,122,22,21,12,10,0.9,0.5
2024-04-18T1900,1169A,120.86,32.0005,南通市,虹桥,颗粒物(PM10),81,112,124,33,30,91,,114,113,36,22,9,7,0.5,0.4
2024-04-18T1900,1170A,120.87,32.02,南通市,城中,颗粒物(PM10),101,152,147,38,29,103,,120,120,20,18,7,7,0.7,0.6
2024-04-18T1900,1171A,120.94,31.93,南通市,星湖花园,颗粒物(PM10),73,96,117,26,24,98,,111,111,24,21,8,7,0.7,0.5
2024-04-18T1900,1172A,120.81,32.0417,南通市,紫琅学院,颗粒物(PM10),83,115,129,30,25,80,,132,128,63,26,11,10,0.5,0.6
2024-04-18T1900,3291A,121.067,32.062,南通市,通州监测站,颗粒物(PM10),111,171,124,46,23,106,,129,129,,16,10,9,1.0,0.6
2024-04-18T1900,3432A,120.9348,31.9883,南通市,环境教育馆,颗粒物(PM10),85,119,121,45,28,95,,122,122,29,19,12,7,1.0,0.4
2024-04-18T1900,2404A,112.5224,33.0122,南阳市,瓦房庄,颗粒物(PM10),61,71,74,21,30,131,,134,134,16,39,6,6,0.5,0.6
2024-04-18T1900,2405A,112.5003,32.9735,南阳市,汉画馆,颗粒物(PM10),62,74,74,27,28,120,,136,134,20,34,4,4,0.5,0.6
2024-04-18T1900,2406A,112.5573,33.027,南阳市,气象站,颗粒物(PM10),62,73,71,22,25,120,,138,138,26,32,6,11,0.5,0.5
2024-04-18T1900,2407A,112.5481,32.9689,南阳市,理工学院,颗粒物(PM10),57,63,74,26,30,125,,134,134,13,39,5,6,0.5,0.5
2024-04-18T1900,4008A,112.5234,32.9922,南阳市,卧龙区政府,颗粒物(PM10),58,66,72,23,32,124,,136,136,26,43,6,6,0.7,0.7
2024-04-18T1900,1234A,121.8358,29.911,宁波市,区环保大楼,二氧化氮,65,75,58,25,24,5,,108,92,129,32,14,9,0.6,0.7
2024-04-18T1900,1235A,121.56,29.82,宁波市,万里学院,颗粒物(PM10),51,51,35,13,15,80,,128,126,48,15,9,8,0.5,0.6
2024-04-18T1900,1236A,121.713,29.9572,宁波市,龙赛医院,颗粒物(PM10),60,69,47,15,17,52,,115,108,65,19,9,10,0.5,0.6
2024-04-18T1900,1239A,121.633,29.7733,宁波市,钱湖水厂,,37,30,39,10,8,118,,135,135,21,18,10,10,0.5,0.6
2024-04-18T1900,1240A,121.5856,29.8635,宁波市,太古小学,,,48,39,16,18,71,,125,118,58,21,11,10,,0.7
2024-04-18T1900,1241A,121.524,29.8674,宁波市,市环境监测中心,,49,49,34,19,14,91,,137,131,54,22,13,8,0.6,0.6
2024-04-18T1900,2871A,121.6147,29.9017,宁波市,万里国际学校,颗粒物(PM10),53,56,45,13,19,76,,128,123,64,31,14,12,0.6,0.6
2024-04-18T1900,3710A,121.5594,29.8975,宁波市,白沙活动中心,颗粒物(PM10),60,70,41,21,15,80,,125,122,53,23,14,11,0.5,0.5
2024-04-18T1900,2339A,119.5001,26.6946,宁德市,金涵水库,,,,,,,,,,,,,,,,
2024-04-18T1900,2341A,119.5388,26.6612,宁德市,宁德市监测站,,34,30,32,11,23,108,,94,94,11,15,6,6,0.4,0.8
2024-04-18T1900,3209A,119.5231,26.6562,宁德市,宁德一中,,40,40,32,13,21,109,,95,95,19,14,8,8,0.3,0.7
2024-04-18T1900,2618A,98.8601,25.8567,怒江傈僳族自治州,州监测站,颗粒物(PM10),51,51,38,25,30,137,,115,115,5,6,6,7,0.4,0.5
2024-04-18T1900,2619A,98.8546,25.8417,怒江傈僳族自治州,泸水一中,颗粒物(PM10),53,55,36,23,30,112,,101,101,14,14,6,6,0.4,0.5
2024-04-18T1900,1888A,101.6891,26.571,攀枝花市,弄弄坪,颗粒物(PM10),62,74,48,20,26,122,,133,133,27,23,42,18,1.6,0.8
2024-04-18T1900,1889A,101.5769,26.5928,攀枝花市,河门口,,47,28,43,12,19,150,,143,143,9,24,8,14,0.4,0.7
2024-04-18T1900,1890A,101.7169,26.585,攀枝花市,炳草岗,,44,44,47,8,26,135,,142,142,19,28,14,21,0.7,0.8
2024-04-18T1900,1891A,101.7369,26.5008,攀枝花市,仁和,,,,42,15,26,151,,145,145,10,16,7,9,0.3,0.7
2024-04-18T1900,2835A,101.7227,26.567,攀枝花市,四十中小,,46,24,44,20,27,146,,148,148,16,26,9,18,0.5,1
2024-04-18T1900,1604A,122.0303,41.1489,盘锦市,开发区,颗粒物(PM10),73,96,62,24,14,98,,109,109,21,21,5,6,0.4,0.4
2024-04-18T1900,1605A,122.0485,41.0883,盘锦市,兴隆台,颗粒物(PM10),63,75,61,21,15,101,,107,107,18,20,8,8,0.5,0.5
2024-04-18T1900,1606A,121.8297,41.1028,盘锦市,新生街道,颗粒物(PM10),53,55,58,15,12,82,,105,103,22,23,7,7,0.6,0.5
2024-04-18T1900,1832A,113.3257,33.742,平顶山市,新华旅馆,,48,48,94,22,31,126,,150,150,2,19,9,10,0.3,0.4
2024-04-18T1900,1833A,113.2919,33.737,平顶山市,规划设计院,,46,46,81,15,28,108,,135,134,14,24,19,10,0.5,0.6
2024-04-18T1900,1834A,113.182,33.774,平顶山市,平顶山工学院,颗粒物(PM10),52,54,80,7,21,121,,143,143,10,15,8,7,0.4,0.5
2024-04-18T1900,3204A,113.3025,33.73,平顶山市,规划局,,48,48,95,22,31,122,,142,142,7,24,14,10,0.4,0.5
2024-04-18T1900,3594A,112.8867,33.9116,平顶山市,石龙区,颗粒物(PM10),62,73,121,25,35,124,,141,141,16,37,9,12,0.4,0.5
2024-04-18T1900,2656A,106.6692,35.5461,平凉市,聚贤嘉苑,,32,27,66,22,31,81,,120,113,33,31,10,11,0.4,0.5
2024-04-18T1900,2657A,106.7021,35.5307,平凉市,博物馆,,50,50,79,23,28,103,,127,120,18,25,13,14,0.7,0.8
2024-04-18T1900,2347A,114.0997,27.5002,萍乡市,武功山,,25,19,21,4,4,79,,77,77,7,5,16,15,0.8,0.8
2024-04-18T1900,2348A,113.8385,27.6434,萍乡市,中医院,,39,31,60,27,39,78,,98,98,32,19,2,9,1.1,1.3
2024-04-18T1900,2349A,113.8493,27.6253,萍乡市,市政府车库,,38,38,44,17,24,66,,99,98,28,14,8,15,1.1,1.2
2024-04-18T1900,2350A,113.8676,27.6435,萍乡市,市环保局,,33,33,49,21,26,88,,101,101,20,15,6,11,0.9,1.1
2024-04-18T1900,2351A,113.866,27.6198,萍乡市,安源区政府,颗粒物(PM10),54,58,47,6,15,73,,109,104,22,13,9,13,1.0,1.1
2024-04-18T1900,2319A,119.0141,25.4325,莆田市,荔城区仓后路,,36,24,34,8,16,114,,111,111,9,16,5,5,0.6,0.8
2024-04-18T1900,2320A,119.0015,25.4553,莆田市,莆田市监测站,,36,20,31,4,12,114,,109,109,12,10,6,6,0.6,0.7
2024-04-18T1900,2321A,119.1119,25.4561,莆田市,涵江区六中,,38,26,38,6,19,120,,120,120,11,20,7,7,0.7,0.9
2024-04-18T1900,2322A,119.1013,25.3215,莆田市,秀屿区政府,,39,32,31,7,20,122,,122,122,12,16,9,9,0.7,0.8
2024-04-18T1900,2323A,118.981,25.4792,莆田市,东圳水库,,,,,,,,,,,,,,,,
2024-04-18T1900,2392A,115.0312,35.7636,濮阳市,环保局,颗粒物(PM10),58,66,95,24,27,137,,150,150,12,11,10,10,0.3,0.3
2024-04-18T1900,2394A,115.0574,35.7609,濮阳市,油田运输公司,颗粒物(PM10),57,63,95,25,31,152,,169,169,14,14,11,10,0.6,0.6
2024-04-18T1900,2395A,115.0866,35.7754,濮阳市,油田物探公司,颗粒物(PM10),60,70,97,27,34,132,,160,160,21,15,8,8,0.5,0.5
2024-04-18T1900,3021A,115,35.7668,濮阳市,濮水河管理处,颗粒物(PM10),58,65,95,23,32,139,,152,152,11,12,9,9,0.3,0.4
2024-04-18T1900,2601A,100.98,22.7633,普洱市,市环保局,,,51,50,37,33,134,,130,130,9,15,8,9,,0.5
2024-04-18T1900,2602A,100.9817,22.8322,普洱市,普洱第二中学,,49,49,40,23,27,142,,136,136,9,22,11,12,0.3,0.4
2024-04-18T1900,2262A,131.0518,45.8751,七台河市,新一中,,38,38,30,12,10,78,,101,99,10,9,9,9,0.4,0.4
2024-04-18T1900,3345A,131.0577,45.7879,七台河市,中波台,,31,31,32,9,11,73,,94,92,16,17,6,6,0.4,0.5
2024-04-18T1900,3637A,131.0176,45.7761,七台河市,人民广场,颗粒物(PM10),58,65,53,36,24,67,,90,89,22,20,10,12,0.6,0.6
2024-04-18T1900,3684A,130.8781,45.8222,七台河市,新建矿广场,颗粒物(PM10),56,61,58,32,24,68,,94,90,22,29,11,12,1.8,0.8
2024-04-18T1900,1779A,123.9305,47.3636,齐齐哈尔市,安居小区,,38,35,48,26,25,77,,94,92,11,10,1,2,0.3,0.3
2024-04-18T1900,1780A,123.9488,47.3386,齐齐哈尔市,中心广场,,43,43,47,23,19,82,,94,93,13,9,6,6,0.4,0.2
2024-04-18T1900,1781A,123.9483,47.3227,齐齐哈尔市,农牧车辆厂,,34,34,51,18,12,81,,95,94,9,9,7,7,0.3,0.3
2024-04-18T1900,1783A,123.945,47.2988,齐齐哈尔市,市环境监测站,,,,48,,21,87,,97,96,9,8,4,4,,0.3
2024-04-18T1900,3662A,123.6333,47.2075,齐齐哈尔市,富区青少年活动中心,,33,33,41,10,10,76,,93,90,10,9,5,6,0.3,0.3
2024-04-18T1900,2591A,107.9783,26.5747,黔东南苗族侗族自治州,市环境监测站,,20,20,24,14,19,37,,46,39,15,14,3,3,0.7,0.5
2024-04-18T1900,2881A,107.8908,26.5311,黔东南苗族侗族自治州,凯里学院,,16,13,22,11,15,40,,50,45,12,12,2,2,0.6,0.3
2024-04-18T1900,2593A,107.5228,26.2403,黔南布依族苗族自治州,小围寨,,20,14,16,7,9,63,,53,53,4,8,3,4,0.5,0.6
2024-04-18T1900,3538A,107.5175,26.2978,黔南布依族苗族自治州,沙坝,,17,17,22,7,10,54,,51,51,5,8,3,3,0.5,0.5
2024-04-18T1900,2589A,104.9022,25.0925,黔西南布依族苗族自治州,场坝街,,43,43,28,22,19,137,,125,125,6,6,5,4,0.3,0.2
2024-04-18T1900,2590A,104.8811,25.0992,黔西南布依族苗族自治州,坪东大道,,42,34,31,18,19,134,,124,124,9,11,3,2,0.3,0.3
2024-04-18T1900,2502A,108.6236,21.9667,钦州市,市环保站,,44,44,34,17,14,82,,86,86,18,16,7,6,1.1,0.7
2024-04-18T1900,2503A,108.6549,21.9481,钦州市,沙埠小学,,29,29,33,16,18,91,,92,92,15,18,6,6,0.9,0.8
2024-04-18T1900,2504A,108.5989,21.7431,钦州市,港区一小,颗粒物(PM10),51,52,43,18,18,99,,92,91,17,22,8,8,0.7,0.8
2024-04-18T1900,3404A,108.5959,21.9633,钦州市,北职校,,37,37,40,18,20,78,,86,85,22,20,7,6,1.0,0.8
2024-04-18T1900,1042A,119.5134,39.8207,秦皇岛市,北戴河环保局,颗粒物(PM10),79,108,102,29,29,136,,137,137,18,28,9,13,0.4,0.8
2024-04-18T1900,1043A,119.7493,40.0116,秦皇岛市,第一关,颗粒物(PM10),76,102,100,24,36,107,,116,115,21,39,8,11,0.3,0.7
2024-04-18T1900,1044A,119.5897,39.9499,秦皇岛市,监测站,颗粒物(PM10),72,94,98,25,38,95,,117,116,36,39,8,13,0.4,0.8
2024-04-18T1900,1046A,119.5251,39.9041,秦皇岛市,建设大厦,颗粒物(PM10),66,81,101,18,28,105,,117,117,20,29,5,11,0.2,0.7
2024-04-18T1900,3132A,119.610547,39.943889,秦皇岛市,文明里,颗粒物(PM10),70,90,107,19,31,99,,119,117,35,42,6,10,0.4,0.9
2024-04-18T1900,1307A,120.6659,36.2403,青岛市,仰口,臭氧1小时,85,117,104,41,30,188,,168,168,17,16,6,4,0.6,0.5
2024-04-18T1900,1310A,120.4134,36.0658,青岛市,市南区东部子站,颗粒物(PM10),104,158,105,48,25,141,,108,108,54,42,16,11,1.1,0.6
2024-04-18T1900,1311A,120.3664,36.1032,青岛市,四方区子站,颗粒物(PM10),107,163,110,56,32,163,,166,166,53,45,12,12,1.1,0.7
2024-04-18T1900,1312A,120.2994,36.054,青岛市,市南区西部子站,颗粒物(PM10),101,151,102,51,27,120,,85,85,63,51,15,10,1.2,0.8
2024-04-18T1900,1313A,120.4581,36.0858,青岛市,崂山区子站,颗粒物(PM10),106,161,96,56,24,117,,72,72,55,37,17,10,1.0,0.7
2024-04-18T1900,1314A,120.1983,35.9608,青岛市,黄岛区子站,颗粒物(PM10),102,153,95,66,30,155,,133,133,41,31,14,10,1.1,0.8
2024-04-18T1900,1315A,120.3999,36.3083,青岛市,城阳区子站,颗粒物(PM10),104,158,108,44,30,179,,197,197,42,38,12,11,0.7,0.6
2024-04-18T1900,1966A,120.0405,35.8735,青岛市,黄岛区4号,颗粒物(PM10),97,144,99,46,24,162,,151,151,45,44,16,14,1.0,0.9
2024-04-18T1900,3362A,120.5014,36.4034,青岛市,即墨2号,颗粒物(PM10),101,151,125,51,38,193,,209,209,28,26,8,9,0.7,0.6
2024-04-18T1900,3642A,120.3503,36.0736,青岛市,市北区南部,颗粒物(PM10),101,151,102,46,29,183,,140,140,31,37,16,11,1.1,0.8
2024-04-18T1900,3643A,120.3948,36.1805,青岛市,李沧区北部,颗粒物(PM10),106,161,110,61,31,162,,184,184,51,40,13,12,0.9,0.7
2024-04-18T1900,1702A,113.0426,23.691,清远市,环保大楼,,29,22,29,20,24,81,,91,91,15,11,4,6,0.8,0.8
2024-04-18T1900,1703A,113.0208,23.7106,清远市,凤城街办,,32,24,33,17,24,100,,105,105,21,21,4,6,0.5,0.5
2024-04-18T1900,3025A,113.0477,23.6344,清远市,技师学院,,28,28,37,18,21,87,,98,98,22,20,4,5,0.7,0.7
2024-04-18T1900,3318A,112.9903,23.7403,清远市,清新太和,,,21,37,12,23,82,,115,113,,23,6,6,0.6,0.6
2024-04-18T1900,3455A,113.076,23.7198,清远市,清城东城,,29,20,32,17,25,92,,101,101,15,20,4,6,0.3,0.4
2024-04-18T1900,2661A,107.6325,35.7357,庆阳市,庆阳五中,颗粒物(PM10),62,73,68,19,30,124,,132,132,15,13,4,5,0.3,0.4
2024-04-18T1900,2662A,107.6364,35.7067,庆阳市,市环保局,颗粒物(PM10),59,67,64,16,27,124,,131,130,14,11,7,7,0.3,0.4
2024-04-18T1900,1916A,103.7897,25.5035,曲靖市,环境监测站,颗粒物(PM10),62,74,52,16,27,148,,155,155,8,12,6,3,0.5,0.7
2024-04-18T1900,1917A,103.8,25.5364,曲靖市,烟厂办公区,颗粒物(PM10),55,60,49,22,28,146,,152,152,6,12,4,4,0.4,0.5
2024-04-18T1900,3376A,103.7947,25.462,曲靖市,南苑二区,,50,50,47,24,26,140,,145,145,9,13,9,7,0.4,0.5
2024-04-18T1900,3377A,103.7444,25.5261,曲靖市,曲靖师范学院,颗粒物(PM10),52,54,54,23,39,146,,154,154,9,17,4,12,0.5,0.6
2024-04-18T1900,1264A,118.8692,28.9398,衢州市,环保大楼,,35,27,15,18,13,112,,113,113,20,18,5,5,0.5,0.5
2024-04-18T1900,1265A,118.8709,28.9666,衢州市,实验学校,,35,30,20,16,12,110,,112,112,18,17,6,6,0.3,0.3
2024-04-18T1900,1266A,118.8621,28.9808,衢州市,衢州学院,,33,24,17,15,14,104,,107,107,24,20,4,4,0.4,0.5
2024-04-18T1900,1611A,118.5819,24.9117,泉州市,涂山街,,38,24,55,9,34,120,,110,110,14,30,5,5,0.5,0.7
2024-04-18T1900,1612A,118.5972,24.8978,泉州市,津头埔,,37,32,47,9,30,116,,110,110,23,32,6,5,0.6,0.6
2024-04-18T1900,1613A,118.6663,24.9424,泉州市,万安,,43,43,49,8,24,122,,118,118,18,24,6,4,0.6,0.6
2024-04-18T1900,1614A,118.6117,24.9604,泉州市,清源山,,,,,,,,,,,,,,,,
2024-04-18T1900,3529A,118.6333,24.9264,泉州市,城华南路,,38,27,43,9,28,119,,109,109,18,29,5,4,0.5,0.5
2024-04-18T1900,2626A,88.8876,29.2718,日喀则市,日喀则监测站,,36,25,23,7,10,115,,121,121,5,16,3,4,0.3,0.4
2024-04-18T1900,3726A,88.8781,29.2426,日喀则市,林业技术推广中心,,37,28,23,3,7,116,,122,122,5,12,5,5,0.3,0.3
2024-04-18T1900,1659A,119.471,35.4209,日照市,监测站,颗粒物(PM10),106,161,110,54,35,168,,195,195,60,50,17,13,1.0,0.8
2024-04-18T1900,1660A,119.523,35.4216,日照市,市政府广场,颗粒物(PM10),100,149,119,50,34,197,,198,198,36,49,13,12,1.0,0.9
2024-04-18T1900,1661A,119.5587,35.4044,日照市,港务局,颗粒物(PM10),100,149,129,48,35,177,,181,181,33,56,11,12,1.0,0.9
2024-04-18T1900,3507A,119.5328,35.4625,日照市,职业技术学院,颗粒物(PM10),96,141,121,46,32,180,,198,198,28,45,14,13,1.1,1
2024-04-18T1900,3604A,119.3266,35.1044,日照市,岚山环保分局,臭氧1小时,107,161,135,51,46,214,,200,200,26,39,11,17,1.0,1.2
2024-04-18T1900,1835A,111.1922,34.7752,三门峡市,市政府,颗粒物(PM10),70,90,79,23,31,169,,150,150,21,35,8,9,0.5,0.6
2024-04-18T1900,1836A,111.1587,34.7942,三门峡市,开发区,颗粒物(PM10),65,80,83,22,34,170,,156,156,16,16,11,12,0.6,0.7
2024-04-18T1900,1838A,111.143,34.7955,三门峡市,风景区,,,,,,,,,,,,,,,,
2024-04-18T1900,3039A,111.1911,34.7829,三门峡市,三门峡市第一小学,颗粒物(PM10),77,103,85,22,28,179,,161,161,16,18,8,9,0.4,0.4
2024-04-18T1900,3598A,111.1,34.7167,三门峡市,富达温泉假日酒店,颗粒物(PM10),67,84,77,24,27,167,,152,152,10,18,9,9,0.3,0.4
2024-04-18T1900,2324A,117.6211,26.2625,三明市,三钢,,34,34,33,13,18,72,,123,118,31,19,11,7,1.4,1
2024-04-18T1900,2325A,117.635,26.2714,三明市,三明二中,,29,29,38,18,19,68,,117,112,28,19,5,5,0.9,0.7
2024-04-18T1900,2326A,117.6028,26.2378,三明市,三元区政府,,46,46,36,17,18,72,,118,113,19,19,6,8,1.0,0.9
2024-04-18T1900,2327A,117.7275,26.3108,三明市,洋溪,,,,,,,,,,,,,,,,
2024-04-18T1900,1876A,109.5078,18.2489,三亚市,河东子站,,30,30,21,17,13,43,,50,49,5,5,3,3,0.3,0.4
2024-04-18T1900,1877A,109.4964,18.2681,三亚市,河西子站,,27,27,24,10,11,44,,50,49,6,8,2,2,0.3,0.2
2024-04-18T1900,3540A,109.7348,18.3443,三亚市,君悦子站,,34,34,23,11,11,47,,53,52,3,8,2,2,0.3,0.4
2024-04-18T1900,2624A,91.7608,29.2313,山南市,山南监测站,,42,28,24,7,9,133,,144,144,5,10,6,7,0.3,0.3
2024-04-18T1900,2625A,91.7706,29.2436,山南市,山南人民医院,颗粒物(PM10),54,57,28,14,10,132,,139,139,9,12,7,8,0.3,0.4
2024-04-18T1900,1674A,116.6794,23.3667,汕头市,金平子站,,38,13,22,13,14,119,,139,139,17,18,2,4,0.8,0.8
2024-04-18T1900,1675A,116.7244,23.3633,汕头市,龙湖子站,,39,,22,12,12,124,,142,142,7,9,4,7,0.8,0.9
2024-04-18T1900,1676A,116.7258,23.2775,汕头市,濠江子站,,38,10,23,4,13,120,,128,128,2,5,4,5,0.7,0.8
2024-04-18T1900,1677A,116.7519,23.4714,汕头市,澄海子站,,38,,28,22,16,120,,132,132,12,14,5,7,0.9,0.8
2024-04-18T1900,1678A,116.6092,23.2539,汕头市,潮阳子站,,39,14,29,8,10,122,,128,128,3,8,3,4,0.7,0.8
2024-04-18T1900,3444A,116.454,23.2684,汕头市,潮南峡山,,37,10,31,3,14,117,,119,119,2,3,2,3,0.7,0.7
2024-04-18T1900,3624A,116.4069,23.2533,汕头市,潮南子站,,30,13,31,7,23,96,,102,101,7,10,6,6,0.8,0.8
2024-04-18T1900,1693A,115.3653,22.775,汕尾市,市环保局,,19,14,20,13,14,60,,66,66,16,8,7,8,0.6,0.6
2024-04-18T1900,1694A,115.3706,22.7898,汕尾市,市政府,,23,23,25,16,18,50,,65,64,16,8,5,6,0.6,0.6
2024-04-18T1900,1695A,115.3622,22.7925,汕尾市,新城中学,,24,24,22,8,15,58,,67,67,16,9,6,6,0.7,0.6
2024-04-18T1900,2645A,109.9154,33.8715,商洛市,监测站,颗粒物(PM10),53,56,47,26,21,124,,123,123,14,16,13,8,0.4,0.4
2024-04-18T1900,3045A,109.9643,33.8471,商洛市,商州区中学,颗粒物(PM10),58,66,59,20,21,132,,127,127,13,20,18,5,0.3,0.4
2024-04-18T1900,2408A,115.6702,34.4285,商丘市,环境监测站,颗粒物(PM10),54,58,82,24,29,116,,134,133,13,16,6,8,0.3,0.3
2024-04-18T1900,2409A,115.6458,34.4045,商丘市,粮食局,颗粒物(PM10),51,51,87,33,30,120,,139,137,8,10,7,9,0.5,0.5
2024-04-18T1900,2410A,115.6293,34.3948,商丘市,睢阳区环保局,颗粒物(PM10),59,67,97,20,32,121,,138,137,14,20,7,6,0.4,0.4
2024-04-18T1900,3171A,115.6071,34.4465,商丘市,梁园区档案局,颗粒物(PM10),58,66,94,20,30,114,,130,129,9,15,8,9,0.4,0.4
2024-04-18T1900,1141A,121.4,31.238,上海市,普陀,颗粒物(PM10),60,70,96,20,30,84,,87,87,41,39,6,8,0.5,0.9
2024-04-18T1900,1142A,121.478,31.2036,上海市,十五厂,颗粒物(PM10),65,80,98,23,33,85,,85,85,35,38,8,9,0.4,0.7
2024-04-18T1900,1143A,121.467,31.3008,上海市,虹口,颗粒物(PM10),60,70,92,20,34,82,,96,96,38,41,8,10,0.6,0.9
2024-04-18T1900,1144A,121.412,31.1654,上海市,徐汇上师大,颗粒物(PM10),60,70,92,22,37,90,,92,92,41,43,8,9,0.5,0.8
2024-04-18T1900,1145A,121.536,31.2659,上海市,杨浦四漂,颗粒物(PM10),70,90,93,21,33,71,,100,98,42,33,8,9,0.3,0.6
2024-04-18T1900,1147A,121.425,31.2261,上海市,静安监测站,颗粒物(PM10),60,70,98,24,39,83,,84,84,37,40,8,11,0.7,1
2024-04-18T1900,1148A,121.703,31.1907,上海市,浦东川沙,颗粒物(PM10),61,72,95,13,31,92,,108,108,33,43,5,7,0.5,0.7
2024-04-18T1900,1149A,121.533,31.2284,上海市,浦东新区监测站,颗粒物(PM10),63,75,90,17,28,89,,96,96,29,36,6,8,0.3,0.6
2024-04-18T1900,1150A,121.577,31.2071,上海市,浦东张江,颗粒物(PM10),67,84,84,17,30,87,,85,85,28,39,5,6,0.7,0.8
2024-04-18T1900,3265A,121.4316,31.3322,上海市,宝山庙行,颗粒物(PM10),62,73,93,23,33,59,,93,92,61,43,9,10,0.6,1
2024-04-18T1900,3266A,121.8791,31.4662,上海市,崇明上实东滩,,,62,67,13,19,,,111,111,6,10,7,8,,0.7
2024-04-18T1900,3268A,121.3162,31.2838,上海市,嘉定南翔,,,,74,,27,74,,93,93,53,43,9,8,,0.7
2024-04-18T1900,3269A,121.3359,30.7456,上海市,金山新城,,45,45,63,22,38,107,,123,123,22,30,6,6,0.5,0.7
2024-04-18T1900,3270A,121.4996,31.0739,上海市,闵行浦江,颗粒物(PM10),56,61,79,22,31,94,,93,93,23,45,5,6,0.3,0.6
2024-04-18T1900,3271A,121.2886,31.1663,上海市,青浦徐泾,颗粒物(PM10),66,82,81,22,31,72,,93,93,50,48,6,6,0.5,0.6
2024-04-18T1900,3272A,121.2186,31.0378,上海市,松江图书馆,颗粒物(PM10),68,85,79,30,36,90,,96,96,40,43,7,7,0.7,0.7
2024-04-18T1900,3273A,121.3902,31.2059,上海市,长宁仙霞,颗粒物(PM10),58,65,81,21,31,86,,90,90,42,44,9,11,0.7,1
2024-04-18T1900,3274A,121.7965,31.0507,上海市,浦东惠南,颗粒物(PM10),54,57,81,14,30,101,,100,100,23,39,7,7,0.5,0.7
2024-04-18T1900,3544A,121.4891,30.925,上海市,奉贤南桥新城,颗粒物(PM10),56,62,77,18,38,96,,94,94,29,41,8,10,0.4,0.7
2024-04-18T1900,2381A,118.005,28.4572,上饶市,百草园,,,26,20,22,15,124,,122,122,10,6,,,0.5,0.6
2024-04-18T1900,2382A,117.9756,28.4436,上饶市,市监测站,,40,32,22,13,12,125,,132,132,13,9,13,5,0.7,0.7
2024-04-18T1900,2383A,117.9519,28.4628,上饶市,凤凰光学,,35,33,19,18,10,112,,125,125,16,12,6,4,0.8,0.8
2024-04-18T1900,3413A,118.1953,28.4401,上饶市,广丰区教体局,,38,25,24,24,16,121,,123,123,13,11,16,15,0.9,0.8
2024-04-18T1900,3685A,117.897,28.4315,上饶市,双创科技城,,36,30,24,13,11,115,,123,123,13,12,6,5,0.6,0.7
2024-04-18T1900,1669A,113.5824,24.7733,韶关市,市八中,,20,17,32,7,21,62,,60,60,19,14,12,12,0.7,0.6
2024-04-18T1900,1671A,113.5917,24.7972,韶关市,园林处,,18,12,33,9,29,55,,53,53,20,14,8,9,0.8,0.7
2024-04-18T1900,1672A,113.6735,24.7791,韶关市,韶关学院,,16,10,34,6,24,51,,51,51,20,16,12,11,0.9,0.5
2024-04-18T1900,1673A,113.5971,24.6863,韶关市,曲江监测站,,25,21,30,15,20,77,,67,67,12,19,8,9,0.6,0.7
2024-04-18T1900,3622A,113.5556,24.8082,韶关市,碧湖山庄,,24,11,34,7,22,76,,64,64,14,11,9,9,0.5,0.5
2024-04-18T1900,2462A,111.5239,27.3033,邵阳市,市水土所,,43,34,36,30,26,51,,75,69,5,4,6,5,0.6,0.6
2024-04-18T1900,2463A,111.4733,27.2317,邵阳市,市一中,,,45,42,26,25,,,97,85,15,11,9,9,0.8,0.7
2024-04-18T1900,2464A,111.5283,27.2442,邵阳市,市化工厂,,39,39,38,27,24,59,,95,80,18,11,7,8,0.8,0.7
2024-04-18T1900,2465A,111.4503,27.2537,邵阳市,市罐头厂,,49,41,41,34,29,65,,92,86,19,12,5,7,0.7,0.7
2024-04-18T1900,2466A,111.4328,27.2272,邵阳市,市环保局,,,,41,30,30,60,,86,76,17,13,3,5,,0.6
2024-04-18T1900,1247A,120.6053,29.9928,绍兴市,城东开发委,颗粒物(PM10),66,82,43,38,24,160,,171,171,32,14,12,9,0.7,0.6
2024-04-18T1900,2921A,120.5483,30.0003,绍兴市,树下王站,臭氧1小时,68,71,27,29,10,174,,174,174,41,19,13,9,0.7,0.7
2024-04-18T1900,3408A,120.5683,29.9361,绍兴市,绍兴中专,臭氧1小时,78,85,38,39,17,182,,173,173,21,14,10,8,0.6,0.5
2024-04-18T1900,3409A,120.4906,30.0861,绍兴市,柯桥区政府,颗粒物(PM10),76,102,42,46,22,156,,158,158,39,17,7,6,0.7,0.7
2024-04-18T1900,3410A,120.8752,30.0249,绍兴市,重华小学,颗粒物(PM10),60,69,41,28,26,157,,163,163,34,17,8,6,0.7,0.8
2024-04-18T1900,3411A,120.8369,30.0137,绍兴市,上虞中学,颗粒物(PM10),62,74,42,29,25,164,,166,166,32,20,9,8,0.7,0.7
2024-04-18T1900,3560A,120.4722,30.0415,绍兴市,柯桥妇保,颗粒物(PM10),69,87,38,40,23,172,,160,160,34,18,9,7,0.7,0.7
2024-04-18T1900,3658A,120.6153,30.0764,绍兴市,袍江中学,,48,48,26,18,16,140,,171,167,37,15,5,4,0.7,0.7
2024-04-18T1900,1356A,114.1063,22.5545,深圳市,通心岭子站,,21,15,22,8,14,47,,54,54,42,19,4,4,0.5,0.5
2024-04-18T1900,1357A,114.117,22.5625,深圳市,洪湖,,26,18,26,7,13,59,,61,61,52,22,6,5,0.6,0.5
2024-04-18T1900,1358A,113.987,22.5417,深圳市,华侨城,,,18,21,15,12,52,,64,64,,12,4,4,0.5,0.5
2024-04-18T1900,1359A,113.9181,22.5171,深圳市,南海子站,,28,28,26,17,17,61,,70,70,56,21,8,7,0.6,0.6
2024-04-18T1900,1360A,114.2458,22.5689,深圳市,盐田,,19,19,31,9,14,56,,54,54,33,26,3,3,0.4,0.4
2024-04-18T1900,1361A,114.2283,22.7244,深圳市,龙岗,,34,24,27,12,15,30,,58,57,67,25,5,5,0.6,0.5
2024-04-18T1900,1363A,114.494,22.5422,深圳市,南澳,,,16,20,8,13,,,71,71,,5,,7,,0.2
2024-04-18T1900,1364A,114.41,22.6342,深圳市,葵涌,,21,17,21,6,11,66,,64,64,29,15,5,5,0.5,0.5
2024-04-18T1900,1365A,114.297,22.5978,深圳市,梅沙,,22,22,30,8,13,30,,53,52,39,16,6,6,0.4,0.4
2024-04-18T1900,1366A,114.0678,22.738,深圳市,观澜,,30,30,32,10,12,55,,59,59,51,24,5,6,0.6,0.6
2024-04-18T1900,3305A,114.0731,22.559,深圳市,莲花,,21,21,22,10,15,18,,42,39,30,16,2,3,0.7,0.6
2024-04-18T1900,3306A,114.0261,22.6198,深圳市,民治,,22,22,21,12,13,50,,60,60,44,23,4,4,0.6,0.5
2024-04-18T1900,3307A,114.1871,22.6451,深圳市,横岗,,27,27,25,3,27,52,,60,60,53,29,4,3,0.7,0.5
2024-04-18T1900,3447A,114.3551,22.7151,深圳市,坪山,,24,24,28,12,17,34,,49,48,45,23,4,4,0.6,0.6
2024-04-18T1900,3623A,113.8953,22.5861,深圳市,西乡,,28,28,34,8,11,83,,68,68,24,20,7,7,0.6,0.6
2024-04-18T1900,1098A,123.6836,41.9339,沈阳市,森林路,,,,,,,,,,,,,,,,
2024-04-18T1900,1099A,123.505,41.7406,沈阳市,浑南东路,,37,37,73,11,29,93,,111,110,16,34,9,16,0.4,0.8
2024-04-18T1900,1100A,123.4231,41.6989,沈阳市,新秀街,,50,50,69,13,24,95,,111,110,16,41,7,20,0.3,0.7
2024-04-18T1900,1102A,123.5903,41.8411,沈阳市,东陵路,颗粒物(PM10),51,51,66,17,29,84,,112,109,18,31,11,20,0.6,0.9
2024-04-18T1900,1103A,123.4264,41.8467,沈阳市,陵东街,,44,44,63,11,21,82,,105,103,26,33,7,12,0.6,0.8
2024-04-18T1900,1104A,123.4114,41.7653,沈阳市,文化路,,46,46,69,11,28,95,,113,112,16,26,6,17,0.3,0.6
2024-04-18T1900,1105A,123.4678,41.7867,沈阳市,小河沿,颗粒物(PM10),51,52,69,10,23,90,,107,106,18,33,8,13,0.5,0.8
2024-04-18T1900,1106A,123.4017,41.7972,沈阳市,太原街,颗粒物(PM10),57,64,62,20,28,83,,106,104,29,31,9,18,0.4,0.7
2024-04-18T1900,1108A,123.3783,41.9228,沈阳市,京沈街,颗粒物(PM10),58,66,73,8,25,79,,106,104,28,25,12,17,0.3,0.5
2024-04-18T1900,2897A,123.2444,41.7347,沈阳市,沈辽西路,颗粒物(PM10),61,71,82,16,28,78,,104,101,30,30,8,15,0.5,0.8
2024-04-18T1900,2900A,123.5953,41.9086,沈阳市,裕农路,颗粒物(PM10),52,54,64,22,26,86,,113,110,24,27,10,15,0.6,0.8
2024-04-18T1900,2428A,111.0419,32.395,十堰市,武当山,,50,50,33,25,16,142,,146,142,11,8,10,13,0.8,0.7
2024-04-18T1900,2429A,110.78,32.6494,十堰市,滨河新村,颗粒物(PM10),61,71,52,34,29,139,,132,132,18,29,10,10,0.7,0.6
2024-04-18T1900,2430A,110.7258,32.6389,十堰市,刘家沟,颗粒物(PM10),63,75,53,20,16,142,,132,132,13,15,10,9,0.4,0.4
2024-04-18T1900,2431A,110.8839,32.5714,十堰市,铁二处,颗粒物(PM10),57,64,39,24,22,158,,141,141,9,8,10,8,0.6,0.5
2024-04-18T1900,3545A,110.8054,32.8401,十堰市,郧阳区金沙路,颗粒物(PM10),54,58,38,28,21,124,,117,117,19,16,11,8,0.5,0.4
2024-04-18T1900,2709A,86.0497,44.2967,石河子市,艾青诗歌馆,,36,20,17,20,19,113,,106,106,1,9,8,8,0.4,0.5
2024-04-18T1900,2710A,86.0697,44.3075,石河子市,阳光学校,,36,26,22,1,12,115,,108,108,2,11,6,7,0.1,0.2
2024-04-18T1900,3442A,86.047,44.2331,石河子市,南区管委会,,35,14,15,2,7,111,,106,106,6,6,7,7,0.3,0.3
2024-04-18T1900,1029A,114.4422,38.0444,石家庄市,职工医院,细颗粒物(PM2.5),128,175,136,97,59,211,,202,202,24,41,8,8,1.1,1
2024-04-18T1900,1030A,114.6063,38.0266,石家庄市,高新区,细颗粒物(PM2.5),109,158,142,82,67,192,,195,195,18,35,5,4,1.1,0.8
2024-04-18T1900,1031A,114.4898,38.1328,石家庄市,西北水源,颗粒物(PM10),112,173,136,81,66,199,,185,185,24,37,9,6,0.9,0.8
2024-04-18T1900,1032A,114.4586,38.0058,石家庄市,西南高教,细颗粒物(PM2.5),104,151,136,78,58,206,,205,205,17,32,5,6,0.9,0.8
2024-04-18T1900,1033A,114.5331,38.0178,石家庄市,世纪公园,细颗粒物(PM2.5),109,165,132,82,56,183,,189,189,18,33,8,6,1.0,0.8
2024-04-18T1900,1034A,114.509,38.0457,石家庄市,人民会堂,细颗粒物(PM2.5),108,137,124,81,66,199,,190,190,18,37,6,6,0.9,0.8
2024-04-18T1900,1035A,114.3524,37.8911,石家庄市,封龙山,颗粒物(PM10),110,170,60,73,52,217,,201,201,21,21,12,12,1.1,1
2024-04-18T1900,2862A,114.5481,38.0378,石家庄市,22中南校区,颗粒物(PM10),105,159,146,71,59,200,,199,199,16,36,7,5,1.1,0.8
2024-04-18T1900,3456A,114.289,38.0906,石家庄市,鹿泉一中,颗粒物(PM10),122,193,148,85,68,220,,199,199,27,26,6,9,0.8,0.9
2024-04-18T1900,3573A,114.8506765,38.0322033,石家庄市,藁城区实验学校,细颗粒物(PM2.5),107,154,142,80,70,179,,191,189,20,32,12,9,1.1,0.7
2024-04-18T1900,3574A,114.0504658,38.0591645,石家庄市,井陉矿区区委大楼,颗粒物(PM10),111,171,148,56,52,191,,198,198,30,47,8,13,0.6,0.7
2024-04-18T1900,4024A,114.6549,37.9020,石家庄市,栾城区星河路,颗粒物(PM10),99,148,133,71,66,184,,196,196,15,31,9,6,1.2,0.9
2024-04-18T1900,1947A,106.3394,38.817,石嘴山市,沙湖旅游区,,48,,124,33,58,97,,134,133,7,29,11,21,0.5,1.3
2024-04-18T1900,1948A,106.3668,39.0145,石嘴山市,大武口朝阳西街,,31,25,118,13,34,99,,125,125,14,32,30,32,0.4,0.8
2024-04-18T1900,1949A,106.7704,39.2282,石嘴山市,惠农南大街,细颗粒物(PM2.5),73,,124,53,43,96,,133,132,22,33,26,19,0.7,0.7
2024-04-18T1900,1950A,106.7099,39.1325,石嘴山市,红果子镇惠新街,,,32,111,,43,91,,129,124,21,29,10,12,0.5,0.5
2024-04-18T1900,3520A,106.3495,38.9836,石嘴山市,妇女儿童医院,,49,49,93,17,30,106,,126,126,16,27,11,21,0.5,0.8
2024-04-18T1900,3521A,106.7492,39.2069,石嘴山市,石大公路,颗粒物(PM10),213,359,158,63,49,82,,130,127,28,36,23,12,0.6,0.5
2024-04-18T1900,2248A,131.1511,46.6937,双鸭山市,双合村,,34,34,85,16,35,46,,63,62,16,20,12,30,0.2,0.9
2024-04-18T1900,2249A,131.1652,46.6191,双鸭山市,南小市,,34,34,58,16,32,46,,63,62,13,16,7,8,0.2,0.3
2024-04-18T1900,2250A,131.1524,46.6554,双鸭山市,环保局,,40,40,63,28,32,43,,62,60,16,23,6,13,0.4,0.5
2024-04-18T1900,2251A,131.12,46.5656,双鸭山市,苗圃,,39,30,27,27,23,55,,68,66,12,9,5,6,0.4,0.3
2024-04-18T1900,2166A,112.4397,39.3522,朔州市,平朔,臭氧1小时,78,98,107,44,30,182,,147,147,21,41,13,20,0.8,0.6
2024-04-18T1900,2167A,112.4575,39.3617,朔州市,朔唯,颗粒物(PM10),81,112,134,38,30,182,,144,144,14,41,13,21,0.7,0.6
2024-04-18T1900,2168A,112.4258,39.3197,朔州市,区政府,臭氧1小时,89,107,100,45,35,191,,153,153,17,34,13,17,0.8,0.8
2024-04-18T1900,2169A,112.4072,39.3278,朔州市,市环保局,臭氧1小时,102,111,101,41,28,203,,159,159,18,38,16,20,0.7,0.6
2024-04-18T1900,2170A,112.4272,39.3681,朔州市,市二中,臭氧1小时,90,118,131,42,31,192,,154,154,18,40,14,22,0.7,0.6
2024-04-18T1900,3571A,112.2931,39.53,朔州市,一水厂,颗粒物(PM10),96,142,121,48,31,195,,162,162,28,43,12,14,0.5,0.4
2024-04-18T1900,2225A,124.4002,43.1713,四平市,一商场,颗粒物(PM10),61,72,61,21,26,92,,106,106,21,25,6,7,0.2,0.3
2024-04-18T1900,2226A,124.388,43.193,四平市,境园,,41,41,56,20,23,94,,111,110,8,18,5,9,0.2,0.4
2024-04-18T1900,3486A,124.4036,43.1411,四平市,植物园,,48,48,59,20,21,92,,107,107,15,25,15,7,0.1,0.3
2024-04-18T1900,3713A,124.3419,43.1666,四平市,世纪城,,,,55,,26,,,105,,,16,,7,,0.3
2024-04-18T1900,2233A,124.8006,45.1214,松原市,江南,,39,39,68,21,31,96,,95,95,16,13,4,7,0.4,0.4
2024-04-18T1900,2234A,124.7965,45.1722,松原市,江北,颗粒物(PM10),51,51,61,30,31,90,,93,93,13,12,6,6,0.4,0.5
2024-04-18T1900,1160A,120.561,31.2472,苏州市,上方山,颗粒物(PM10),63,76,76,23,20,114,,118,118,32,32,9,8,0.5,0.8
2024-04-18T1900,1162A,120.591,31.3019,苏州市,彩香,颗粒物(PM10),72,93,104,32,35,100,,107,107,40,37,8,8,0.7,1
2024-04-18T1900,1163A,120.596,31.3264,苏州市,轧钢厂,颗粒物(PM10),60,69,96,19,30,60,,111,107,81,47,6,6,0.7,1
2024-04-18T1900,1164A,120.613,31.2703,苏州市,吴中区,颗粒物(PM10),61,72,101,21,32,96,,113,113,56,39,8,9,0.6,0.9
2024-04-18T1900,1165A,120.543,31.2994,苏州市,苏州新区,颗粒物(PM10),67,84,100,27,34,109,,122,122,49,49,8,9,0.5,0.8
2024-04-18T1900,1166A,120.669,31.3097,苏州市,苏州工业园区,颗粒物(PM10),65,80,99,34,33,97,,110,108,44,36,11,10,0.6,0.9
2024-04-18T1900,1167A,120.641,31.3708,苏州市,相城区,颗粒物(PM10),58,66,102,17,35,88,,113,112,42,27,9,12,0.5,1
2024-04-18T1900,3289A,120.743,31.3188,苏州市,方洲路,颗粒物(PM10),52,53,86,19,28,75,,112,110,44,29,6,9,0.6,1.1
2024-04-18T1900,3290A,120.5031,31.2774,苏州市,木渎中学,颗粒物(PM10),51,52,78,22,24,76,,126,125,38,40,7,8,0.7,0.9
2024-04-18T1900,3425A,120.624,31.1733,苏州市,越秀幼儿园,颗粒物(PM10),78,105,99,35,34,99,,113,113,42,33,10,8,0.8,0.8
2024-04-18T1900,3431A,120.6505,31.416,苏州市,高铁新城,颗粒物(PM10),55,60,99,17,31,84,,116,115,50,39,6,10,0.5,1
2024-04-18T1900,1220A,118.293,33.9528,宿迁市,宿迁学院,颗粒物(PM10),84,117,163,32,45,148,,155,155,14,25,5,5,0.5,0.5
2024-04-18T1900,1221A,118.2442,33.9592,宿迁市,宿迁中学,颗粒物(PM10),85,119,148,35,44,143,,152,152,14,24,8,6,0.7,0.6
2024-04-18T1900,2996A,118.283,33.965,宿迁市,市供电局,颗粒物(PM10),86,122,138,32,28,133,,148,148,14,16,4,3,0.6,0.9
2024-04-18T1900,3191A,118.3225,33.9447,宿迁市,宿豫区政府,颗粒物(PM10),86,122,151,32,45,138,,153,153,18,21,9,7,0.4,0.4
2024-04-18T1900,3187A,116.9509,33.666,宿州市,远航博物馆,颗粒物(PM10),93,135,138,46,47,160,,156,156,9,16,8,6,0.3,0.5
2024-04-18T1900,3463A,116.9708,33.591,宿州市,社会福利中心,颗粒物(PM10),93,136,136,42,40,144,,151,151,12,24,8,5,0.4,0.4
2024-04-18T1900,3634A,116.9884,33.6305,宿州市,宿州学院,颗粒物(PM10),104,157,157,39,41,148,,150,150,12,17,10,7,0.6,0.6
2024-04-18T1900,3701A,116.9648,33.6252,宿州市,皖北煤电集团,颗粒物(PM10),93,136,138,48,42,148,,150,150,13,15,11,8,0.7,0.5
2024-04-18T1900,2266A,126.9785,46.6365,绥化市,人和东街,,24,24,42,12,21,70,,101,96,12,15,10,10,0.4,0.4
2024-04-18T1900,2267A,126.964,46.6528,绥化市,党政办公中心,,27,27,43,18,31,71,,102,94,11,14,9,10,0.4,0.4
2024-04-18T1900,2451A,113.3583,31.7275,随州市,市委党校,,46,46,56,22,26,122,,128,128,11,20,7,8,0.8,0.7
2024-04-18T1900,2452A,113.3833,31.6908,随州市,市林业局,,44,32,47,18,24,140,,137,137,5,12,7,9,0.6,0.5
2024-04-18T1900,2453A,113.3983,31.7308,随州市,市立交桥水厂,,44,35,48,20,25,139,,133,133,9,21,8,9,0.7,0.6
2024-04-18T1900,2527A,105.5453,30.5678,遂宁市,石溪浩,,31,31,53,20,24,47,,43,43,6,19,6,7,0.5,0.6
2024-04-18T1900,2528A,105.5582,30.5232,遂宁市,市监测站,,23,23,49,12,25,42,,49,49,18,27,8,9,0.4,0.5
2024-04-18T1900,2529A,105.5861,30.5366,遂宁市,行政中心,,24,24,46,14,24,51,,51,51,12,21,6,12,0.6,0.6
2024-04-18T1900,2530A,105.5918,30.4728,遂宁市,美宁食品公司,,29,29,46,11,21,41,,51,51,17,27,10,12,0.5,0.5
2024-04-18T1900,2706A,82.9994,46.7432,塔城地区,东门外小游园,,39,39,33,8,10,64,,53,53,3,8,6,6,0.0,0.1
2024-04-18T1900,1255A,121.273,28.6459,台州市,黄岩环保大楼,颗粒物(PM10),66,81,28,17,13,114,,138,138,21,17,8,8,0.3,0.4
2024-04-18T1900,1256A,121.419,28.6542,台州市,台州环保大楼,颗粒物(PM10),102,153,35,16,12,94,,133,131,21,16,6,6,0.3,0.4
2024-04-18T1900,1257A,121.377,28.5773,台州市,路桥田洋王,,,115,19,20,8,95,,137,135,24,18,6,6,,0.2
2024-04-18T1900,3564A,121.2568,28.6681,台州市,台州科技职业学院,颗粒物(PM10),62,73,23,12,9,108,,134,134,24,20,6,6,0.3,0.4
2024-04-18T1900,1081A,112.522,37.8873,太原市,尖草坪,颗粒物(PM10),108,165,143,73,50,213,,195,195,26,65,13,12,0.7,0.7
2024-04-18T1900,1083A,112.434,38.0108,太原市,上兰,,,,,,,,,,,,,,,,
2024-04-18T1900,1084A,112.469,37.7124,太原市,晋源,细颗粒物(PM2.5),114,,90,86,55,198,,192,192,31,49,12,13,0.8,0.7
2024-04-18T1900,1085A,112.5583,37.7394,太原市,小店,颗粒物(PM10),122,194,138,64,50,208,,196,196,28,72,10,13,0.8,0.8
2024-04-18T1900,1086A,112.5369,37.8692,太原市,桃园,细颗粒物(PM2.5),127,170,128,96,57,214,,194,194,27,57,11,13,0.7,0.9
2024-04-18T1900,1087A,112.57,37.8195,太原市,坞城,细颗粒物(PM2.5),135,188,136,103,63,216,,198,198,23,66,10,13,0.8,1
2024-04-18T1900,1088A,112.549,37.9854,太原市,南寨,细颗粒物(PM2.5),105,124,101,79,55,207,,192,192,27,51,15,15,0.7,0.9
2024-04-18T1900,3618A,112.4719,37.7831,太原市,金胜,颗粒物(PM10),126,201,113,72,46,214,,200,200,24,34,10,10,0.7,0.7
2024-04-18T1900,4010A,112.5608,37.8807,太原市,育英中学,颗粒物(PM10),115,179,126,76,51,213,,195,195,26,59,11,13,0.8,0.8
2024-04-18T1900,1656A,117.1437,36.1937,泰安市,监测站,臭氧1小时,77,100,130,33,38,181,,180,180,25,26,12,12,0.6,0.5
2024-04-18T1900,1657A,117.0885,36.2017,泰安市,人口学校,臭氧1小时,88,80,119,37,38,190,,184,184,15,19,13,12,0.7,0.6
2024-04-18T1900,1658A,117.1089,36.1758,泰安市,电力学校,臭氧1小时,82,95,130,35,39,185,,186,186,20,31,13,13,0.7,0.6
2024-04-18T1900,3502A,117.1812,36.2275,泰安市,国网新校,臭氧1小时,83,83,121,31,36,186,,184,184,15,19,11,10,0.6,0.6
2024-04-18T1900,3503A,117.0313,36.2018,泰安市,交通技校,臭氧1小时,77,81,108,34,40,181,,185,185,20,36,14,12,0.5,0.4
2024-04-18T1900,3504A,117.0829,36.13,泰安市,山东第一医科大学,颗粒物(PM10),75,100,127,38,42,174,,177,177,25,30,13,15,0.5,0.4
2024-04-18T1900,1206A,119.905,32.4878,泰州市,公园路,颗粒物(PM10),80,110,110,36,26,156,,158,158,20,24,11,11,0.5,0.5
2024-04-18T1900,1207A,119.9189,32.4625,泰州市,莲花,颗粒物(PM10),73,95,104,34,26,144,,146,146,21,24,9,9,0.5,0.4
2024-04-18T1900,1209A,119.888,32.4639,泰州市,留学生创业园,颗粒物(PM10),84,118,111,39,28,152,,150,150,20,26,9,10,0.4,0.5
2024-04-18T1900,2997A,119.8767,32.3289,泰州市,王营,颗粒物(PM10),64,78,96,29,28,147,,144,144,17,31,8,7,0.5,0.5
2024-04-18T1900,3295A,120.1259,32.5099,泰州市,姜堰区政府广场,颗粒物(PM10),68,86,121,36,37,142,,166,166,12,20,10,10,0.5,0.5
2024-04-18T1900,3435A,119.9192,32.4322,泰州市,周山河街区,颗粒物(PM10),74,98,100,43,29,140,,149,149,26,24,11,10,0.4,0.4
2024-04-18T1900,1037A,118.131,39.6363,唐山市,雷达站,颗粒物(PM10),83,116,123,40,45,133,,143,143,22,39,7,10,0.9,0.9
2024-04-18T1900,1038A,118.1725,39.6334,唐山市,物资局,颗粒物(PM10),87,124,128,43,43,127,,135,135,10,33,3,8,0.5,0.7
2024-04-18T1900,1040A,118.1705,39.6506,唐山市,十二中,颗粒物(PM10),87,123,128,41,41,125,,133,133,14,41,3,12,0.5,0.8
2024-04-18T1900,1041A,118.1869,39.622,唐山市,小山,颗粒物(PM10),89,128,134,33,44,124,,132,132,12,42,2,9,0.5,0.8
2024-04-18T1900,3457A,118.4359,39.2762,唐山市,冀东油田职工医院,颗粒物(PM10),81,112,139,29,48,120,,151,150,12,26,6,11,0.2,0.6
2024-04-18T1900,3575A,118.09279,39.58089,唐山市,正泰大街热力站,颗粒物(PM10),98,145,127,40,38,119,,138,138,14,28,4,5,0.8,0.7
2024-04-18T1900,3576A,118.1562,39.8322,唐山市,丰润区政府,,,,150,41,46,115,,138,135,27,52,8,10,0.7,0.8
2024-04-18T1900,3577A,118.43673,39.73809,唐山市,金山小学,颗粒物(PM10),88,126,131,28,32,121,,130,130,15,30,5,15,0.5,1
2024-04-18T1900,3578A,118.24498,39.66941,唐山市,政府服务中心,颗粒物(PM10),80,110,128,36,47,124,,134,134,16,52,6,17,0.4,0.9
2024-04-18T1900,3692A,118.2059,39.6585,唐山市,消防缸窑路中队,颗粒物(PM10),85,120,137,35,37,133,,140,140,16,46,4,18,0.4,0.8
2024-04-18T1900,3693A,118.1436,39.6202,唐山市,路南电大,颗粒物(PM10),99,148,132,41,41,125,,136,136,25,46,3,7,0.7,0.8
2024-04-18T1900,1015A,117.1444,39.1661,天津市,勤俭道,颗粒物(PM10),95,140,158,52,65,186,,207,207,29,30,17,14,1.2,0.9
2024-04-18T1900,1017A,117.237,39.1082,天津市,大直沽八号路,颗粒物(PM10),90,129,173,48,74,156,,197,197,29,30,15,11,1.2,0.7
2024-04-18T1900,1018A,117.202,39.0927,天津市,前进道,颗粒物(PM10),91,131,158,42,61,181,,199,199,25,35,14,12,1.1,0.9
2024-04-18T1900,1019A,117.1837,39.2133,天津市,淮河道,颗粒物(PM10),108,166,178,59,73,184,,211,211,33,31,14,11,1.2,0.8
2024-04-18T1900,1021A,117.307,39.0877,天津市,跃进路,颗粒物(PM10),77,104,170,33,71,162,,213,213,21,33,13,12,0.9,0.8
2024-04-18T1900,1023A,117.707,39.0343,天津市,第四大街,颗粒物(PM10),74,98,152,34,62,90,,157,156,61,59,7,9,0.5,0.8
2024-04-18T1900,1024A,117.457,38.8394,天津市,永明路,颗粒物(PM10),83,116,158,51,64,158,,189,189,25,41,8,9,0.5,0.8
2024-04-18T1900,1026A,117.764,39.1587,天津市,汉北路,颗粒物(PM10),68,85,166,27,57,142,,178,178,25,60,10,13,0.6,1
2024-04-18T1900,1027A,117.157,38.9194,天津市,团泊洼,臭氧1小时,94,,121,63,64,195,,219,219,23,23,10,10,1.0,0.9
2024-04-18T1900,2858A,117.7918,39.2474,天津市,河西一经路,颗粒物(PM10),61,72,148,17,59,140,,179,179,16,39,6,11,0.3,0.8
2024-04-18T1900,2859A,117.3747,38.9846,天津市,津沽路,颗粒物(PM10),76,102,162,36,60,149,,189,183,24,38,8,9,0.5,0.7
2024-04-18T1900,2860A,117.1589,39.0845,天津市,宾水西道,颗粒物(PM10),103,155,154,46,60,183,,195,195,16,30,11,10,0.9,0.8
2024-04-18T1900,2922A,117.1941,39.1067,天津市,大理道,颗粒物(PM10),91,131,164,44,64,179,,200,200,24,32,12,10,0.9,0.6
2024-04-18T1900,3020A,117.2101,39.1699,天津市,中山北路,颗粒物(PM10),96,142,166,43,56,176,,208,208,29,29,14,11,1.0,0.8
2024-04-18T1900,3051A,117.3876,39.1488,天津市,西四道,颗粒物(PM10),72,94,151,28,61,129,,186,186,30,44,7,9,0.6,1.1
2024-04-18T1900,3325A,117.0365,39.3828,天津市,雍阳西道,颗粒物(PM10),114,177,169,76,65,200,,202,202,46,35,12,11,1.0,0.6
2024-04-18T1900,3326A,117.0296,39.0605,天津市,辛老路,颗粒物(PM10),123,195,172,62,71,198,,206,206,26,35,10,10,0.7,0.6
2024-04-18T1900,3327A,116.9638,38.9375,天津市,地纬路,颗粒物(PM10),99,148,166,58,70,190,,205,205,26,31,10,10,0.6,0.6
2024-04-18T1900,3460A,117.4067,40.0583,天津市,北环路,颗粒物(PM10),88,126,110,33,42,149,,182,174,24,25,14,11,0.6,0.6
2024-04-18T1900,3461A,117.3045,39.7169,天津市,建设路,颗粒物(PM10),77,103,133,25,58,139,,176,176,23,53,11,13,0.7,0.8
2024-04-18T1900,3462A,117.8199,39.3521,天津市,滨水东路,颗粒物(PM10),66,81,139,15,49,119,,154,152,32,46,10,13,0.6,0.8
2024-04-18T1900,2649A,106.0055,34.343,天水市,麦积山,,,,,,,,,,,,,,,,
2024-04-18T1900,2650A,105.7205,34.5786,天水市,公园小学,,43,30,37,30,22,71,,85,79,21,18,9,8,0.7,0.6
2024-04-18T1900,2651A,105.8945,34.5538,天水市,麦积国土局,,42,42,49,25,20,77,,95,85,16,15,7,6,0.7,0.6
2024-04-18T1900,2216A,123.8139,42.3022,铁岭市,汇工街西,颗粒物(PM10),51,51,62,15,24,93,,110,108,12,27,10,16,0.3,0.5
2024-04-18T1900,2217A,123.8649,42.2923,铁岭市,水上乐园,,44,44,59,19,24,93,,112,110,16,28,8,11,0.3,0.5
2024-04-18T1900,2218A,123.8486,42.2867,铁岭市,银州路东段,,46,46,62,17,23,89,,108,106,16,29,4,9,0.3,0.5
2024-04-18T1900,2219A,123.7153,42.2217,铁岭市,金沙江路北,,46,46,64,17,29,82,,103,101,14,31,10,17,0.4,0.7
2024-04-18T1900,2229A,125.9358,41.7173,通化市,光明,颗粒物(PM10),68,85,63,43,24,151,,153,153,21,25,14,10,0.6,0.6
2024-04-18T1900,2230A,125.9446,41.7325,通化市,铁路,颗粒物(PM10),68,85,58,47,22,147,,151,151,17,24,12,13,0.6,0.6
2024-04-18T1900,2191A,122.2532,43.6801,通辽市,艺术职业学校,,47,47,71,13,34,101,,109,109,11,15,4,7,0.1,0.2
2024-04-18T1900,3706A,122.2584,43.6333,通辽市,老干部活动中心,,50,50,78,27,29,84,,90,90,15,15,4,8,0.0,0.1
2024-04-18T1900,3708A,122.2922,43.6189,通辽市,东方明珠社区,颗粒物(PM10),63,76,80,36,41,87,,94,94,18,20,6,9,0.1,0.2
2024-04-18T1900,1922A,109.0656,35.0994,铜川市,党校,,,,,,,,,,,,,,,,
2024-04-18T1900,1923A,109.0697,35.0697,铜川市,王益区政府,颗粒物(PM10),64,78,68,29,30,120,,124,124,11,22,7,6,0.3,0.4
2024-04-18T1900,1924A,108.9344,34.9058,铜川市,新区管委会,颗粒物(PM10),62,74,71,23,27,132,,129,129,15,25,8,8,0.4,0.5
2024-04-18T1900,3651A,108.9543,34.8732,铜川市,旺旺集团,颗粒物(PM10),72,93,77,29,30,119,,136,135,27,25,4,4,0.5,0.6
2024-04-18T1900,2285A,117.8177,30.9412,铜陵市,市第四中学,,48,48,49,5,18,109,,113,113,14,18,6,7,0.5,0.8
2024-04-18T1900,2286A,117.8059,30.9273,铜陵市,市公路局,颗粒物(PM10),56,62,56,29,27,104,,109,109,18,17,4,5,0.7,0.9
2024-04-18T1900,2287A,117.7807,30.9413,铜陵市,市新民污水厂,,46,46,56,18,25,113,,117,117,12,24,9,10,0.5,0.7
2024-04-18T1900,2288A,117.7439,30.8792,铜陵市,市第九中学,颗粒物(PM10),52,54,72,16,28,82,,77,77,25,34,4,6,0.5,0.8
2024-04-18T1900,2289A,117.846,30.9413,铜陵市,车站新区,,50,50,57,19,28,113,,115,115,14,17,4,4,0.1,0.4
2024-04-18T1900,2290A,117.8483,30.97,铜陵市,市职教基地,颗粒物(PM10),53,56,59,15,25,112,,120,120,11,16,4,5,0.6,0.8
2024-04-18T1900,2585A,109.1839,27.7344,铜仁市,铜仁卫校,,37,37,33,5,10,76,,87,77,10,7,1,1,0.2,0.2
2024-04-18T1900,2586A,109.1753,27.6944,铜仁市,铜仁七中,,25,25,19,7,7,75,,97,86,11,7,2,2,0.4,0.3
2024-04-18T1900,2686A,89.1904,42.9418,吐鲁番市,市环保局,,41,41,293,13,55,104,,92,92,11,13,6,6,0.5,0.5
2024-04-18T1900,2687A,89.1673,42.9559,吐鲁番市,地区环保局,,,48,225,20,54,100,,95,95,,16,,5,0.5,0.6
2024-04-18T1900,1662A,122.1214,37.4236,威海市,华夏技校,颗粒物(PM10),82,114,108,26,35,116,,185,174,32,18,6,5,0.4,0.3
2024-04-18T1900,1663A,122.0508,37.5236,威海市,山大分校,颗粒物(PM10),94,137,121,34,30,123,,185,174,35,18,12,11,0.6,0.5
2024-04-18T1900,1664A,122.1067,37.5072,威海市,市监测站,,,137,122,27,29,102,,184,169,,26,8,8,,0.5
2024-04-18T1900,1982A,122.0693,37.2174,威海市,文登开发区,颗粒物(PM10),95,140,110,46,33,165,,195,195,20,20,12,10,0.5,0.3
2024-04-18T1900,3505A,122.1379,37.3414,威海市,临港区管委会,颗粒物(PM10),92,134,112,35,27,149,,201,197,28,17,9,8,0.6,0.4
2024-04-18T1900,1650A,119.1437,36.7023,潍坊市,环保局,臭氧1小时,103,134,146,46,43,206,,210,210,26,35,14,13,0.7,0.7
2024-04-18T1900,2877A,119.1641,36.6523,潍坊市,坊子邮政,颗粒物(PM10),104,158,142,53,42,197,,211,211,33,38,12,12,0.6,0.5
2024-04-18T1900,3178A,119.0587,36.721,潍坊市,潍坊七中,臭氧1小时,101,136,137,52,41,202,,206,206,21,29,11,11,0.6,0.5
2024-04-18T1900,3368A,119.1977,36.6872,潍坊市,高新实验学校,颗粒物(PM10),96,141,141,54,46,193,,210,210,29,35,21,14,0.9,0.5
2024-04-18T1900,3416A,119.1755,36.7149,潍坊市,潍坊学院,颗粒物(PM10),98,146,146,49,40,195,,202,202,28,34,12,12,1.1,0.8
2024-04-18T1900,3861A,119.2041,36.7699,潍坊市,寒亭区实验一小,颗粒物(PM10),91,132,143,48,45,191,,216,213,28,43,13,16,0.6,0.8
2024-04-18T1900,1938A,109.5293,34.5101,渭南市,农科所,,,,,,,,,,,,,,,,
2024-04-18T1900,1939A,109.4974,34.4877,渭南市,日报社,颗粒物(PM10),68,85,73,28,37,108,,132,132,26,32,7,10,0.3,0.5
2024-04-18T1900,1940A,109.4636,34.493,渭南市,体育馆,颗粒物(PM10),71,92,82,22,33,98,,134,134,29,38,8,10,0.3,0.5
2024-04-18T1900,1941A,109.4259,34.5023,渭南市,高新一小,颗粒物(PM10),71,92,94,22,42,110,,136,136,18,31,7,9,0.5,0.7
2024-04-18T1900,1242A,120.634,28.0089,温州市,瓯海,颗粒物(PM10),58,66,32,40,25,125,,139,136,31,22,9,8,0.6,0.2
2024-04-18T1900,1243A,120.6748,27.9939,温州市,南浦,颗粒物(PM10),54,57,31,18,18,130,,139,139,23,20,5,4,0.5,0.5
2024-04-18T1900,1244A,120.76,27.9747,温州市,龙湾,,50,50,34,14,15,117,,127,127,27,26,5,4,0.4,0.6
2024-04-18T1900,1245A,120.6709,28.0167,温州市,市站,颗粒物(PM10),52,53,39,23,20,121,,132,132,32,23,8,7,0.6,0.6
2024-04-18T1900,3561A,120.6985,27.9251,温州市,茶山,颗粒物(PM10),54,58,31,20,21,127,,135,135,22,22,7,6,0.4,0.5
2024-04-18T1900,2610A,104.2533,23.3594,文山壮族苗族自治州,州水务局,颗粒物(PM10),51,52,53,32,40,131,,135,135,10,12,8,8,0.5,0.6
2024-04-18T1900,2611A,104.2319,23.3892,文山壮族苗族自治州,市便民服务中心,,,,54,,45,113,,123,123,19,16,7,7,0.4,0.5
2024-04-18T1900,2187A,106.8174,39.6973,乌海市,市林业局,颗粒物(PM10),113,176,104,46,29,128,,142,142,16,18,14,13,0.7,0.6
2024-04-18T1900,2188A,106.7907,39.6667,乌海市,中海勃湾学校,颗粒物(PM10),110,170,105,53,33,138,,145,145,13,25,13,18,0.6,0.6
2024-04-18T1900,3284A,106.813,39.7274,乌海市,海北新区,颗粒物(PM10),91,132,126,35,25,136,,142,142,17,18,14,20,0.5,0.4
2024-04-18T1900,3621A,106.8288,39.6778,乌海市,聚英学校,颗粒物(PM10),137,223,138,51,31,128,,144,144,19,23,17,19,0.7,0.6
2024-04-18T1900,2197A,113.1306,40.9923,乌兰察布市,集宁新区,颗粒物(PM10),57,64,39,25,16,133,,129,129,18,9,7,8,0.3,0.2
2024-04-18T1900,3034A,113.1076,41.0385,乌兰察布市,光明街小学,颗粒物(PM10),62,74,48,24,18,138,,137,137,15,13,12,14,0.4,0.3
2024-04-18T1900,3285A,113.1376,40.9509,乌兰察布市,北京八中,颗粒物(PM10),64,78,59,20,14,130,,132,132,16,13,11,11,0.3,0.2
2024-04-18T1900,3421A,113.1775,40.9779,乌兰察布市,市委党校,颗粒物(PM10),71,92,56,14,11,118,,130,130,31,13,10,18,0.4,0.4
2024-04-18T1900,1490A,87.5801,43.8303,乌鲁木齐市,监测站,,33,25,17,15,10,103,,95,95,11,15,4,6,0.3,0.5
2024-04-18T1900,1491A,87.6046,43.768,乌鲁木齐市,收费所,,31,19,15,10,8,98,,89,89,19,24,4,5,0.2,0.3
2024-04-18T1900,1492A,87.4754,43.9469,乌鲁木齐市,新疆农科院农场,,31,,11,17,12,99,,92,92,9,18,7,8,0.6,0.7
2024-04-18T1900,1493A,87.5525,43.8711,乌鲁木齐市,铁路局,,,,15,,8,,,103,103,11,16,3,4,0.3,0.5
2024-04-18T1900,1494A,87.6432,43.831,乌鲁木齐市,三十一中学,,,21,14,,8,94,,86,86,1,6,3,3,0.6,0.7
2024-04-18T1900,1496A,87.7216,44.1747,乌鲁木齐市,米东区环保局,,35,24,19,13,10,109,,100,100,2,4,7,6,0.2,0.2
2024-04-18T1900,3033A,87.4651,43.4569,乌鲁木齐市,培训基地,,34,14,6,2,2,108,,104,104,5,4,5,5,0.3,0.3
2024-04-18T1900,3437A,88.3118,43.3658,乌鲁木齐市,达坂城区环保局,,40,40,18,12,9,107,,97,97,5,5,6,6,0.2,0.2
2024-04-18T1900,3438A,87.6162,43.8801,乌鲁木齐市,红光山片区,,33,21,18,12,9,104,,94,94,9,16,4,5,0.3,0.4
2024-04-18T1900,3439A,87.7024,43.8004,乌鲁木齐市,新师大温泉校区,,36,25,15,20,9,115,,107,107,14,14,6,5,0.1,0.2
2024-04-18T1900,3440A,87.4921,43.8411,乌鲁木齐市,大绿谷,,37,16,16,10,9,118,,110,110,6,11,6,7,0.5,0.6
2024-04-18T1900,1188A,120.269,31.4867,无锡市,雪浪,颗粒物(PM10),81,112,99,39,34,147,,133,133,27,41,8,7,0.8,0.9
2024-04-18T1900,1189A,120.275,31.6219,无锡市,黄巷,颗粒物(PM10),73,95,113,29,38,34,,120,111,90,53,10,10,0.5,0.7
2024-04-18T1900,1190A,120.294,31.56,无锡市,曹张,颗粒物(PM10),74,98,104,34,39,105,,128,128,44,61,10,8,0.9,1
2024-04-18T1900,1191A,120.242,31.5031,无锡市,漆塘,颗粒物(PM10),73,95,92,36,35,134,,135,135,24,39,4,3,1.3,1.4
2024-04-18T1900,1192A,120.3489,31.5863,无锡市,东亭,颗粒物(PM10),67,83,109,27,39,88,,124,123,54,54,5,5,0.7,0.8
2024-04-18T1900,1193A,120.354,31.5475,无锡市,旺庄,颗粒物(PM10),68,85,106,31,39,86,,101,99,55,52,5,6,0.7,1.3
2024-04-18T1900,1194A,120.245,31.5631,无锡市,荣巷,颗粒物(PM10),80,110,98,36,33,107,,121,121,41,37,8,7,0.7,0.5
2024-04-18T1900,1195A,120.299,31.6817,无锡市,堰桥,颗粒物(PM10),73,95,101,29,35,110,,129,129,37,44,4,5,0.8,1.1
2024-04-18T1900,3428A,120.3142,31.4753,无锡市,华庄,颗粒物(PM10),77,103,82,33,30,139,,130,130,39,45,10,10,0.9,1
2024-04-18T1900,2677A,106.1532,37.9648,吴忠市,教育园区,,34,34,94,20,60,84,,92,80,11,27,8,11,0.5,0.5
2024-04-18T1900,2679A,106.1856,37.9956,吴忠市,新区二泵站,,28,28,93,19,34,88,,102,96,18,24,7,9,0.4,0.5
2024-04-18T1900,3648A,106.2112,37.9768,吴忠市,文卫南街,,45,45,79,16,29,88,,103,98,12,17,7,10,0.5,0.5
2024-04-18T1900,1794A,118.3606,31.3519,芜湖市,监测站,颗粒物(PM10),53,55,85,16,29,128,,136,136,28,31,9,9,0.5,1
2024-04-18T1900,1795A,118.3714,31.4134,芜湖市,科创中心,,46,46,97,12,30,127,,136,136,30,46,7,8,0.8,1
2024-04-18T1900,1796A,118.3673,31.3131,芜湖市,四水厂,颗粒物(PM10),64,78,87,15,25,135,,140,140,32,29,7,6,0.6,0.8
2024-04-18T1900,3328A,118.4209,31.3707,芜湖市,市气象局,颗粒物(PM10),51,51,86,21,24,130,,138,138,22,27,8,9,0.7,1
2024-04-18T1900,3465A,118.4781,31.3225,芜湖市,清苑社区,颗粒物(PM10),63,76,79,16,22,108,,132,131,47,39,7,7,0.5,0.7
2024-04-18T1900,3466A,118.2746,31.2326,芜湖市,扬子职业技术学院,颗粒物(PM10),56,62,64,16,21,131,,138,138,32,30,8,7,0.5,0.6
2024-04-18T1900,2495A,111.3014,23.4832,梧州市,市逸夫小学,,,44,45,10,20,,,105,105,11,15,7,7,0.8,0.6
2024-04-18T1900,2496A,111.3239,23.4794,梧州市,市十一中,,40,40,38,11,19,65,,90,87,26,29,7,7,0.6,0.6
2024-04-18T1900,2497A,111.247,23.4189,梧州市,龙圩,,31,31,42,15,28,77,,91,91,14,24,8,8,1.0,0.6
2024-04-18T1900,2498A,111.2711,23.4835,梧州市,龙新,,22,12,35,8,23,70,,95,95,21,23,7,10,0.6,0.5
2024-04-18T1900,2711A,87.5475,44.1756,五家渠市,农水大厦,,33,14,14,3,11,104,,94,94,2,4,6,8,0.3,0.3
2024-04-18T1900,3441A,87.546,44.1912,五家渠市,经开区管委会,,,,16,,9,,,91,91,2,5,5,6,0.2,0.4
2024-04-18T1900,1325A,114.3677,30.5584,武汉市,东湖梨园,,43,24,41,10,26,137,,145,145,11,16,8,9,0.4,0.5
2024-04-18T1900,1326A,114.2529,30.558,武汉市,汉阳月湖,,37,33,43,12,27,118,,135,135,21,19,7,6,0.7,0.6
2024-04-18T1900,1327A,114.282,30.6189,武汉市,汉口花桥,,42,42,46,20,27,129,,142,142,20,18,7,7,0.6,0.5
2024-04-18T1900,1328A,114.3025,30.5332,武汉市,武昌紫阳,,41,33,44,12,15,129,,140,140,22,23,8,8,0.7,0.8
2024-04-18T1900,1329A,114.3646,30.6217,武汉市,青山钢花,,42,38,48,29,32,129,,152,152,22,25,8,8,0.8,0.8
2024-04-18T1900,1330A,114.1566,30.4825,武汉市,沌口新区,,39,39,43,24,26,116,,131,131,24,23,8,7,0.7,0.7
2024-04-18T1900,1331A,114.3014,30.5944,武汉市,汉口江滩,,37,33,45,17,26,118,,128,128,28,25,7,7,0.6,0.6
2024-04-18T1900,1333A,114.135,30.6319,武汉市,吴家山,,40,40,43,22,25,124,,138,138,35,25,8,8,0.8,0.6
2024-04-18T1900,1334A,113.8454,30.2917,武汉市,沉湖七壕,,41,,32,23,20,130,,131,131,13,20,6,6,0.8,0.6
2024-04-18T1900,3153A,114.3877,30.4908,武汉市,民族大道182号,,40,26,39,14,27,128,,139,139,17,19,8,9,0.6,0.6
2024-04-18T1900,2652A,102.6201,37.9251,武威市,监测站,颗粒物(PM10),69,88,173,42,44,103,,109,109,10,13,3,6,0.3,0.4
2024-04-18T1900,3201A,102.6486,37.9325,武威市,东关招商场,颗粒物(PM10),72,94,195,39,45,115,,116,116,7,10,3,7,0.2,0.3
2024-04-18T1900,1462A,108.882,34.2749,西安市,高压开关厂,颗粒物(PM10),61,72,90,25,40,112,,125,125,22,45,5,7,0.3,0.7
2024-04-18T1900,1463A,108.993,34.2629,西安市,兴庆小区,颗粒物(PM10),83,116,87,22,28,114,,124,124,12,38,5,7,0.3,0.6
2024-04-18T1900,1464A,109.06,34.2572,西安市,纺织城,颗粒物(PM10),77,103,99,21,33,108,,112,112,10,37,7,9,0.3,0.5
2024-04-18T1900,1465A,108.9356,34.2173,西安市,小寨,颗粒物(PM10),71,92,91,20,32,107,,122,122,18,39,4,5,0.2,0.6
2024-04-18T1900,1466A,108.954,34.2713,西安市,市人民体育场,颗粒物(PM10),74,97,92,17,36,101,,123,123,19,38,3,6,0.3,0.5
2024-04-18T1900,1467A,108.8922,34.2322,西安市,高新西区,颗粒物(PM10),68,86,88,18,38,113,,129,129,15,40,4,6,0.4,0.7
2024-04-18T1900,1468A,108.935,34.3474,西安市,经开区,颗粒物(PM10),76,102,89,18,33,100,,119,119,23,40,4,6,0.3,0.5
2024-04-18T1900,1469A,108.906,34.1546,西安市,长安区,颗粒物(PM10),71,91,90,22,32,107,,115,115,9,38,3,4,0.3,0.5
2024-04-18T1900,1471A,109.2186,34.3731,西安市,临潼区,颗粒物(PM10),61,71,85,23,35,118,,120,120,11,27,5,7,0.3,0.5
2024-04-18T1900,1472A,108.869,34.378,西安市,草滩,颗粒物(PM10),71,92,90,18,29,101,,119,119,25,39,5,7,0.0,0.4
2024-04-18T1900,1473A,108.985,34.1978,西安市,曲江文化产业集团,颗粒物(PM10),75,99,113,24,34,110,,116,116,18,52,3,4,0.2,0.7
2024-04-18T1900,1474A,109.051,34.3213,西安市,广运潭,颗粒物(PM10),81,112,102,24,43,114,,44,,15,48,5,8,0.2,0.6
2024-04-18T1900,3524A,108.6116,34.1164,西安市,文体局,颗粒物(PM10),80,109,114,28,40,128,,139,139,29,32,6,5,0.6,0.5
2024-04-18T1900,3605A,109.09,34.5236,西安市,无线电监控中心,颗粒物(PM10),72,94,96,23,34,108,,135,135,16,31,3,6,0.5,0.6
2024-04-18T1900,1483A,101.524,36.6867,西宁市,第五水厂,,,,,,,,,,,,,,,,
2024-04-18T1900,3055A,101.7775,36.6428,西宁市,城北区政府,,27,27,52,16,25,74,,80,80,27,27,6,16,0.8,0.8
2024-04-18T1900,3629A,101.8305,36.5786,西宁市,世纪职校,,25,20,54,13,24,69,,89,86,49,40,6,14,0.5,0.6
2024-04-18T1900,3630A,101.7413,36.6397,西宁市,师大城西校区,,32,32,58,15,26,65,,79,78,40,32,3,12,0.8,1
2024-04-18T1900,2612A,100.7939,22.0019,西双版纳傣族自治州,景洪市江南,细颗粒物(PM2.5),59,65,43,42,31,92,,105,105,13,15,8,7,0.8,0.7
2024-04-18T1900,2613A,100.8017,22.0225,西双版纳傣族自治州,景洪市江北,颗粒物(PM10),70,89,42,26,21,62,,98,98,25,17,8,9,1.1,0.8
2024-04-18T1900,3606A,108.7108,34.46,西咸新区,北杜,颗粒物(PM10),65,80,87,22,33,105,,132,132,38,36,8,9,0.6,0.7
2024-04-18T1900,3607A,108.7096,34.2956,西咸新区,同德佳苑,颗粒物(PM10),70,90,100,10,34,105,,142,142,32,34,5,7,0.4,0.6
2024-04-18T1900,3608A,108.8558,34.4978,西咸新区,崇文塔,颗粒物(PM10),67,83,91,19,33,114,,140,140,25,31,3,4,0.6,0.7
2024-04-18T1900,2202A,116.1042,43.9317,锡林郭勒盟,市环保监测站,颗粒物(PM10),72,94,84,3,9,85,,88,87,2,6,9,17,0.2,0.2
2024-04-18T1900,2203A,116.0781,43.9311,锡林郭勒盟,市政府,颗粒物(PM10),88,125,72,2,5,87,,89,89,7,14,11,11,0.2,0.2
2024-04-18T1900,1286A,118.1608,24.8169,厦门市,溪东,,,,,,,,,,,,,,,,
2024-04-18T1900,1287A,118.1514,24.4767,厦门市,洪文,,30,30,36,16,26,65,,75,75,16,23,2,2,0.4,0.4
2024-04-18T1900,1288A,118.0661,24.4444,厦门市,鼓浪屿,,30,30,42,15,28,84,,93,93,19,27,2,4,0.9,0.8
2024-04-18T1900,2842A,118.0936,24.5058,厦门市,湖里中学,,41,41,49,18,28,68,,76,76,19,33,3,2,0.5,0.4
2024-04-18T1900,3527A,118.0958,24.5688,厦门市,集美中学,,34,25,38,11,22,108,,111,111,17,33,2,2,0.6,0.6
2024-04-18T1900,3528A,118.1493,24.7245,厦门市,同安二实小,,22,19,34,15,26,64,,60,60,15,23,2,2,0.6,0.5
2024-04-18T1900,2447A,114.3175,29.8142,咸宁市,森林公园,,26,26,23,9,17,73,,96,94,3,3,5,6,0.7,0.7
2024-04-18T1900,2448A,114.3107,29.8454,咸宁市,市发改委,,31,31,40,16,25,97,,104,103,6,9,6,6,0.7,0.7
2024-04-18T1900,2449A,114.2936,29.8566,咸宁市,咸安区政府,,33,33,40,20,26,88,,105,103,14,11,8,8,0.6,0.7
2024-04-18T1900,3655A,114.3375,29.8683,咸宁市,长江产业园,,31,31,42,17,26,91,,106,104,9,14,6,6,0.8,0.9
2024-04-18T1900,1918A,108.7197,34.3956,咸阳市,气象站,,,,,,,,,,,,,,,,
2024-04-18T1900,1919A,108.673,34.3155,咸阳市,实验中学,颗粒物(PM10),62,73,96,23,34,117,,144,144,23,33,8,10,0.4,0.6
2024-04-18T1900,1920A,108.7233,34.3617,咸阳市,师范学院,颗粒物(PM10),76,102,108,18,37,99,,122,122,22,31,9,10,0.5,0.7
2024-04-18T1900,3165A,108.6594,34.2969,咸阳市,两寺渡,颗粒物(PM10),72,93,112,35,41,101,,127,127,19,28,3,4,0.5,0.6
2024-04-18T1900,3525A,108.6396,34.4078,咸阳市,奥体中心,颗粒物(PM10),66,82,84,21,33,116,,134,134,22,30,5,7,0.5,0.6
2024-04-18T1900,1508A,112.9433,27.8614,湘潭市,板塘,细颗粒物(PM2.5),74,,59,54,50,64,,67,67,23,16,7,6,1.1,0.8
2024-04-18T1900,1511A,112.9118,27.8403,湘潭市,市监测站,细颗粒物(PM2.5),72,,59,52,50,46,,66,65,38,16,4,4,1.0,0.6
2024-04-18T1900,1512A,112.8937,27.8728,湘潭市,江麓,细颗粒物(PM2.5),54,52,62,38,46,52,,74,73,30,14,2,4,1.0,0.8
2024-04-18T1900,1513A,112.9227,27.8159,湘潭市,岳塘,,,,61,67,50,,,65,65,24,15,2,6,1.1,0.9
2024-04-18T1900,1514A,112.9074,27.9119,湘潭市,科大,,50,40,63,35,48,62,,71,71,22,15,4,5,1.0,0.8
2024-04-18T1900,1562A,113.0048,27.9153,湘潭市,昭山,,46,,54,32,45,42,,68,67,41,13,5,6,0.9,0.8
2024-04-18T1900,1564A,112.4876,27.9164,湘潭市,韶山,,46,46,55,27,21,37,,79,65,13,8,5,5,0.6,0.5
2024-04-18T1900,2492A,109.6414,28.2558,湘西土家族苗族自治州,跃进水库,,28,25,17,19,11,30,,37,36,2,2,3,3,0.1,0.1
2024-04-18T1900,2493A,109.7325,28.3169,湘西土家族苗族自治州,州政府,,43,41,31,30,20,56,,86,82,13,6,7,8,0.8,0.7
2024-04-18T1900,2494A,109.6958,28.2675,湘西土家族苗族自治州,吉首市计生局,,36,36,30,24,19,62,,85,80,10,12,8,9,0.7,0.4
2024-04-18T1900,2432A,112.155,32.0197,襄阳市,襄城运动路,颗粒物(PM10),55,59,69,22,28,130,,138,138,12,25,8,11,0.6,0.6
2024-04-18T1900,2433A,112.1392,32.0564,襄阳市,樊城新华路,颗粒物(PM10),52,53,72,23,31,132,,134,134,13,30,8,10,0.6,0.6
2024-04-18T1900,2434A,112.1825,32.1142,襄阳市,高新管委会,颗粒物(PM10),55,60,78,21,40,121,,124,124,19,36,10,11,0.7,0.8
2024-04-18T1900,2435A,112.2106,32.0903,襄阳市,襄州航空路,颗粒物(PM10),53,56,74,16,26,146,,141,141,13,30,9,10,0.4,0.6
2024-04-18T1900,3396A,112.0828,32.0067,襄阳市,襄城隆中路,,,,62,,29,133,,137,137,,19,,16,0.7,0.7
2024-04-18T1900,3397A,112.1214,32.1008,襄阳市,高新台子湾,颗粒物(PM10),61,72,83,14,23,136,,139,139,16,41,8,10,0.4,0.5
2024-04-18T1900,2443A,113.9153,30.9285,孝感市,文化路,颗粒物(PM10),51,52,66,30,28,145,,162,162,20,17,8,9,1.2,0.9
2024-04-18T1900,2444A,113.942,30.9075,孝感市,东城区,,47,47,55,30,29,147,,160,160,20,19,10,9,1.2,0.9
2024-04-18T1900,2181A,112.7383,38.4519,忻州市,开发区,颗粒物(PM10),90,129,100,50,47,178,,167,167,16,47,9,15,0.7,0.7
2024-04-18T1900,2182A,112.7003,38.4928,忻州市,会展中心,颗粒物(PM10),83,115,102,43,46,165,,173,173,17,45,10,12,0.5,0.6
2024-04-18T1900,3208A,112.7283,38.4153,忻州市,市政府,,,105,112,48,48,182,,200,198,,49,9,27,0.5,0.7
2024-04-18T1900,2389A,113.836,35.311,新乡市,环保西院,,,63,89,,38,153,,162,161,11,24,8,11,0.5,0.6
2024-04-18T1900,2390A,113.884,35.272,新乡市,开发区,颗粒物(PM10),62,73,89,24,36,142,,160,160,15,24,10,12,0.4,0.5
2024-04-18T1900,2391A,113.883,35.303,新乡市,环保东院,颗粒物(PM10),72,93,106,28,37,144,,158,158,17,29,7,11,0.5,0.6
2024-04-18T1900,3054A,113.9194,35.2847,新乡市,市委党校,颗粒物(PM10),71,92,98,24,32,132,,159,159,19,24,6,7,0.3,0.3
2024-04-18T1900,3475A,113.9188,35.3045,新乡市,市政府,颗粒物(PM10),58,66,98,21,32,142,,163,163,13,20,9,11,0.3,0.4
2024-04-18T1900,3476A,113.9135,35.3327,新乡市,河师大,颗粒物(PM10),68,85,110,34,41,152,,165,165,9,18,8,12,0.2,0.3
2024-04-18T1900,3689A,113.9003,35.372,新乡市,行政服务中心,颗粒物(PM10),66,82,111,34,36,144,,158,158,24,37,8,10,0.5,0.6
2024-04-18T1900,2352A,115.0861,27.9317,新余市,北岗,,,,,,,,,,,,,,,,
2024-04-18T1900,2353A,114.9886,27.8431,新余市,飞宇,,35,34,33,6,9,110,,134,134,18,15,8,10,0.8,0.8
2024-04-18T1900,2354A,114.9231,27.8246,新余市,第二水厂,,36,30,26,25,12,99,,126,126,19,12,11,9,0.6,0.6
2024-04-18T1900,2355A,114.9308,27.8036,新余市,市气象局,,39,39,27,24,17,103,,111,111,16,12,9,8,0.6,0.3
2024-04-18T1900,3206A,114.9149,27.807,新余市,新钢沁园村,,39,39,32,17,14,103,,120,120,17,15,10,11,0.8,0.7
2024-04-18T1900,2054A,114.1099,32.1059,信阳市,平桥分局,,43,43,47,15,22,123,,125,125,12,20,4,4,0.5,0.5
2024-04-18T1900,2064A,113.9956,32.1271,信阳市,南湾水厂,,49,49,57,26,23,129,,137,137,9,9,4,4,0.5,0.4
2024-04-18T1900,2065A,114.0775,32.1195,信阳市,市酿酒公司,,,35,54,25,26,122,,129,129,18,24,7,4,,0.5
2024-04-18T1900,2066A,114.0609,32.1399,信阳市,审计局,,41,37,51,28,26,130,,136,136,11,21,4,4,0.6,0.6
2024-04-18T1900,2200A,122.0392,46.0656,兴安盟,胜华新制药厂,,39,33,38,27,15,76,,90,87,11,7,1,2,0.1,0.2
2024-04-18T1900,2201A,121.9504,46.0741,兴安盟,科右前旗环保局,,37,37,37,16,17,88,,99,98,6,6,1,2,0.2,0.2
2024-04-18T1900,3035A,122.0931,46.0707,兴安盟,北滨河,,29,29,39,16,16,87,,102,101,7,6,2,2,0.2,0.2
2024-04-18T1900,1077A,114.4704,37.0886,邢台市,达活泉,颗粒物(PM10),70,89,120,34,53,145,,178,178,8,20,4,8,0.4,1
2024-04-18T1900,1078A,114.5062,37.0349,邢台市,邢师高专,颗粒物(PM10),70,89,125,24,46,131,,161,157,13,30,4,7,0.4,0.8
2024-04-18T1900,1079A,114.5237,37.0851,邢台市,路桥公司,颗粒物(PM10),73,95,119,25,46,143,,163,163,8,23,6,10,0.4,1
2024-04-18T1900,1080A,114.4725,37.0719,邢台市,市环保局,颗粒物(PM10),86,122,128,29,56,136,,163,163,10,24,6,11,0.2,0.7
2024-04-18T1900,3584A,115.8844,39.0341,雄安新区,容城县环境保护局,颗粒物(PM10),125,199,168,78,68,216,,218,218,30,33,7,11,0.8,0.6
2024-04-18T1900,3585A,115.8665,39.0645,雄安新区,河北容城中学,颗粒物(PM10),130,210,190,77,73,216,,208,208,33,34,7,10,0.6,0.6
2024-04-18T1900,3586A,115.923,38.9405,雄安新区,安新县民政局,颗粒物(PM10),120,189,175,74,61,205,,214,214,22,26,12,11,0.7,0.6
2024-04-18T1900,3587A,115.9324,38.9338,雄安新区,安新县电力局,颗粒物(PM10),118,185,166,84,75,216,,227,227,23,24,10,9,0.7,0.6
2024-04-18T1900,3588A,116.0901,38.9816,雄安新区,雄县环境保护局,颗粒物(PM10),115,180,176,62,59,211,,222,222,27,24,13,11,0.9,0.8
2024-04-18T1900,3589A,116.1105,39.0046,雄安新区,雄县国土资源局,颗粒物(PM10),142,233,177,59,58,191,,218,218,37,29,14,11,1.0,0.8
2024-04-18T1900,1177A,117.179,34.2761,徐州市,黄河新村,颗粒物(PM10),84,117,131,32,40,149,,161,161,16,28,8,11,0.5,0.5
2024-04-18T1900,1178A,117.1918,34.2384,徐州市,淮塔,颗粒物(PM10),85,119,126,34,37,140,,156,156,19,35,9,11,0.4,0.5
2024-04-18T1900,1180A,117.256,34.2153,徐州市,新城区,颗粒物(PM10),85,120,134,38,38,148,,157,157,21,47,9,10,0.5,0.5
2024-04-18T1900,1181A,117.244,34.2911,徐州市,桃园路,颗粒物(PM10),90,129,133,33,34,151,,160,160,14,32,8,10,0.5,0.7
2024-04-18T1900,1182A,117.2933,34.2778,徐州市,农科院,颗粒物(PM10),84,117,132,28,33,148,,160,160,16,37,7,9,0.5,0.5
2024-04-18T1900,3005A,117.1814,34.29,徐州市,鼓楼区政府,颗粒物(PM10),75,100,113,34,30,153,,165,165,15,23,8,10,0.4,0.5
2024-04-18T1900,3006A,117.1694,34.1781,徐州市,铜山区招生办,颗粒物(PM10),80,110,132,28,38,147,,158,158,16,45,9,14,0.7,0.7
2024-04-18T1900,3288A,117.4754,34.4422,徐州市,大泉街道,颗粒物(PM10),98,146,147,42,48,150,,160,160,16,27,10,12,0.5,0.6
2024-04-18T1900,2396A,113.8276,34.0159,许昌市,监测站,,50,50,85,25,28,108,,135,134,16,23,6,8,0.5,0.5
2024-04-18T1900,2398A,113.7906,33.9953,许昌市,开发区,,,54,85,28,27,,,140,140,17,20,,4,0.4,0.4
2024-04-18T1900,3134A,113.8172,34.0339,许昌市,市一中,,50,50,83,22,26,116,,137,137,14,19,4,6,0.5,0.4
2024-04-18T1900,3337A,113.8614,34.0442,许昌市,许昌学院,,45,45,83,28,28,115,,139,138,12,16,8,9,0.5,0.5
2024-04-18T1900,3338A,113.843,34.0823,许昌市,芙蓉广场,,43,43,74,21,21,120,,141,140,10,15,8,9,0.3,0.3
2024-04-18T1900,3597A,113.8134,34.1251,许昌市,建安区兴业大厦,,,42,88,23,31,,,143,143,15,18,6,6,,0.5
2024-04-18T1900,2316A,118.7581,30.9454,宣城市,鳌峰子站,颗粒物(PM10),51,51,44,10,22,121,,121,121,20,14,3,3,0.5,0.7
2024-04-18T1900,2317A,118.7385,30.9743,宣城市,敬亭山子站,颗粒物(PM10),58,66,46,13,21,101,,114,114,30,20,3,3,0.5,0.7
2024-04-18T1900,2318A,118.7173,30.9427,宣城市,开发区子站,颗粒物(PM10),57,63,46,8,20,120,,121,121,21,20,4,3,0.5,0.7
2024-04-18T1900,3470A,118.7724,30.9141,宣城市,夏渡子站,,45,45,44,8,15,112,,119,119,20,11,3,3,0.2,0.5
2024-04-18T1900,2554A,103.0475,30.02,雅安市,建安厂,,35,,16,24,13,63,,75,75,28,26,9,8,0.5,0.5
2024-04-18T1900,2555A,103.0111,29.9833,雅安市,市政府,,27,20,16,10,10,84,,88,88,24,15,7,6,0.5,0.5
2024-04-18T1900,2556A,102.9905,29.9775,雅安市,川农大,,22,22,16,13,9,66,,67,67,17,11,7,7,0.5,0.5
2024-04-18T1900,3700A,103.0456,29.9956,雅安市,康养中心,,,22,21,15,14,88,,104,102,9,8,8,8,,
2024-04-18T1900,1642A,121.2514,37.5639,烟台市,开发区,颗粒物(PM10),79,107,121,12,33,113,,160,152,19,35,12,12,0.5,0.6
2024-04-18T1900,1643A,121.3719,37.5433,烟台市,轴承厂,颗粒物(PM10),90,129,119,30,34,104,,164,152,30,22,10,10,0.4,0.4
2024-04-18T1900,1644A,121.3181,37.5436,烟台市,西郊化工站,颗粒物(PM10),84,117,123,14,31,112,,158,151,23,23,7,8,0.8,0.9
2024-04-18T1900,1645A,121.4478,37.4822,烟台市,莱山环保局,颗粒物(PM10),93,136,119,34,29,80,,164,144,60,22,11,11,0.9,0.8
2024-04-18T1900,1646A,121.2611,37.4967,烟台市,福山环保局,颗粒物(PM10),93,136,127,19,30,96,,159,151,38,34,12,9,0.6,0.5
2024-04-18T1900,3057A,121.5992,37.4014,烟台市,牟平检察院,,,,132,,31,,,170,170,38,19,10,15,,0.7
2024-04-18T1900,3366A,121.5206,37.4336,烟台市,中国农业大学,颗粒物(PM10),92,134,122,31,32,79,,167,154,60,23,11,10,0.6,0.5
2024-04-18T1900,1926A,109.4131,36.6275,延安市,枣园,颗粒物(PM10),60,69,71,15,27,137,,134,134,7,31,9,9,0.5,0.6
2024-04-18T1900,1927A,109.4761,36.6028,延安市,延大医附院,颗粒物(PM10),68,85,79,20,26,134,,132,132,8,34,5,4,0.4,0.5
2024-04-18T1900,1929A,109.5056,36.6106,延安市,百米大道,颗粒物(PM10),80,110,99,23,33,134,,129,129,10,42,3,7,0.5,0.7
2024-04-18T1900,3652A,109.4809,36.5786,延安市,西北局旧址,颗粒物(PM10),64,78,87,26,30,124,,131,131,23,39,5,5,0.5,0.7
2024-04-18T1900,2237A,129.47,42.8883,延边朝鲜族自治州,妇幼医院,,47,47,55,24,21,107,,122,122,16,17,5,6,0.6,0.6
2024-04-18T1900,2238A,129.5055,42.9108,延边朝鲜族自治州,延边医院,颗粒物(PM10),57,64,49,22,15,104,,118,118,18,21,8,8,0.6,0.6
2024-04-18T1900,2239A,129.3964,42.8881,延边朝鲜族自治州,朝阳川镇医院,颗粒物(PM10),54,57,43,25,14,103,,124,124,22,15,20,5,0.4,0.4
2024-04-18T1900,1215A,120.118,33.4022,盐城市,盐城电厂,颗粒物(PM10),82,114,116,36,35,182,,177,177,19,27,8,6,0.7,0.6
2024-04-18T1900,1216A,120.156,33.3942,盐城市,市监测站,颗粒物(PM10),83,116,114,29,28,159,,158,158,21,25,6,5,0.6,0.6
2024-04-18T1900,1218A,120.2144,33.38,盐城市,开发区管委会,颗粒物(PM10),79,108,97,33,28,142,,154,154,22,25,9,7,0.7,0.7
2024-04-18T1900,3004A,120.1544,33.3663,盐城市,宝龙广场,,,,105,,28,,,83,,,30,,6,,0.6
2024-04-18T1900,3293A,120.1501,33.3367,盐城市,月亮广场,颗粒物(PM10),76,102,105,29,27,158,,156,156,19,25,8,6,0.6,0.6
2024-04-18T1900,3436A,120.4279,33.205,盐城市,大丰高级中学,颗粒物(PM10),78,105,117,22,27,139,,146,146,16,28,6,7,0.6,0.6
2024-04-18T1900,1186A,119.389,32.3761,扬州市,邗江监测站,颗粒物(PM10),68,85,105,26,30,144,,142,142,23,41,10,11,0.5,0.6
2024-04-18T1900,2869A,119.447,32.4155,扬州市,五台山医院,颗粒物(PM10),63,76,90,25,22,131,,140,140,29,41,8,8,0.6,0.6
2024-04-18T1900,3164A,119.4686,32.3942,扬州市,广陵建设局,颗粒物(PM10),73,95,99,22,27,110,,135,135,42,42,7,9,0.5,0.6
2024-04-18T1900,3195A,119.3633,32.3972,扬州市,市体育局,颗粒物(PM10),71,92,100,25,27,141,,138,138,30,46,11,11,0.4,0.5
2024-04-18T1900,3294A,119.5653,32.4222,扬州市,引江管理处,,,82,87,,28,124,,140,138,28,37,8,13,0.6,0.7
2024-04-18T1900,1699A,111.9797,21.8593,阳江市,鸳鸯湖,,28,24,18,3,10,89,,103,99,5,4,7,7,0.6,0.6
2024-04-18T1900,1701A,111.9491,21.8658,阳江市,马南垌,,25,14,19,7,11,79,,94,90,11,7,5,5,0.6,0.5
2024-04-18T1900,3317A,111.9765,21.8947,阳江市,两阳中学,,24,24,18,7,10,63,,96,88,17,6,4,4,0.5,0.4
2024-04-18T1900,3453A,112.0125,21.8749,阳江市,阳东陶然,,,19,19,12,11,,,92,78,9,6,2,3,0.6,0.5
2024-04-18T1900,1738A,113.5758,37.8572,阳泉市,市中心,臭氧1小时,105,124,136,52,49,210,,202,202,28,60,14,21,0.9,1
2024-04-18T1900,1739A,113.4894,37.8731,阳泉市,赛鱼,臭氧1小时,110,149,133,64,52,219,,202,202,25,59,12,12,0.8,0.9
2024-04-18T1900,1740A,113.5819,37.8486,阳泉市,南庄,臭氧1小时,116,161,154,59,55,231,,217,217,24,42,10,19,0.9,0.9
2024-04-18T1900,1742A,113.5614,37.8703,阳泉市,平坦,颗粒物(PM10),134,217,158,64,60,219,,206,206,22,60,14,20,0.9,1
2024-04-18T1900,1743A,113.5158,37.8392,阳泉市,大阳泉,臭氧1小时,113,125,108,60,49,226,,214,214,24,27,10,14,0.9,0.9
2024-04-18T1900,3619A,113.617,37.8571,阳泉市,龙柱,臭氧1小时,113,142,134,67,57,226,,210,210,23,59,14,32,0.9,1.1
2024-04-18T1900,2252A,128.5159,47.4311,伊春市,环保局,,35,,23,24,16,91,,95,95,8,15,4,5,0.4,0.5
2024-04-18T1900,2253A,128.9102,47.7412,伊春市,电力嘉园,,35,35,30,24,15,92,,95,95,8,16,4,6,0.3,0.5
2024-04-18T1900,2254A,129.5029,48.471,伊春市,汤旺河国家公园,,27,11,14,8,8,85,,93,92,8,7,5,9,0.6,0.5
2024-04-18T1900,3342A,128.4741,47.4346,伊春市,中心小学,,29,19,25,12,13,92,,100,99,5,12,6,7,0.3,0.4
2024-04-18T1900,3343A,128.6871,47.7369,伊春市,检察院,,33,32,28,23,18,101,,104,104,9,14,7,7,0.5,0.5
2024-04-18T1900,3344A,128.8431,47.8474,伊春市,双子河社区,,35,21,31,17,17,112,,118,118,8,15,8,8,0.3,0.4
2024-04-18T1900,3480A,129.1368,47.6417,伊春市,美溪镇,,,,35,25,14,67,,82,81,10,17,6,8,0.4,0.8
2024-04-18T1900,2703A,81.2815,43.9404,伊犁哈萨克自治州,市环保局,,38,33,21,15,13,119,,97,97,13,20,7,7,0.4,0.6
2024-04-18T1900,2704A,81.2996,43.9174,伊犁哈萨克自治州,新政府片区,,36,28,17,16,12,114,,90,90,7,15,6,6,0.5,0.8
2024-04-18T1900,2705A,81.3364,43.941,伊犁哈萨克自治州,第二水厂,,35,29,20,15,13,109,,87,87,10,14,8,8,0.4,0.6
2024-04-18T1900,1882A,104.563,28.793,宜宾市,石马中学,,,,,,,,,,,,,,,,
2024-04-18T1900,1883A,104.6201,28.7728,宜宾市,市委,,28,24,39,19,31,85,,89,89,19,18,7,9,0.6,0.6
2024-04-18T1900,1884A,104.6055,28.793,宜宾市,宜宾四中,,33,29,44,23,36,81,,86,86,14,17,9,8,0.6,0.6
2024-04-18T1900,1885A,104.639,28.7562,宜宾市,市政府,,32,23,38,22,34,88,,96,94,12,14,7,8,0.5,0.5
2024-04-18T1900,1886A,104.5742,28.7199,宜宾市,黄金嘴,,28,24,42,18,31,87,,88,88,9,15,8,8,0.4,0.5
2024-04-18T1900,3728A,104.68,28.8071,宜宾市,白酒学院,,31,21,40,15,30,99,,104,103,7,9,8,8,0.5,0.5
2024-04-18T1900,1840A,111.2992,30.6981,宜昌市,白龙岗,颗粒物(PM10),56,61,46,29,24,144,,133,133,22,25,11,10,0.3,0.4
2024-04-18T1900,1841A,111.3549,30.6465,宜昌市,伍家岗,颗粒物(PM10),54,57,58,29,30,147,,145,145,13,23,4,5,0.5,0.5
2024-04-18T1900,1842A,111.2628,30.6961,宜昌市,点军区,,,71,47,29,21,153,,147,147,,18,7,7,0.5,0.6
2024-04-18T1900,1843A,111.3275,30.7819,宜昌市,夷陵区,臭氧1小时,64,60,48,22,24,171,,161,161,22,20,6,5,0.4,0.4
2024-04-18T1900,3546A,111.4606,30.552,宜昌市,猇亭区张家湾站,颗粒物(PM10),55,59,63,36,22,147,,143,143,17,26,6,9,0.5,0.6
2024-04-18T1900,3653A,111.3119,30.7273,宜昌市,云深路,臭氧1小时,59,62,46,36,23,167,,160,160,19,23,7,6,0.5,0.5
2024-04-18T1900,2371A,114.3408,27.8064,宜春市,槟榔水业,,,,,,,,,,,,,,,,
2024-04-18T1900,2373A,114.3956,27.7844,宜春市,市石油公司,,41,41,35,23,22,106,,121,121,18,9,8,16,0.9,0.8
2024-04-18T1900,2374A,114.3703,27.7914,宜春市,市气象局,,39,39,33,25,22,103,,117,117,21,13,9,17,0.8,0.7
2024-04-18T1900,2375A,114.4013,27.8074,宜春市,市广电局,,41,41,37,21,16,112,,125,125,22,14,7,9,0.7,0.7
2024-04-18T1900,3151A,114.375,27.8097,宜春市,宜春学院北校区,,38,37,32,26,21,108,,122,122,18,11,12,15,0.7,0.7
2024-04-18T1900,3415A,114.4519,28.0828,宜春市,万载县环保局,,36,27,22,14,15,113,,125,125,9,15,7,8,0.4,0.4
2024-04-18T1900,2467A,112.4067,28.6428,益阳市,甘溪港,细颗粒物(PM2.5),53,,44,37,32,91,,107,106,15,11,3,6,0.7,0.6
2024-04-18T1900,2468A,112.3458,28.5808,益阳市,市环保局,颗粒物(PM10),60,69,69,37,32,91,,114,111,13,8,5,7,0.7,0.5
2024-04-18T1900,2469A,112.3437,28.5531,益阳市,市特殊教育学校,细颗粒物(PM2.5),73,72,57,53,35,92,,116,113,14,12,5,7,1.1,0.6
2024-04-18T1900,2470A,112.3347,28.6047,益阳市,资阳区政务中心,细颗粒物(PM2.5),62,57,52,44,27,82,,113,110,19,7,4,6,0.7,0.5
2024-04-18T1900,2471A,112.3744,28.5819,益阳市,赫山环保分局,颗粒物(PM10),60,69,68,39,31,83,,111,108,20,10,4,6,0.8,0.6
2024-04-18T1900,1484A,105.9512,38.6016,银川市,贺兰山马莲口,,42,42,88,28,28,125,,124,124,5,13,11,14,0.4,0.5
2024-04-18T1900,1488A,106.2328,38.4975,银川市,贺兰山东路,,36,36,113,24,45,93,,111,110,14,36,10,15,0.5,0.8
2024-04-18T1900,1489A,106.1358,38.5036,银川市,学院路,,35,35,102,24,31,94,,110,107,12,34,17,18,0.5,0.7
2024-04-18T1900,2924A,106.2266,38.4418,银川市,水乡路,,42,42,107,20,26,82,,108,105,17,38,23,18,0.6,0.7
2024-04-18T1900,2925A,106.2757,38.4842,银川市,上海东路,,39,38,95,27,41,77,,105,103,14,39,20,19,0.5,0.7
2024-04-18T1900,2926A,106.1015,38.497,银川市,文昌北街,,30,30,115,8,42,94,,113,106,9,34,9,14,0.7,0.8
2024-04-18T1900,3523A,106.5105,38.3856,银川市,滨河新区,,46,,82,32,35,78,,117,106,25,31,17,24,0.8,0.6
2024-04-18T1900,2357A,116.9822,28.1136,鹰潭市,龙虎山,,,,,,,,,,,,,,,,
2024-04-18T1900,2358A,117.0564,28.2642,鹰潭市,新监测站,,36,33,19,25,12,112,,115,115,18,10,23,7,0.6,0.6
2024-04-18T1900,2359A,117.0311,28.2475,鹰潭市,财苑宾馆,,37,29,21,13,13,118,,122,122,10,7,21,9,0.5,0.6
2024-04-18T1900,2360A,117.0222,28.2264,鹰潭市,体育馆,,38,30,22,19,13,119,,116,116,13,11,22,10,0.5,0.6
2024-04-18T1900,2361A,117.0017,28.2131,鹰潭市,三川水表,,38,38,23,16,14,92,,106,104,32,12,19,7,0.5,0.8
2024-04-18T1900,1597A,122.2703,40.7094,营口市,大庆路,颗粒物(PM10),72,93,71,30,23,80,,107,106,21,16,5,5,0.5,0.5
2024-04-18T1900,1598A,122.2150,40.6511,营口市,镜湖西路,颗粒物(PM10),60,69,60,14,17,86,,96,96,12,14,4,6,0.5,0.5
2024-04-18T1900,1599A,122.1658,40.6789,营口市,西炮台,颗粒物(PM10),62,73,56,17,16,90,,110,108,24,22,6,7,0.4,0.4
2024-04-18T1900,3379A,122.1139,40.2278,营口市,鲅鱼圈市民活动中心,颗粒物(PM10),77,104,79,21,20,46,,95,82,76,30,12,13,0.6,0.5
2024-04-18T1900,3866A,122.2469,40.66302,营口市,三高中,颗粒物(PM10),63,75,63,25,21,87,,99,99,22,21,8,10,0.5,0.5
2024-04-18T1900,4006A,122.3622,40.6762,营口市,老边实验小学,颗粒物(PM10),63,75,98,7,20,94,,112,112,18,40,12,12,0.3,0.5
2024-04-18T1900,2477A,111.6217,26.2081,永州市,零陵南津渡,,33,,24,23,26,45,,69,58,15,10,8,8,0.8,0.6
2024-04-18T1900,2478A,111.6156,26.4214,永州市,市环境监测站,,30,27,40,21,26,54,,69,64,12,9,8,8,0.9,0.9
2024-04-18T1900,2479A,111.6236,26.2331,永州市,零陵区环保局,,29,28,38,20,24,44,,67,54,20,13,11,10,1.0,0.8
2024-04-18T1900,2480A,111.5992,26.4364,永州市,永州市环保局,,30,30,36,20,24,56,,67,62,10,10,7,7,0.8,0.7
2024-04-18T1900,2481A,111.5989,26.4519,永州市,冷水滩区环保局,,36,32,41,25,28,61,,78,66,12,10,5,11,0.9,0.8
2024-04-18T1900,2638A,109.7414,38.3344,榆林市,红石峡森林公园,颗粒物(PM10),61,71,94,25,28,147,,164,164,10,30,6,9,0.4,0.6
2024-04-18T1900,2639A,109.7456,38.2911,榆林市,世纪广场,颗粒物(PM10),61,72,90,25,28,111,,143,142,40,38,7,18,0.4,0.5
2024-04-18T1900,2640A,109.7289,38.2839,榆林市,实验中学,颗粒物(PM10),54,57,79,21,27,138,,151,151,14,25,9,44,0.4,0.5
2024-04-18T1900,2641A,109.7336,38.2478,榆林市,环保监测大楼,颗粒物(PM10),52,53,71,19,24,136,,153,153,15,28,8,9,0.5,0.6
2024-04-18T1900,2509A,110.1106,22.7019,玉林市,寒山水库,,32,29,36,18,22,100,,107,107,7,8,4,4,0.7,0.6
2024-04-18T1900,2510A,110.1675,22.6411,玉林市,市监测站,,32,32,36,15,20,101,,106,106,8,11,15,8,0.6,0.5
2024-04-18T1900,2511A,110.1433,22.6164,玉林市,南江一中,,44,44,46,21,21,97,,103,103,14,13,13,18,0.6,0.5
2024-04-18T1900,3532A,110.1945,22.6831,玉林市,玉林师范学院东校区,,28,25,35,14,22,87,,87,87,12,20,5,3,0.5,0.5
2024-04-18T1900,3533A,110.0527,22.5893,玉林市,福绵环保局,,35,30,39,24,26,107,,109,109,11,17,4,8,0.5,0.5
2024-04-18T1900,2675A,97,33.0014,玉树藏族自治州,玉树县结古镇,,43,26,32,16,20,135,,124,124,6,3,12,12,0.6,0.6
2024-04-18T1900,1715A,102.575,24.3711,玉溪市,东风水库,,,48,55,26,49,130,,135,135,8,17,6,8,,1.5
2024-04-18T1900,2882A,102.5389,24.3703,玉溪市,玉溪一中,,40,39,67,18,49,127,,133,133,8,21,7,15,0.7,1.6
2024-04-18T1900,2883A,102.5381,24.3389,玉溪市,文体中心,,40,39,70,19,65,125,,131,131,11,25,9,12,0.5,1
2024-04-18T1900,1847A,113.1094,29.3578,岳阳市,南湖风景区,,42,35,50,22,32,133,,146,146,12,27,5,6,0.9,0.9
2024-04-18T1900,1848A,113.1493,29.4251,岳阳市,城陵矶,,36,36,52,23,29,100,,125,125,30,38,5,6,0.9,0.8
2024-04-18T1900,1849A,113.1497,29.3575,岳阳市,开发区,,43,43,56,28,36,128,,144,144,16,26,5,6,0.6,0.6
2024-04-18T1900,1850A,113.2621,29.4758,岳阳市,云溪区,,35,34,49,14,24,110,,133,133,19,17,7,14,0.6,0.7
2024-04-18T1900,1851A,112.9943,29.4402,岳阳市,君山区,,42,28,44,17,29,132,,136,136,9,15,8,8,0.6,0.5
2024-04-18T1900,1852A,113.2117,29.355,岳阳市,金凤水库,,42,33,42,23,27,132,,148,148,17,17,3,2,0.7,0.7
2024-04-18T1900,1712A,112.0392,22.9169,云浮市,新市府,,25,25,19,15,13,78,,86,86,5,8,4,4,0.7,0.6
2024-04-18T1900,1714A,112.0539,22.9539,云浮市,牧羊,,32,,29,22,15,89,,94,94,14,19,7,9,0.5,0.5
2024-04-18T1900,3628A,112.0336,22.9374,云浮市,文笔,,28,21,20,8,9,88,,94,94,8,13,6,6,0.5,0.5
2024-04-18T1900,2175A,110.9956,35.0147,运城市,运城中学,颗粒物(PM10),71,91,73,24,26,169,,155,155,8,8,8,6,0.5,0.7
2024-04-18T1900,2178A,110.9686,35.0303,运城市,地区技校,颗粒物(PM10),65,80,85,24,28,169,,158,158,10,16,9,7,0.3,0.5
2024-04-18T1900,2179A,111.0414,35.1147,运城市,空港新区,"颗粒物(PM10),臭氧1小时",68,85,104,25,38,174,,159,159,16,23,10,13,0.5,0.7
2024-04-18T1900,3667A,111.0283,35.0547,运城市,水利职院,臭氧1小时,74,81,89,34,31,179,,166,166,8,13,7,6,0.5,0.6
2024-04-18T1900,3670A,111.0522,35.0439,运城市,禹都公园,臭氧1小时,68,71,75,23,25,174,,161,161,8,9,8,6,0.6,0.6
2024-04-18T1900,1637A,117.558,34.8438,枣庄市,市中区政府,颗粒物(PM10),91,132,137,36,39,168,,182,179,31,38,12,12,0.6,0.8
2024-04-18T1900,1638A,117.2852,34.7837,枣庄市,薛城环保局,颗粒物(PM10),88,125,136,39,43,158,,180,180,28,38,11,13,0.7,0.8
2024-04-18T1900,1639A,117.5852,34.7745,枣庄市,峄城区政府,,,139,132,,29,149,,176,176,28,29,8,11,0.4,0.5
2024-04-18T1900,1640A,117.7276,34.5578,枣庄市,台儿庄区环保局,颗粒物(PM10),76,102,118,29,32,154,,168,168,38,48,9,10,0.8,0.7
2024-04-18T1900,1641A,117.4518,35.0992,枣庄市,山亭区环保局,颗粒物(PM10),97,144,127,42,43,178,,166,,26,26,13,13,0.8,0.9
2024-04-18T1900,3364A,117.3152,34.8103,枣庄市,市环保局,颗粒物(PM10),80,110,128,34,41,166,,175,175,21,28,7,8,0.5,0.6
2024-04-18T1900,1680A,110.3539,21.2706,湛江市,湛江影剧院,,38,38,28,16,15,97,,108,108,8,8,5,6,0.4,0.4
2024-04-18T1900,1681A,110.3928,21.2228,湛江市,市环境监测站,,30,30,26,8,13,96,,106,106,8,10,6,7,0.5,0.5
2024-04-18T1900,1682A,110.4019,21.1997,湛江市,环保局宿舍,,31,31,28,14,19,92,,101,101,9,8,6,7,0.6,0.6
2024-04-18T1900,1683A,110.4111,21.2028,湛江市,霞山游泳场,,30,25,27,12,15,96,,102,102,7,8,5,5,0.5,0.5
2024-04-18T1900,1684A,110.3316,21.2679,湛江市,麻章区环保局,,34,34,28,7,15,93,,110,110,11,10,6,7,0.6,0.6
2024-04-18T1900,1685A,110.4558,21.2567,湛江市,坡头区环保局,,31,31,25,14,17,88,,99,99,7,8,4,4,0.5,0.5
2024-04-18T1900,1858A,110.5319,29.1217,张家界市,永定新区,颗粒物(PM10),55,59,43,34,24,115,,121,121,4,8,2,2,0.2,0.1
2024-04-18T1900,1859A,110.4697,29.1242,张家界市,电业局,颗粒物(PM10),52,53,42,29,21,102,,112,112,10,12,2,3,0.4,0.4
2024-04-18T1900,1860A,110.5594,29.3547,张家界市,未央路,颗粒物(PM10),56,61,48,34,26,112,,121,121,5,6,4,4,0.4,0.4
2024-04-18T1900,1861A,110.4417,29.315,张家界市,袁家界,,48,48,35,24,18,118,,116,116,17,16,9,9,0.7,0.7
2024-04-18T1900,1057A,114.8883,40.8336,张家口市,人民公园,,,,50,,9,115,,111,111,12,7,,2,0.1,0
2024-04-18T1900,1059A,114.8687,40.8042,张家口市,五金库,颗粒物(PM10),66,82,49,31,18,113,,108,108,13,6,3,2,0.2,0.1
2024-04-18T1900,1060A,114.8902,40.762,张家口市,世纪豪园,颗粒物(PM10),72,94,49,24,13,125,,112,112,12,4,2,3,0.3,0.3
2024-04-18T1900,1061A,114.8916,40.8661,张家口市,北泵房,,44,44,39,18,8,122,,118,118,8,6,8,7,0.6,0.6
2024-04-18T1900,3131A,114.879,40.7993,张家口市,烟厂,颗粒物(PM10),64,78,55,13,10,115,,108,108,12,8,2,2,0.3,0.3
2024-04-18T1900,3323A,115.2773,40.9724,张家口市,青少年活动中心,,47,47,37,8,8,114,,110,110,7,8,2,4,0.2,0.1
2024-04-18T1900,2654A,100.4698,38.9524,张掖市,润泉湖,颗粒物(PM10),85,120,129,29,32,116,,116,116,5,8,4,5,0.3,0.1
2024-04-18T1900,2655A,100.4154,38.9422,张掖市,区工会,颗粒物(PM10),85,119,137,28,34,111,,115,115,7,7,4,4,0.3,0.2
2024-04-18T1900,2075A,117.6336,24.4674,漳州市,九湖,,,,,,,,,,,,,,,,
2024-04-18T1900,2920A,117.7116,24.506,漳州市,蓝田镇,,34,34,50,11,26,91,,100,100,14,27,3,5,0.5,0.5
2024-04-18T1900,3216A,114.6622,24.5183,漳州市,漳州党校,,30,30,46,12,26,92,,102,102,17,26,3,6,0.6,0.6
2024-04-18T1900,3530A,117.6296,24.5314,漳州市,西洋坪路,,30,24,35,14,24,95,,108,108,13,22,2,5,0.6,0.6
2024-04-18T1900,2596A,103.7667,27.3736,昭通市,监测站,颗粒物(PM10),69,87,36,27,29,155,,138,138,7,9,7,7,0.4,0.5
2024-04-18T1900,2597A,103.7225,27.3361,昭通市,环保局,颗粒物(PM10),92,133,29,30,21,154,,140,140,10,9,7,7,0.3,0.4
2024-04-18T1900,1397A,112.4267,23.0706,肇庆市,睦岗子站,,41,41,35,24,20,97,,92,92,26,27,15,11,0.3,0.3
2024-04-18T1900,1398A,112.4645,23.0475,肇庆市,城中子站,,42,42,35,24,20,96,,98,97,28,26,15,13,0.5,0.5
2024-04-18T1900,1399A,112.5544,23.1522,肇庆市,坑口子站,,40,36,44,28,27,84,,91,91,31,32,10,11,0.4,0.4
2024-04-18T1900,1400A,112.4753,23.1,肇庆市,七星岩子站,,,,,,,,,,,,,,,,
2024-04-18T1900,3313A,112.4575,23.0166,肇庆市,高要湖西,,33,32,27,18,18,103,,99,99,13,15,5,7,0.5,0.6
2024-04-18T1900,3451A,112.5617,23.2083,肇庆市,鼎湖凤凰,,39,34,35,27,26,80,,92,91,29,22,10,10,0.7,0.7
2024-04-18T1900,1203A,119.6707,32.1875,镇江市,新区办事处,颗粒物(PM10),64,78,105,24,27,116,,142,142,30,33,3,3,0.3,0.4
2024-04-18T1900,1204A,119.4974,32.1968,镇江市,职教中心,颗粒物(PM10),66,82,90,24,26,127,,140,140,30,38,6,8,0.3,0.5
2024-04-18T1900,1205A,119.4303,32.1328,镇江市,丹徒区监测站,颗粒物(PM10),63,75,100,24,26,137,,150,150,16,39,2,3,0.3,0.4
2024-04-18T1900,2870A,119.4424,32.1873,镇江市,市疾控中心,颗粒物(PM10),66,82,81,26,20,152,,151,151,26,27,6,4,0.2,0.3
2024-04-18T1900,3287A,119.3842,32.1976,镇江市,富润路1号,颗粒物(PM10),69,88,107,37,34,171,,151,151,21,39,7,7,0.3,0.4
2024-04-18T1900,1316A,113.69031,34.76122,郑州市,烟厂,,47,47,99,20,33,135,,165,165,19,24,5,8,0.3,0.4
2024-04-18T1900,1317A,113.65724,34.77134,郑州市,郑纺机,颗粒物(PM10),61,71,99,21,31,133,,162,162,14,26,2,4,0.5,0.7
2024-04-18T1900,1318A,113.67526,34.80246,郑州市,银行学校,颗粒物(PM10),57,64,85,18,29,140,,172,172,20,23,4,7,0.5,0.6
2024-04-18T1900,1319A,113.56746,34.81334,郑州市,供水公司,颗粒物(PM10),67,84,102,20,30,134,,162,162,23,24,6,8,0.4,0.5
2024-04-18T1900,1320A,113.7329,34.7178,郑州市,经开区管委,颗粒物(PM10),58,66,104,20,30,125,,158,158,18,22,5,7,0.5,0.6
2024-04-18T1900,1321A,113.73961,34.77172,郑州市,四十七中,颗粒物(PM10),59,68,101,23,34,132,,159,159,12,17,4,11,0.4,0.5
2024-04-18T1900,1322A,113.60532,34.74838,郑州市,市监测站,颗粒物(PM10),70,90,110,17,29,128,,160,160,19,23,6,10,0.4,0.6
2024-04-18T1900,1323A,113.64164,34.7525,郑州市,河医大,颗粒物(PM10),62,74,97,23,28,132,,162,162,17,23,4,7,0.6,0.7
2024-04-18T1900,1324A,113.51488,34.91089,郑州市,岗李水库,,,,,,,,,,,,,,,,
2024-04-18T1900,3471A,113.616563,34.86783,郑州市,惠济区政府,颗粒物(PM10),74,97,112,16,35,152,,180,180,17,26,4,7,0.4,0.6
2024-04-18T1900,3590A,113.8374,34.5589,郑州市,北区建设指挥部,颗粒物(PM10),54,57,94,22,27,135,,165,164,16,22,4,10,0.5,0.6
2024-04-18T1900,3591A,113.30952,34.803229,郑州市,上街区政府,颗粒物(PM10),73,95,112,23,42,147,,167,167,15,23,6,14,0.3,0.6
2024-04-18T1900,1379A,113.3769,22.5211,中山市,华柏园,颗粒物(PM10),60,69,26,19,13,88,,86,86,25,13,4,4,0.7,0.4
2024-04-18T1900,1380A,113.3881,22.5497,中山市,张溪,,40,40,26,18,14,103,,91,91,21,13,7,6,0.6,0.5
2024-04-18T1900,1381A,113.4075,22.5111,中山市,紫马岭,,33,33,22,17,15,76,,84,84,20,13,5,5,0.6,0.4
2024-04-18T1900,1382A,113.4411,22.4853,中山市,长江旅游区,,,,,,,,,,,,,,,,
2024-04-18T1900,3454A,113.3528,22.478,中山市,中山南区,,31,19,19,12,15,98,,96,96,18,13,5,4,0.5,0.4
2024-04-18T1900,2680A,105.0025,37.4635,中卫市,沙坡头消防站,,,,,,,,,,,,,,,,
2024-04-18T1900,2682A,105.1971,37.5002,中卫市,环保局站,颗粒物(PM10),500,913,118,194,39,111,,93,93,7,11,5,5,0.4,0.4
2024-04-18T1900,3650A,105.1698,37.5162,中卫市,沙坡头区政府站,颗粒物(PM10),500,851,117,199,42,117,,99,99,7,13,6,5,0.4,0.4
2024-04-18T1900,1414A,106.3787,29.8279,重庆市,缙云山,,28,8,20,8,8,88,,106,95,14,14,7,8,0.2,0.3
2024-04-18T1900,1416A,106.4213,29.8253,重庆市,天生,,,15,35,12,26,79,,86,86,15,32,6,8,,0.9
2024-04-18T1900,1417A,106.6263,29.7228,重庆市,两路,,25,21,38,17,25,74,,83,83,29,42,6,6,0.8,0.9
2024-04-18T1900,1418A,106.2953,29.5983,重庆市,虎溪,,30,23,42,5,29,94,,103,103,14,38,5,6,0.5,0.7
2024-04-18T1900,1419A,106.5777,29.5102,重庆市,南坪,,30,28,49,16,28,93,,95,95,13,24,8,10,0.5,0.6
2024-04-18T1900,1420A,106.6556,29.6277,重庆市,唐家沱,,30,29,41,10,19,95,,100,100,8,30,8,9,0.4,0.6
2024-04-18T1900,1421A,106.6349,29.4906,重庆市,茶园,,28,26,40,7,22,88,,90,90,14,41,5,7,0.7,0.8
2024-04-18T1900,1422A,106.3754,29.4572,重庆市,白市驿,,29,,38,12,25,91,,100,100,11,21,4,5,0.4,0.5
2024-04-18T1900,1425A,106.6205,29.7166,重庆市,空港,,35,35,50,14,26,88,,96,95,16,36,5,8,0.5,0.8
2024-04-18T1900,1426A,106.4782,29.4875,重庆市,新山村,,37,37,54,22,33,84,,86,86,15,50,10,11,0.4,0.7
2024-04-18T1900,1427A,106.5616,29.6453,重庆市,礼嘉,,26,14,41,14,23,83,,91,91,19,56,7,8,0.5,0.8
2024-04-18T1900,1428A,106.4522,29.7091,重庆市,蔡家,,30,19,47,15,23,93,,99,99,8,30,5,6,0.5,0.7
2024-04-18T1900,1429A,106.5093,29.3917,重庆市,鱼新街,,24,22,50,7,28,75,,75,75,13,40,6,8,0.9,1
2024-04-18T1900,3014A,106.4958,29.5346,重庆市,歇台子,,27,22,55,13,30,85,,92,92,22,57,4,5,0.6,1
2024-04-18T1900,3015A,106.4037,29.5728,重庆市,龙井湾,,29,9,43,6,24,91,,100,100,10,28,5,6,0.5,0.6
2024-04-18T1900,3016A,106.5507,29.4153,重庆市,龙洲湾,,21,14,29,6,19,67,,66,66,12,23,7,7,0.6,0.7
2024-04-18T1900,3133A,106.5468,29.5654,重庆市,上清寺,,35,35,55,19,27,80,,86,86,22,65,5,7,0.4,0.7
2024-04-18T1900,3346A,108.3872,31.1628,重庆市,安康,,22,22,24,13,12,41,,80,76,26,20,5,5,0.4,0.4
2024-04-18T1900,3347A,105.9017,29.3569,重庆市,北山路,,28,22,34,6,23,88,,94,94,9,18,7,7,0.6,0.7
2024-04-18T1900,3348A,105.839,30.1946,重庆市,春阳街,,,41,43,25,39,80,,92,90,10,13,5,5,,0.8
2024-04-18T1900,3349A,107.7983,30.6758,重庆市,人民东路,,47,47,37,19,19,80,,112,106,14,15,6,6,0.6,0.6
2024-04-18T1900,3350A,106.6479,29.0244,重庆市,滩子口,,39,39,48,27,36,74,,84,84,13,22,5,8,0.6,0.7
2024-04-18T1900,3351A,105.7167,29.7076,重庆市,棠香,,30,12,42,7,28,95,,112,112,9,15,9,5,0.4,0.4
2024-04-18T1900,3352A,107.0732,29.8617,重庆市,桃源西路,,32,19,33,9,19,101,,106,106,9,19,13,12,0.4,0.6
2024-04-18T1900,3353A,107.3535,29.7287,重庆市,迎宾大道,,26,22,30,8,20,83,,95,95,14,26,4,5,0.6,0.7
2024-04-18T1900,3354A,108.815,29.5081,重庆市,舟白,,45,42,21,31,17,71,,102,98,12,6,3,3,0.5,0.4
2024-04-18T1900,3355A,108.3679,30.8426,重庆市,周家坝,,42,,24,29,18,42,,84,82,45,32,11,17,0.8,0.7
2024-04-18T1900,3356A,108.4319,30.7555,重庆市,百安坝,,28,23,23,19,17,61,,98,98,27,18,9,10,0.6,0.5
2024-04-18T1900,3482A,107.7541,29.3277,重庆市,芙蓉中路,,39,39,37,16,17,47,,41,41,33,34,5,7,0.7,0.7
2024-04-18T1900,3483A,108.7661,29.5368,重庆市,西山,,28,28,20,17,17,59,,106,96,10,8,4,4,0.6,0.6
2024-04-18T1900,3484A,106.2628,29.32,重庆市,行政中心,,27,27,62,10,37,84,,89,89,16,39,5,14,0.6,0.7
2024-04-18T1900,3485A,107.0944,29.1608,重庆市,高寺路,,25,17,41,2,22,77,,87,87,8,18,6,8,0.4,0.4
2024-04-18T1900,3599A,106.2649,29.9851,重庆市,书院路,,30,27,52,10,34,96,,99,99,8,20,6,8,0.8,0.9
2024-04-18T1900,3600A,106.2339,29.5559,重庆市,虎峰,,30,22,42,7,21,93,,98,98,6,21,4,7,0.9,0.8
2024-04-18T1900,3601A,106.0499,29.8342,重庆市,龙门街,,32,21,35,9,31,102,,113,113,22,26,10,13,0.7,0.8
2024-04-18T1900,3610A,105.5933,29.4105,重庆市,昌元,,44,44,39,26,22,64,,92,91,16,22,5,6,0.8,0.7
2024-04-18T1900,1258A,122.122,30.0203,舟山市,定海檀枫,颗粒物(PM10),64,77,49,22,16,87,,101,99,26,17,7,7,0.5,0.6
2024-04-18T1900,1259A,122.3094,29.9558,舟山市,普陀东港,,,,,,,,,,,,,,,,
2024-04-18T1900,1260A,122.19,29.9944,舟山市,临城新区,颗粒物(PM10),62,73,45,18,14,97,,107,106,15,12,6,6,0.3,0.3
2024-04-18T1900,2067A,114.6613,33.6128,周口市,市环境监测站,颗粒物(PM10),66,81,91,32,35,122,,126,126,19,18,6,6,0.5,0.4
2024-04-18T1900,2068A,114.6758,33.6347,周口市,周口师范,颗粒物(PM10),64,77,84,27,31,126,,132,132,18,16,3,4,0.5,0.5
2024-04-18T1900,2069A,114.6546,33.5979,周口市,市运管处,颗粒物(PM10),60,69,91,29,33,128,,130,129,13,18,6,6,0.5,0.5
2024-04-18T1900,2070A,114.6369,33.6406,周口市,川汇区环保局,颗粒物(PM10),62,74,87,25,30,133,,135,135,13,14,6,6,0.5,0.5
2024-04-18T1900,1515A,113.135,27.8244,株洲市,天台山庄,,36,30,62,25,43,82,,77,77,16,16,7,7,0.9,0.6
2024-04-18T1900,1518A,113.095,27.8867,株洲市,株冶医院,,45,35,57,31,44,54,,72,72,26,17,5,5,0.9,0.6
2024-04-18T1900,1519A,113.167,27.8667,株洲市,市四中,,,28,58,25,44,69,,77,77,,16,,7,0.7,0.4
2024-04-18T1900,1520A,113.143,27.8381,株洲市,火车站,,38,26,54,26,51,87,,78,78,13,17,4,5,0.7,0.6
2024-04-18T1900,1524A,113.13,27.8528,株洲市,市监测站,,36,26,57,25,52,85,,78,78,13,16,5,5,1.0,0.8
2024-04-18T1900,1559A,113.251,27.8336,株洲市,大京风景区,,22,22,55,11,25,70,,78,78,3,6,7,6,0.7,0.6
2024-04-18T1900,2031A,113.1817,27.9958,株洲市,云田中学,,,24,50,21,39,77,,88,88,6,13,,7,0.8,0.8
2024-04-18T1900,1367A,113.5814,22.2618,珠海市,吉大,,22,21,21,4,13,68,,76,76,21,11,6,6,0.5,0.4
2024-04-18T1900,1368A,113.4881,22.2335,珠海市,前山,,26,26,25,13,14,82,,71,71,24,10,5,4,0.4,0.3
2024-04-18T1900,1369A,113.628,22.4251,珠海市,唐家,,30,21,24,3,14,93,,81,81,13,9,6,6,0.3,0.3
2024-04-18T1900,1370A,113.299,22.2281,珠海市,斗门,,27,11,20,8,12,86,,81,81,13,8,6,6,0.6,0.5
2024-04-18T1900,3308A,113.3494,22.0569,珠海市,金湾,,28,28,22,13,12,68,,86,86,28,8,7,8,0.9,0.5
2024-04-18T1900,3448A,113.5433,22.1163,珠海市,横琴,,,13,18,8,12,71,,82,82,10,5,,8,,0.4
2024-04-18T1900,2420A,114.0189,32.9656,驻马店市,市一纸厂,,45,45,71,24,30,105,,121,118,10,26,6,8,0.4,0.5
2024-04-18T1900,2421A,114.0114,33.015,驻马店市,市彩印厂,,41,41,78,19,27,112,,122,118,11,16,2,5,0.4,0.4
2024-04-18T1900,2422A,113.9976,32.9771,驻马店市,天方二分厂,,41,41,70,27,37,108,,121,118,10,18,6,8,0.5,0.5
2024-04-18T1900,3339A,114.0012,33.0412,驻马店市,小管楼,,34,34,70,22,25,106,,124,119,6,12,5,6,0.3,0.4
2024-04-18T1900,2561A,104.6617,30.1372,资阳市,莲花山,,28,18,51,8,31,88,,93,93,14,18,6,6,0.5,0.6
2024-04-18T1900,2562A,104.6356,30.1506,资阳市,资阳中学,,28,15,42,11,35,87,,91,91,11,16,9,9,0.6,0.7
2024-04-18T1900,2563A,104.6295,30.1383,资阳市,四三一厂,,26,25,53,6,32,82,,88,88,16,18,8,8,0.7,0.7
2024-04-18T1900,2564A,104.6463,30.1146,资阳市,师范校,,27,16,52,12,38,85,,92,91,15,21,5,5,0.8,0.8
2024-04-18T1900,2565A,104.6296,30.1256,资阳市,区法院,,29,20,49,7,30,91,,98,98,8,16,5,6,0.7,0.7
2024-04-18T1900,1631A,118.0414,36.8103,淄博市,人民公园,颗粒物(PM10),85,119,135,48,53,181,,200,200,26,43,13,14,0.6,0.7
2024-04-18T1900,1633A,117.8525,36.4847,淄博市,双山,"颗粒物(PM10),臭氧1小时",78,106,125,35,41,182,,188,188,17,24,10,13,0.4,0.4
2024-04-18T1900,1634A,117.9592,36.6331,淄博市,气象站,颗粒物(PM10),84,117,117,41,51,178,,194,194,31,36,15,18,0.5,0.6
2024-04-18T1900,1635A,118.3092,36.8194,淄博市,莆田园,颗粒物(PM10),96,141,156,46,47,181,,210,210,35,41,13,20,0.6,1.4
2024-04-18T1900,3363A,117.9883,36.8372,淄博市,新区,颗粒物(PM10),79,107,113,29,40,162,,192,192,48,53,14,17,0.9,0.8
2024-04-18T1900,3644A,117.8661,36.805,淄博市,三金集团,颗粒物(PM10),85,119,125,46,51,176,,203,203,29,39,22,18,0.7,0.9
2024-04-18T1900,3645A,118.0253,36.8406,淄博市,东风化工厂,颗粒物(PM10),88,125,125,41,47,154,,190,187,34,41,13,14,0.3,0.5
2024-04-18T1900,3027A,104.72,29.3427,自贡市,青杠林路,,49,42,50,34,38,87,,88,88,15,15,5,5,0.5,0.4
2024-04-18T1900,3028A,104.776,29.3627,自贡市,檀木林体育馆,细颗粒物(PM2.5),64,52,50,46,41,82,,87,87,11,14,6,6,0.7,0.6
2024-04-18T1900,3360A,104.7894,29.3194,自贡市,南湖救助站,,,34,36,28,31,,,85,85,20,18,6,7,0.6,0.5
2024-04-18T1900,3638A,104.7636,29.3338,自贡市,轻化工大学,,40,39,45,28,34,82,,84,84,16,13,9,7,0.7,0.5
2024-04-18T1900,1911A,106.9222,27.6869,遵义市,丁字口,,25,25,24,12,14,59,,68,64,15,18,3,4,0.7,0.6
2024-04-18T1900,1912A,106.9242,27.7019,遵义市,凤凰山,,28,,22,19,25,70,,78,76,7,7,6,6,0.6,0.5
2024-04-18T1900,1913A,106.8906,27.6486,遵义市,忠庄,,26,18,26,18,14,68,,72,71,9,9,2,2,0.4,0.4
2024-04-18T1900,1914A,106.9231,27.6506,遵义市,舟水桥,,22,18,17,13,12,70,,80,75,7,6,2,2,0.4,0.4
2024-04-18T1900,1915A,106.9178,27.72,遵义市,干田坝,,23,19,17,6,12,73,,82,79,5,6,5,5,0.4,0.4
2024-04-18T1900,3536A,106.8547,27.5919,遵义市,第十二小学,,22,15,29,8,15,69,,75,75,7,9,2,3,0.5,0.5
