timepoint,stationcode,longitude,latitude,area,positionname,primarypollutant,aqi,pm10,pm10_24h,pm2_5,pm2_5_24h,o3,o3_24h,o3_8h,o3_8h_24h,no2,no2_24h,so2,so2_24h,co,co_24h
2024-12-28T1300,2566A,102.1879,31.914,阿坝藏族羌族自治州,州农科所,,41,41,47,16,18,62,,41,41,7,15,7,9,0.9,0.8
2024-12-28T1300,2568A,102.2502,31.8896,阿坝藏族羌族自治州,马师校,,19,7,15,3,13,58,,27,27,10,26,3,4,0.3,0.4
2024-12-28T1300,3994A,102.2165,31.9024,阿坝藏族羌族自治州,马尔康中学西区,,20,20,25,3,15,60,,34,34,9,21,5,6,0.4,0.4
2024-12-28T1300,2695A,80.292,41.1694,阿克苏地区,电视台,颗粒物(PM10),70,89,117,47,61,41,,22,22,32,49,3,3,1.4,1.8
2024-12-28T1300,2696A,80.2613,41.1551,阿克苏地区,艺术中心,细颗粒物(PM2.5),78,89,130,57,66,46,,28,28,25,52,6,4,1.1,1.3
2024-12-28T1300,2204A,105.6467,38.8363,阿拉善盟,西城区西花园,,28,24,18,17,14,89,,93,90,10,10,11,8,0.6,0.6
2024-12-28T1300,2205A,105.6985,38.8411,阿拉善盟,蒙二幼,,27,15,14,6,8,85,,83,79,9,13,4,4,0.5,0.5
2024-12-28T1300,2206A,105.724,38.8516,阿拉善盟,环保局新楼,,27,15,11,7,6,86,,94,92,10,9,8,7,0.6,0.5
2024-12-28T1300,2708A,88.1264,47.8517,阿勒泰地区,市站,,29,,17,20,12,24,,51,37,49,31,19,10,0.6,0.4
2024-12-28T1300,2630A,80.1161,32.5,阿里地区,阿里监测站,,,20,24,12,14,72,,56,56,12,21,,14,0.7,0.8
2024-12-28T1300,3192A,80.0903,32.5028,阿里地区,阿里藏医院,,22,19,15,15,11,69,,59,59,15,14,18,16,0.8,0.7
2024-12-28T1300,2642A,109.0318,32.6537,安康市,香溪洞,颗粒物(PM10),56,61,54,36,34,52,,44,36,19,15,16,11,0.6,0.5
2024-12-28T1300,2644A,109.0072,32.6975,安康市,汉滨区检察院,颗粒物(PM10),55,60,63,36,41,62,,31,31,20,28,8,7,0.6,0.7
2024-12-28T1300,4054A,109.0325,32.6913,安康市,市邮政管理局,颗粒物(PM10),58,65,78,30,43,57,,28,28,21,36,11,9,0.7,0.9
2024-12-28T1300,2291A,117.0809,30.5177,安庆市,环科院,细颗粒物(PM2.5),83,108,111,61,69,74,,51,51,26,30,9,9,0.6,0.7
2024-12-28T1300,2292A,117.0331,30.5119,安庆市,马山宾馆,细颗粒物(PM2.5),83,100,109,61,69,71,,48,48,22,27,10,10,0.6,0.6
2024-12-28T1300,2294A,116.9896,30.6145,安庆市,安庆大学,细颗粒物(PM2.5),87,106,107,64,66,74,,52,52,32,33,15,14,0.6,0.7
2024-12-28T1300,3173A,117.0598,30.5351,安庆市,市人大,细颗粒物(PM2.5),89,103,111,66,73,76,,48,48,28,37,11,9,0.5,0.7
2024-12-28T1300,3122A,105.9606,26.2611,安顺市,伍家关,,,,,,,,,,,,,,,,
2024-12-28T1300,3123A,105.9408,26.2431,安顺市,凤凰山,细颗粒物(PM2.5),54,56,40,38,38,88,,73,73,23,18,15,13,0.6,0.7
2024-12-28T1300,3124A,105.9439,26.2564,安顺市,金钟山,细颗粒物(PM2.5),60,43,44,43,38,90,,75,75,16,12,21,16,0.7,0.8
2024-12-28T1300,3125A,105.8983,26.2481,安顺市,娄家坡,细颗粒物(PM2.5),58,51,45,41,39,86,,72,72,14,14,13,17,0.8,0.7
2024-12-28T1300,1818A,114.4839,36.0621,安阳市,棉研所,颗粒物(PM10),60,69,74,21,38,54,,19,19,23,40,11,11,0.3,0.6
2024-12-28T1300,1819A,114.3551,36.1017,安阳市,红庙街,,35,35,63,13,28,64,,36,36,1,25,1,6,0.5,0.8
2024-12-28T1300,1820A,114.361,36.0681,安阳市,银杏小区,,36,36,65,12,29,61,,36,36,13,35,3,6,0.4,0.8
2024-12-28T1300,3141A,114.3922,36.0878,安阳市,信访局,,31,31,60,21,25,62,,36,36,12,30,3,6,0.3,0.6
2024-12-28T1300,3669A,114.4705,36.0637,安阳市,左辅环卫站,,47,47,80,23,39,54,,24,24,20,34,8,8,0.5,0.6
2024-12-28T1300,3703A,114.2917,36.0949,安阳市,安钢职工学校,,47,47,62,12,30,63,,35,33,8,31,3,6,0.3,0.7
2024-12-28T1300,1748A,123.044,41.1196,鞍山市,深沟寺,,43,43,50,13,25,57,,32,32,18,34,14,24,0.9,1.4
2024-12-28T1300,1749A,123.011,41.0931,鞍山市,太阳城,,35,35,57,18,32,60,,33,33,20,36,13,15,0.8,1.1
2024-12-28T1300,1750A,123.0485,41.1442,鞍山市,太平,颗粒物(PM10),51,51,56,25,26,47,,27,27,32,36,25,26,1.6,1.1
2024-12-28T1300,1751A,122.9642,41.0971,鞍山市,铁西三道街,,36,36,88,13,51,59,,28,28,20,45,8,14,0.7,1.2
2024-12-28T1300,1752A,122.9341,41.0833,鞍山市,铁西工业园区,,33,33,94,12,58,66,,36,36,17,51,9,16,0.7,1.5
2024-12-28T1300,1753A,123.022,41.0821,鞍山市,明达新区,,34,34,62,18,34,60,,40,40,15,28,14,18,0.8,1.2
2024-12-28T1300,1754A,123.1289,41.0228,鞍山市,千山,,,,40,,18,,,44,,,22,,10,,0.6
2024-12-28T1300,2195A,107.4212,40.761,巴彦淖尔市,附二中,颗粒物(PM10),69,87,71,13,17,69,,66,64,11,8,6,5,0.4,0.4
2024-12-28T1300,2196A,107.37,40.7372,巴彦淖尔市,市环保大楼,颗粒物(PM10),61,72,71,20,16,72,,65,65,7,5,4,4,0.4,0.4
2024-12-28T1300,1956A,86.1472,41.7538,巴音郭楞蒙古自治州,孔雀公园,颗粒物(PM10),103,155,102,58,34,27,,47,38,50,34,5,3,0.8,0.6
2024-12-28T1300,1957A,86.1972,41.7166,巴音郭楞蒙古自治州,棉纺厂,颗粒物(PM10),109,167,116,32,25,46,,59,52,29,26,4,3,0.5,0.5
2024-12-28T1300,1958A,86.2357,41.7173,巴音郭楞蒙古自治州,经济开发区,颗粒物(PM10),107,163,99,27,23,50,,48,34,29,33,4,3,0.4,0.5
2024-12-28T1300,2914A,106.7677,31.8794,巴中市,苏山坪,,50,49,34,35,24,69,,71,58,18,9,2,3,0.4,0.3
2024-12-28T1300,3182A,106.7656,31.8545,巴中市,丽阳花园,颗粒物(PM10),53,56,60,35,39,55,,20,20,32,40,4,4,0.6,0.7
2024-12-28T1300,3183A,106.7418,31.8654,巴中市,圣泉水务公司,,46,46,44,31,29,66,,36,36,25,33,2,2,0.5,0.4
2024-12-28T1300,3616A,106.7616,31.8344,巴中市,市中心医院,细颗粒物(PM2.5),55,52,58,39,51,50,,18,18,26,36,4,3,0.6,0.7
2024-12-28T1300,2235A,122.7911,45.6077,白城市,洮北区环保局,,24,16,28,14,18,74,,54,54,7,14,6,5,0.3,0.4
2024-12-28T1300,2236A,122.8738,45.5725,白城市,市环保局,,22,12,34,8,20,69,,42,42,5,19,5,5,0.3,0.4
2024-12-28T1300,2231A,126.4219,41.9171,白山市,喜丰,颗粒物(PM10),51,51,66,21,32,56,,24,24,12,32,17,19,0.7,0.9
2024-12-28T1300,2232A,126.4077,41.9419,白山市,环保局,细颗粒物(PM2.5),64,64,78,46,36,51,,23,23,13,23,11,10,0.8,1
2024-12-28T1300,2647A,104.1724,36.5446,白银市,第三小学,细颗粒物(PM2.5),102,91,73,76,45,50,,21,21,29,38,29,83,1.2,1.2
2024-12-28T1300,2648A,104.1465,36.5482,白银市,动力公司,细颗粒物(PM2.5),88,104,51,65,31,59,,25,25,29,33,20,11,1.4,1.1
2024-12-28T1300,2512A,106.6103,23.9011,百色市,市监测站,细颗粒物(PM2.5),52,48,46,36,31,87,,50,50,15,20,11,9,0.7,0.9
2024-12-28T1300,2513A,106.6538,23.8859,百色市,市中心血站,细颗粒物(PM2.5),59,55,65,42,43,85,,46,46,14,31,13,12,0.7,0.9
2024-12-28T1300,3406A,106.6085,23.8798,百色市,祈福高中,,50,50,61,33,33,83,,40,40,12,28,8,7,0.8,0.9
2024-12-28T1300,2270A,117.396,32.939,蚌埠市,工人疗养院,细颗粒物(PM2.5),102,132,113,76,69,66,,31,31,35,42,10,9,0.7,0.7
2024-12-28T1300,2271A,117.3605,32.9427,蚌埠市,百货大楼,细颗粒物(PM2.5),105,126,123,79,75,66,,31,31,32,42,12,9,0.7,0.7
2024-12-28T1300,2273A,117.4185,32.8911,蚌埠市,蚌埠学院,颗粒物(PM10),92,134,126,62,71,70,,30,30,30,40,12,10,0.6,0.6
2024-12-28T1300,2274A,117.3533,32.9673,蚌埠市,淮上区政府,细颗粒物(PM2.5),109,144,139,82,80,69,,31,31,28,45,13,12,0.6,0.6
2024-12-28T1300,2275A,117.3145,32.8977,蚌埠市,高新区,细颗粒物(PM2.5),114,146,131,86,81,68,,27,27,34,50,13,10,0.7,0.7
2024-12-28T1300,3715A,117.3092,32.9314,蚌埠市,蚌埠田家炳中学,细颗粒物(PM2.5),117,141,139,88,84,66,,26,26,30,46,11,10,0.7,0.8
2024-12-28T1300,1585A,109.8756,40.6532,包头市,市环境监测站,颗粒物(PM10),58,65,85,27,22,43,,21,21,39,43,28,23,1.2,1
2024-12-28T1300,1587A,109.9991,40.5842,包头市,包头八中,,47,47,126,25,25,66,,,,19,29,8,11,0.7,0.7
2024-12-28T1300,1588A,109.8538,40.6821,包头市,青山宾馆,颗粒物(PM10),52,53,77,29,23,39,,22,18,42,41,34,15,0.8,0.8
2024-12-28T1300,1589A,109.8642,40.6288,包头市,惠龙物流,颗粒物(PM10),59,68,100,28,25,51,,21,21,26,40,25,24,1.0,1.1
2024-12-28T1300,1590A,110.0377,40.5546,包头市,东河鸿龙湾,,23,23,79,8,15,61,,31,31,15,27,13,10,0.7,0.7
2024-12-28T1300,3283A,109.9154,40.5685,包头市,滨河大厦,颗粒物(PM10),51,51,89,24,14,60,,38,35,26,24,11,7,0.7,0.5
2024-12-28T1300,3419A,109.9447,40.6261,包头市,包头市委党校,,,90,103,36,24,55,,22,22,,47,30,19,1.3,0.8
2024-12-28T1300,3683A,109.8331,40.6576,包头市,昆区政府,颗粒物(PM10),59,68,88,36,25,38,,33,31,42,37,28,20,1.2,1.1
2024-12-28T1300,1930A,107.185,34.3063,宝鸡市,庙沟村,,39,39,38,23,19,60,,46,42,18,21,8,6,0.5,0.4
2024-12-28T1300,1931A,107.0708,34.3017,宝鸡市,竹园沟,颗粒物(PM10),52,54,43,28,23,65,,40,40,18,17,10,6,0.4,0.4
2024-12-28T1300,1932A,107.1906,34.3672,宝鸡市,三陆医院,颗粒物(PM10),65,79,59,35,33,53,,30,30,26,31,7,4,0.6,0.6
2024-12-28T1300,1933A,107.1431,34.3547,宝鸡市,监测站,颗粒物(PM10),59,67,59,33,30,62,,29,29,24,29,10,7,0.6,0.6
2024-12-28T1300,1934A,107.1186,34.3739,宝鸡市,技工学校,颗粒物(PM10),77,103,56,29,29,57,,33,33,24,20,6,9,0.5,0.5
2024-12-28T1300,1935A,107.3906,34.3528,宝鸡市,陈仓区环保局家属楼,颗粒物(PM10),59,68,65,27,43,70,,42,42,19,33,16,38,0.4,0.7
2024-12-28T1300,1936A,107.2058,34.3497,宝鸡市,文理学院,颗粒物(PM10),56,61,55,30,28,68,,36,36,18,29,8,5,0.5,0.5
2024-12-28T1300,1937A,107.2386,34.3622,宝鸡市,三迪小学,颗粒物(PM10),61,72,58,31,31,56,,30,30,24,32,10,5,0.7,0.7
2024-12-28T1300,1051A,115.493,38.8632,保定市,游泳馆,,25,25,46,6,12,75,,44,44,8,25,3,3,0.3,0.2
2024-12-28T1300,1052A,115.5213,38.8959,保定市,华电二区,,42,42,36,25,17,68,,44,44,2,13,4,3,0,0
2024-12-28T1300,1053A,115.4713,38.9108,保定市,接待中心,,35,35,42,12,13,74,,50,50,1,13,2,2,0.2,0.2
2024-12-28T1300,1054A,115.4612,38.8416,保定市,地表水厂,,38,38,59,8,14,79,,49,49,2,19,2,2,0.1,0.1
2024-12-28T1300,3581A,115.31981,38.95208,保定市,满城区生态环境分局,,29,29,41,7,12,79,,60,60,5,13,1,2,0,0
2024-12-28T1300,3582A,115.47694,38.76408,保定市,清苑区第二中学,,41,41,42,3,8,67,,46,46,11,18,2,2,0.3,0.3
2024-12-28T1300,3583A,115.62909,39.02311,保定市,徐水物探局,,40,40,39,7,8,72,,30,30,6,30,5,2,0.1,0.2
2024-12-28T1300,4004A,115.4202,38.8656,保定市,双鹰农机,,30,30,44,7,15,79,,47,47,3,19,3,3,0,0
2024-12-28T1300,4034A,115.5150,38.8590,保定市,植保所站,,41,41,49,10,19,73,,42,42,4,19,5,4,0.1,0.2
2024-12-28T1300,2594A,99.1678,25.1081,保山市,市环境监测站,,48,48,38,25,26,98,,50,50,12,11,6,4,0.4,0.4
2024-12-28T1300,2595A,99.1711,25.1328,保山市,市环保局,"颗粒物(PM10),细颗粒物(PM2.5)",53,56,39,37,32,93,,56,52,12,8,6,6,0.5,0.5
2024-12-28T1300,1866A,109.2262,21.588,北海市,牛尾岭水库,,,51,51,44,61,89,,70,70,,13,7,6,0.6,0.7
2024-12-28T1300,1867A,109.1436,21.4086,北海市,海滩公园,细颗粒物(PM2.5),64,68,66,46,59,102,,83,83,17,17,9,7,0.5,0.7
2024-12-28T1300,1868A,109.0981,21.4661,北海市,新市环保局,细颗粒物(PM2.5),70,60,62,51,61,105,,85,85,16,17,9,7,0.8,1
2024-12-28T1300,1869A,109.1778,21.5233,北海市,北海工业园,细颗粒物(PM2.5),74,68,72,54,64,106,,84,84,14,16,11,10,0.8,0.9
2024-12-28T1300,3400A,109.1911,21.4415,北海市,龙潭自来水厂,细颗粒物(PM2.5),77,70,64,56,64,101,,79,79,16,16,11,8,0.8,0.9
2024-12-28T1300,1001A,116.3621,39.8784,北京市,万寿西宫,,40,40,26,11,7,61,,52,52,12,24,4,3,0.2,0.3
2024-12-28T1300,1002A,116.2202,40.2915,北京市,定陵,,34,34,21,10,7,49,,36,36,3,4,3,2,0.2,0.2
2024-12-28T1300,1003A,116.4174,39.9289,北京市,东四,,44,44,29,10,8,64,,51,50,8,14,1,2,0.1,0.2
2024-12-28T1300,1004A,116.4072,39.8863,北京市,天坛,,45,45,26,11,8,71,,45,45,5,16,1,2,0.2,0.2
2024-12-28T1300,1005A,116.462,39.9365,北京市,农展馆,,38,38,24,12,8,72,,58,57,6,11,1,1,0.4,0.3
2024-12-28T1300,1006A,116.3392,39.9295,北京市,官园,,47,47,27,11,7,65,,57,57,5,9,5,3,0.2,0.2
2024-12-28T1300,1007A,116.2878,39.9611,北京市,海淀万柳,,43,43,24,13,6,63,,58,55,6,9,3,2,0.3,0.3
2024-12-28T1300,1008A,116.6636,40.135,北京市,顺义新城,,42,42,25,14,7,62,,35,35,6,14,2,2,0.3,0.2
2024-12-28T1300,1009A,116.6275,40.3275,北京市,怀柔镇,,40,40,16,12,6,62,,29,25,6,16,2,2,0.5,0.5
2024-12-28T1300,1010A,116.2296,40.217,北京市,昌平镇,颗粒物(PM10),55,60,31,14,9,68,,57,57,3,7,3,2,0.3,0.3
2024-12-28T1300,1011A,116.3966,39.9821,北京市,奥体中心,,39,39,27,10,7,66,,50,50,5,14,4,4,0.4,0.3
2024-12-28T1300,1012A,116.184,39.9136,北京市,古城,颗粒物(PM10),51,51,30,12,8,67,,62,62,5,5,7,6,0.2,0.2
2024-12-28T1300,3281A,115.9718,40.4529,北京市,延庆夏都,颗粒物(PM10),66,82,29,15,7,57,,53,50,7,5,3,2,0.3,0.2
2024-12-28T1300,3417A,117.0709,40.1465,北京市,平谷新城,,33,33,16,9,7,55,,26,26,9,12,2,2,0.3,0.3
2024-12-28T1300,3418A,116.8336,40.4095,北京市,密云新城,,27,27,20,10,8,50,,18,17,14,18,2,2,0.2,0.2
2024-12-28T1300,3671A,116.088,39.9726,北京市,门头沟三家店,颗粒物(PM10),64,77,35,11,6,62,,57,57,6,7,5,4,0.2,0.2
2024-12-28T1300,3672A,116.1541,39.8204,北京市,丰台云岗,,32,32,28,9,10,53,,43,34,16,12,2,2,0.4,0.3
2024-12-28T1300,3673A,116.6804,39.9081,北京市,通州东关,颗粒物(PM10),54,58,36,12,9,57,,35,35,6,22,1,2,0.0,0.1
2024-12-28T1300,3674A,115.9577,39.7603,北京市,房山燕山,,31,31,23,8,10,71,,54,54,14,12,1,2,0.3,0.3
2024-12-28T1300,3675A,116.4672,39.7733,北京市,大兴旧宫,,44,44,29,12,8,52,,24,24,16,24,1,3,0.3,0.2
2024-12-28T1300,3694A,115.986,40.4563,北京市,延庆石河营,颗粒物(PM10),58,66,24,15,7,58,,51,48,7,5,2,2,0.3,0.2
2024-12-28T1300,3695A,116.6151,40.3053,北京市,怀柔新城,,41,41,16,14,8,61,,28,26,5,14,2,2,0.2,0.2
2024-12-28T1300,3696A,116.2545,39.8768,北京市,丰台小屯,,39,39,27,11,8,57,,52,52,5,9,4,3,0.3,0.3
2024-12-28T1300,3697A,116.84,40.3844,北京市,密云镇,,31,31,24,9,8,50,,18,18,13,31,3,3,0.3,0.3
2024-12-28T1300,1761A,123.8275,41.3064,本溪市,大峪,,,25,53,21,30,54,,24,24,,37,19,12,1.1,1.7
2024-12-28T1300,1762A,123.7567,41.3325,本溪市,溪湖,,37,37,56,11,26,55,,34,34,18,25,18,11,0.8,0.9
2024-12-28T1300,1763A,123.7169,41.3094,本溪市,彩屯,,29,26,58,20,39,57,,28,28,19,26,18,12,1.0,1
2024-12-28T1300,1764A,123.7669,41.2864,本溪市,东明,颗粒物(PM10),54,58,70,16,36,52,,24,24,25,30,22,14,1.4,1.4
2024-12-28T1300,1765A,123.7992,41.2664,本溪市,新立屯,,42,42,41,12,18,57,,35,35,23,39,21,12,1.6,1.2
2024-12-28T1300,1766A,123.8142,41.3472,本溪市,威宁,颗粒物(PM10),54,58,89,12,33,60,,26,26,18,38,11,6,0.8,1
2024-12-28T1300,2587A,105.2864,27.3125,毕节市,八中,,33,30,45,23,33,66,,64,53,16,12,8,6,0.6,0.6
2024-12-28T1300,2588A,105.31,27.2944,毕节市,师专,,35,34,48,24,35,63,,63,51,16,12,11,6,0.6,0.6
2024-12-28T1300,3537A,105.3631,27.3533,毕节市,长征村,,36,29,43,25,38,76,,66,62,8,8,8,7,0.6,0.6
2024-12-28T1300,1629A,118.0018,37.3617,滨州市,第二水厂,颗粒物(PM10),64,78,82,14,24,62,,32,32,16,34,15,14,0.6,0.6
2024-12-28T1300,1630A,117.9776,37.393,滨州市,北中新校,颗粒物(PM10),60,70,77,17,27,67,,33,33,13,35,11,18,0.7,0.7
2024-12-28T1300,3514A,117.9378,37.3956,滨州市,中海酒店,颗粒物(PM10),56,61,72,29,30,59,,29,29,16,35,8,12,0.4,0.6
2024-12-28T1300,3515A,117.9378,37.3553,滨州市,开发区一中,颗粒物(PM10),68,85,84,19,27,50,,27,27,21,42,18,16,0.4,0.5
2024-12-28T1300,3516A,118.0917,37.694,滨州市,金海六路,颗粒物(PM10),58,66,79,12,25,59,,28,28,12,33,6,7,0.5,0.7
2024-12-28T1300,4028A,117.9956,37.3753,滨州市,滨州市西街道办事处,颗粒物(PM10),62,73,82,22,33,59,,28,28,17,33,12,19,0.8,0.9
2024-12-28T1300,2311A,115.8072,33.8399,亳州市,污水处理厂,,40,40,100,9,51,57,,34,34,14,33,3,5,0.4,0.6
2024-12-28T1300,2312A,115.7789,33.8518,亳州市,三国揽胜宫,,46,46,110,15,58,60,,40,40,17,36,4,6,0.4,0.6
2024-12-28T1300,3332A,115.7633,33.8034,亳州市,亳州学院,,41,41,104,7,54,62,,38,38,12,32,4,5,0.3,0.6
2024-12-28T1300,2693A,82.0485,44.8556,博尔塔拉蒙古自治州,市党校,细颗粒物(PM2.5),85,95,83,63,66,44,,34,34,22,30,13,10,1.2,1.2
2024-12-28T1300,2694A,82.0806,44.8969,博尔塔拉蒙古自治州,市环保局,细颗粒物(PM2.5),113,152,113,85,63,30,,30,30,36,34,11,9,1.8,1.4
2024-12-28T1300,1071A,116.8842,38.2991,沧州市,沧县城建局,颗粒物(PM10),56,61,58,20,22,50,,24,24,20,41,7,5,0.7,0.8
2024-12-28T1300,1072A,116.8584,38.3254,沧州市,电视转播站,,46,46,54,12,18,56,,26,26,25,43,7,5,0.4,0.4
2024-12-28T1300,1073A,116.8709,38.3228,沧州市,市环保局,,49,49,49,15,28,55,,28,28,16,32,6,5,0.4,0.4
2024-12-28T1300,3324A,116.8136,38.3004,沧州市,河北水利电力学院,颗粒物(PM10),59,68,66,13,27,52,,24,24,12,35,9,9,0.3,0.4
2024-12-28T1300,2622A,97.1806,31.1273,昌都市,昌都监测站,,29,29,34,12,17,60,,42,42,19,32,6,6,0.8,0.9
2024-12-28T1300,3719A,97.1714,31.1406,昌都市,昌都会议中心,,20,11,10,10,9,61,,48,47,14,10,4,4,0.7,0.7
2024-12-28T1300,2690A,88.1236,43.8886,昌吉回族自治州,天山天池,,24,6,1,3,2,74,,81,78,2,2,9,7,0.2,0.3
2024-12-28T1300,2692A,87.2717,44.0297,昌吉回族自治州,新区政务中心,颗粒物(PM10),53,55,122,20,76,56,,12,12,29,60,10,8,0.8,1.5
2024-12-28T1300,3613A,87.3095,44.0142,昌吉回族自治州,亚心广场,颗粒物(PM10),56,61,113,36,90,55,,20,20,38,70,10,8,0.9,1.3
2024-12-28T1300,1119A,125.3325,43.9166,长春市,食品厂,,35,35,39,24,24,49,,33,33,18,29,11,14,0.3,0.4
2024-12-28T1300,1120A,125.2863,43.9027,长春市,客车厂,,28,28,40,17,28,49,,32,32,14,30,11,19,0.3,0.4
2024-12-28T1300,1121A,125.2841,43.8463,长春市,邮电学院,,36,36,39,15,24,54,,35,35,12,31,13,22,0.3,0.4
2024-12-28T1300,1122A,125.3716,43.8772,长春市,劳动公园,,38,38,36,16,21,57,,40,40,14,29,10,16,0.5,0.6
2024-12-28T1300,1123A,125.3297,43.8805,长春市,园林处,,23,23,34,16,21,52,,39,39,12,22,8,9,0.6,0.7
2024-12-28T1300,1124A,125.4605,43.79,长春市,净月潭,,27,27,38,13,22,57,,34,34,8,20,8,8,0.3,0.5
2024-12-28T1300,1125A,125.7194,43.515,长春市,甩湾子,,,,,,,,,,,,,,,,
2024-12-28T1300,1126A,125.3863,43.8447,长春市,经开区环卫处,,31,31,40,13,20,49,,33,33,15,32,18,18,0.3,0.5
2024-12-28T1300,1127A,125.245,43.7783,长春市,高新区管委会,,26,26,43,16,28,56,,35,35,10,33,8,8,0.4,0.6
2024-12-28T1300,1128A,125.1761,43.8325,长春市,岱山公园,,31,31,38,15,30,56,,43,43,7,21,7,7,0.4,0.5
2024-12-28T1300,1335A,113.0833,28.2325,长沙市,经开区环保局,颗粒物(PM10),58,66,150,21,95,90,,51,50,13,33,4,7,0.4,0.8
2024-12-28T1300,1336A,112.8872,28.2189,长沙市,高开区环保局,颗粒物(PM10),79,108,166,36,112,73,,42,42,17,28,7,9,0.7,1
2024-12-28T1300,1337A,113.0792,28.2053,长沙市,马坡岭,颗粒物(PM10),61,71,139,40,105,84,,52,50,18,32,5,7,0.5,0.9
2024-12-28T1300,1338A,112.9394,28.19,长沙市,湖南师范大学,细颗粒物(PM2.5),64,71,161,46,108,77,,48,48,20,31,7,8,0.7,0.9
2024-12-28T1300,1339A,113.0178,28.1322,长沙市,雨花区环保局,颗粒物(PM10),67,83,141,35,95,75,,51,50,24,35,7,9,0.6,0.8
2024-12-28T1300,1340A,112.9792,28.2597,长沙市,伍家岭,颗粒物(PM10),80,110,165,39,107,74,,33,32,21,38,5,7,0.6,0.9
2024-12-28T1300,1341A,113.0014,28.1944,长沙市,火车新站,颗粒物(PM10),74,98,157,51,111,74,,45,45,24,36,5,7,0.6,0.9
2024-12-28T1300,1342A,112.9844,28.1178,长沙市,天心区环保局,颗粒物(PM10),73,96,159,40,103,76,,49,49,20,32,5,6,0.6,1
2024-12-28T1300,1343A,112.8908,28.1308,长沙市,湖南中医药大学,颗粒物(PM10),78,105,165,51,122,81,,47,47,21,32,8,10,0.0,0.4
2024-12-28T1300,1344A,112.9581,28.3611,长沙市,沙坪,细颗粒物(PM2.5),58,49,135,41,118,80,,48,48,9,24,8,11,0.4,1
2024-12-28T1300,1727A,113.1147,36.1547,长治市,清华站,,26,26,29,7,5,59,,33,33,17,20,14,10,0.4,0.5
2024-12-28T1300,1728A,113.1031,36.1989,长治市,监测站,,26,26,33,12,11,67,,38,38,12,19,8,9,0.4,0.5
2024-12-28T1300,1730A,113.0886,36.2125,长治市,审计局,,29,29,34,9,7,65,,38,36,11,19,8,9,0.4,0.4
2024-12-28T1300,1731A,113.0844,36.1856,长治市,长治八中,,38,38,42,20,16,64,,37,37,13,20,10,9,0.3,0.4
2024-12-28T1300,2845A,113.1569,36.1911,长治市,德盛苑,,,26,31,7,6,,,49,,13,14,6,6,0.6,0.6
2024-12-28T1300,3568A,113.06,36.0464,长治市,向阳小学,,37,37,44,3,14,71,,49,49,11,17,8,10,0.4,0.4
2024-12-28T1300,3569A,112.8792,36.3144,长治市,屯留一中,,24,9,23,3,5,74,,54,54,16,22,9,8,0.5,0.5
2024-12-28T1300,3570A,113.235,36.3489,长治市,潞城四中,,45,45,52,17,12,61,,39,39,16,20,17,14,0.9,0.7
2024-12-28T1300,1854A,111.6975,28.9703,常德市,市二中,细颗粒物(PM2.5),67,82,162,48,125,65,,46,46,21,24,5,8,0.5,0.9
2024-12-28T1300,1857A,111.7158,29.1456,常德市,白鹤山,,,,,,,,,,,,,,,,
2024-12-28T1300,3138A,111.7153,29.0289,常德市,武陵区永安,颗粒物(PM10),68,86,165,48,119,82,,58,58,9,20,4,7,0.5,0.9
2024-12-28T1300,3139A,111.6892,28.9881,常德市,鼎城区玉霞,颗粒物(PM10),70,90,166,46,116,71,,44,44,14,24,5,7,0.4,0.9
2024-12-28T1300,3140A,111.6625,29.0531,常德市,武陵区长庚,颗粒物(PM10),69,87,171,45,119,75,,48,48,11,21,3,6,0.5,0.9
2024-12-28T1300,1196A,119.9633,31.762,常州市,市监测站,,45,45,78,27,49,63,,40,40,24,45,10,11,0.5,0.6
2024-12-28T1300,1200A,119.9468,31.7069,常州市,武进监测站,,49,49,77,21,49,64,,40,40,17,48,10,7,0.3,0.6
2024-12-28T1300,1201A,119.9255,31.9087,常州市,安家,,,,81,,54,63,,24,24,10,54,9,11,,0.8
2024-12-28T1300,3002A,119.9805,31.8174,常州市,行政中心,,37,37,68,25,49,56,,33,33,18,41,6,9,0.4,0.6
2024-12-28T1300,3003A,120.0522,31.7748,常州市,经开区,颗粒物(PM10),55,59,79,22,44,65,,43,43,23,44,12,15,0.7,0.8
2024-12-28T1300,3010A,119.9025,31.7964,常州市,钟楼,,,43,75,,50,63,,34,34,20,50,9,11,0.5,0.8
2024-12-28T1300,3429A,119.8598,31.7066,常州市,武进经发区,颗粒物(PM10),51,51,91,22,53,69,,46,46,17,42,5,6,0.4,0.6
2024-12-28T1300,3430A,119.5826,31.7245,常州市,金坛城区,颗粒物(PM10),53,56,82,28,48,69,,49,49,17,31,9,10,0.6,0.7
2024-12-28T1300,2220A,120.4318,41.5881,朝阳市,西梁,,32,32,32,3,13,75,,45,45,2,11,2,8,0.5,0.8
2024-12-28T1300,2221A,120.4521,41.5646,朝阳市,河畔小区,,42,42,28,8,11,68,,50,50,10,12,6,9,0.7,0.7
2024-12-28T1300,2222A,120.4176,41.5648,朝阳市,八里堡,,27,27,38,3,13,70,,42,42,6,17,7,16,0.3,0.9
2024-12-28T1300,2223A,120.3806,41.5969,朝阳市,农业园区,,27,22,28,8,13,84,,58,58,1,9,5,11,0.5,0.6
2024-12-28T1300,1705A,116.6367,23.6719,潮州市,西园路,细颗粒物(PM2.5),60,54,86,43,68,84,,70,70,14,22,6,7,0.2,0.3
2024-12-28T1300,3026A,116.6183,23.6608,潮州市,市政府,细颗粒物(PM2.5),58,58,70,41,54,86,,71,71,14,20,4,6,0.7,0.7
2024-12-28T1300,4036A,116.6461,23.6761,潮州市,金山,细颗粒物(PM2.5),64,63,69,46,62,76,,63,63,12,20,6,7,0.8,0.8
2024-12-28T1300,2472A,113.0073,25.9061,郴州市,马头岭,细颗粒物(PM2.5),124,153,156,94,104,93,,72,72,34,33,14,14,1.0,1
2024-12-28T1300,2473A,113.0116,25.8226,郴州市,市职中,细颗粒物(PM2.5),137,124,129,104,116,108,,73,73,21,28,10,10,1.0,1
2024-12-28T1300,2474A,113.0161,25.8001,郴州市,兴隆步行街,细颗粒物(PM2.5),168,155,150,127,126,99,,70,70,26,31,11,10,0.9,0.9
2024-12-28T1300,2475A,113.0383,25.8071,郴州市,市审计局,细颗粒物(PM2.5),155,132,135,118,121,104,,73,73,20,24,10,10,1.0,1
2024-12-28T1300,2476A,113.0348,25.7759,郴州市,市环保局,细颗粒物(PM2.5),162,137,139,123,129,103,,76,76,21,26,11,10,1.0,0.9
2024-12-28T1300,1431A,103.9728,30.7236,成都市,金泉两河,细颗粒物(PM2.5),123,136,114,93,87,5,,2,2,68,55,4,3,1.2,1
2024-12-28T1300,1432A,104.176,30.6872,成都市,十里店,颗粒物(PM10),56,61,111,34,80,44,,10,10,44,61,3,2,0.5,0.9
2024-12-28T1300,1433A,104.079,30.5706,成都市,三瓦窑,细颗粒物(PM2.5),109,110,106,82,76,22,,14,14,55,49,2,2,0.9,0.9
2024-12-28T1300,1434A,104.1114,30.63,成都市,沙河铺,细颗粒物(PM2.5),69,82,99,50,75,22,,8,8,53,48,4,2,0.6,0.8
2024-12-28T1300,1437A,104.0786,30.6531,成都市,君平街,细颗粒物(PM2.5),104,106,102,78,82,15,,11,11,65,54,5,5,1.0,0.9
2024-12-28T1300,1438A,103.613,31.0283,成都市,灵岩寺,,,,,,,,,,,,,,,,
2024-12-28T1300,2880A,104.0239,30.65639,成都市,大石西路,细颗粒物(PM2.5),107,112,104,80,77,10,,12,12,65,52,4,4,1.0,0.8
2024-12-28T1300,3136A,104.2725,30.5589,成都市,龙泉驿区区政府,,31,31,85,14,61,78,,41,41,13,35,4,2,0.5,0.8
2024-12-28T1300,3357A,104.0106,30.6931,成都市,金博路,细颗粒物(PM2.5),110,123,109,83,79,7,,4,4,68,56,2,2,1.1,0.9
2024-12-28T1300,3359A,104.0578,30.5225,成都市,华阳,细颗粒物(PM2.5),67,80,111,48,82,39,,17,17,44,50,1,2,0.5,0.9
2024-12-28T1300,3487A,104.2394,30.5319,成都市,车城东七路,,24,21,94,14,70,76,,29,29,10,48,2,2,0.4,0.9
2024-12-28T1300,3488A,104.3853,30.7453,成都市,青白江技师分院,细颗粒物(PM2.5),57,56,96,40,74,31,,9,9,39,44,4,4,0.7,0.8
2024-12-28T1300,3489A,104.0789,30.4072,成都市,科学城,,35,34,97,24,78,70,,26,26,13,41,4,4,0.3,0.8
2024-12-28T1300,4011A,103.8506,30.6947,成都市,光华大道三段,细颗粒物(PM2.5),115,112,122,87,92,10,,3,3,60,48,2,2,1.1,1
2024-12-28T1300,1062A,117.9531,40.9081,承德市,铁路,,15,14,35,3,12,48,,24,19,24,19,14,5,0.4,0.5
2024-12-28T1300,1063A,117.9392,40.9763,承德市,中国银行,,,32,42,,13,57,,22,22,12,17,,2,0.4,0.4
2024-12-28T1300,1064A,117.9503,40.928,承德市,开发区,颗粒物(PM10),51,51,40,23,18,49,,21,21,26,20,9,4,0.5,0.5
2024-12-28T1300,1065A,117.8051,40.9655,承德市,文化中心,,22,14,45,3,16,70,,27,27,7,21,13,6,0.3,0.5
2024-12-28T1300,1066A,117.9268,41.0026,承德市,离宫,,36,36,36,16,16,54,,,,11,11,6,6,0.3,0.3
2024-12-28T1300,2314A,117.47,30.6618,池州市,池州学院,颗粒物(PM10),66,81,135,47,87,73,,37,37,18,33,8,9,0.4,0.7
2024-12-28T1300,3237A,117.4918,30.6617,池州市,展览馆,细颗粒物(PM2.5),63,62,127,45,90,71,,32,32,17,33,10,8,0.5,0.8
2024-12-28T1300,3333A,117.5627,30.695,池州市,第八中学,颗粒物(PM10),52,53,131,33,86,76,,39,39,19,37,8,8,0.3,0.7
2024-12-28T1300,3334A,117.5038,30.6243,池州市,第十二中学,细颗粒物(PM2.5),52,49,120,36,64,80,,33,33,17,38,8,7,0.2,0.6
2024-12-28T1300,1744A,118.9233,42.2816,赤峰市,松山一中,,24,24,25,10,7,66,,50,50,12,18,8,10,0.5,0.6
2024-12-28T1300,1745A,118.9576,42.2728,赤峰市,哈达街,,27,27,18,12,6,73,,59,59,17,20,5,5,0.5,0.6
2024-12-28T1300,1746A,118.8788,42.2554,赤峰市,天义路,,23,23,18,6,6,63,,58,58,13,13,6,7,0.4,0.5
2024-12-28T1300,3058A,119.2658,42.0353,赤峰市,银河街,颗粒物(PM10),55,59,36,33,19,61,,37,37,16,22,15,19,0.6,0.8
2024-12-28T1300,3286A,118.9359,42.3147,赤峰市,桥北物流园区,,37,37,14,20,10,70,,51,51,12,20,6,9,0.7,0.6
2024-12-28T1300,2521A,107.3476,22.4136,崇左市,市环保局江州分局,,44,44,58,18,40,64,,48,48,7,17,5,4,0.5,0.8
2024-12-28T1300,2522A,107.3702,22.3707,崇左市,城南新区,,31,22,47,11,41,97,,70,70,9,16,6,5,0.6,0.8
2024-12-28T1300,2298A,118.3093,32.3153,滁州市,老年大学,颗粒物(PM10),55,59,82,23,47,77,,54,54,18,30,6,6,0.4,0.6
2024-12-28T1300,2299A,118.3244,32.2786,滁州市,人大宾馆,颗粒物(PM10),55,60,83,29,44,76,,58,58,9,18,10,10,0.4,0.6
2024-12-28T1300,3207A,118.3118,32.3038,滁州市,市政府原办公楼,颗粒物(PM10),55,60,77,24,48,76,,53,53,17,32,7,7,0.6,0.8
2024-12-28T1300,3331A,118.3267,32.2634,滁州市,图书馆,,41,41,76,22,35,77,,57,57,17,25,8,8,0.7,0.8
2024-12-28T1300,2605A,101.5482,25.0441,楚雄彝族自治州,州环境监测站,,38,38,44,22,37,73,,24,24,4,26,4,7,0.4,0.6
2024-12-28T1300,2606A,101.538,25.0492,楚雄彝族自治州,市经济开发区,,38,,47,26,38,71,,24,24,6,21,7,8,0.5,0.7
2024-12-28T1300,2548A,107.5277,31.2827,达州市,达州职业技术学院,细颗粒物(PM2.5),68,55,85,49,73,72,,26,26,13,28,18,7,0.7,0.7
2024-12-28T1300,2549A,107.5086,31.2186,达州市,市环境监测站,细颗粒物(PM2.5),73,84,85,53,55,53,,18,18,34,45,13,7,1.0,1
2024-12-28T1300,2550A,107.4988,31.2132,达州市,凤凰小区,细颗粒物(PM2.5),73,83,83,53,58,61,,22,22,26,45,18,9,0.9,0.9
2024-12-28T1300,2551A,107.5082,31.1986,达州市,达县机关宾馆,细颗粒物(PM2.5),75,80,86,55,59,53,,18,18,34,46,14,7,1.1,1.1
2024-12-28T1300,2552A,107.4644,31.2124,达州市,市政中心,,,76,86,41,57,58,,19,19,28,53,15,9,,1
2024-12-28T1300,2614A,100.1542,25.7054,大理白族自治州,大理市环境监测站,,32,,29,22,26,85,,87,80,4,8,7,7,0.7,0.6
2024-12-28T1300,2615A,100.2171,25.5811,大理白族自治州,大理古城,,37,37,36,22,26,98,,66,65,8,17,6,6,0.8,0.8
2024-12-28T1300,1109A,121.612,38.9741,大连市,甘井子,,23,19,23,6,10,71,,65,65,11,15,6,8,0.6,0.6
2024-12-28T1300,1110A,121.565,38.9511,大连市,周水子,,21,20,25,7,10,66,,56,56,16,20,7,8,0.6,0.4
2024-12-28T1300,1111A,121.5637,38.8845,大连市,星海三站,,24,16,20,6,9,74,,64,64,6,9,8,10,0.8,0.7
2024-12-28T1300,1112A,121.6302,38.9117,大连市,青泥洼桥,,,14,23,7,11,58,,46,44,9,15,9,13,,0.4
2024-12-28T1300,1113A,121.6251,38.8638,大连市,傅家庄,,23,16,20,3,9,71,,60,60,6,11,10,15,0.5,0.5
2024-12-28T1300,1114A,121.5213,38.8661,大连市,七贤岭,,23,11,17,6,8,73,,68,68,8,9,12,11,0.7,0.6
2024-12-28T1300,1115A,121.2529,38.8061,大连市,旅顺,,23,17,12,6,7,72,,68,68,10,9,10,10,0.7,0.5
2024-12-28T1300,1116A,121.7485,39.1311,大连市,金州,,23,17,32,3,18,73,,55,55,6,12,6,8,0.5,0.6
2024-12-28T1300,1117A,121.7811,39.0496,大连市,开发区,,22,22,24,6,15,69,,52,52,8,18,8,10,0.4,0.5
2024-12-28T1300,1118A,121.9762,39.0631,大连市,双D港,,25,16,27,3,13,80,,66,66,8,11,8,10,0.5,0.6
2024-12-28T1300,1789A,124.81117,46.03138,大庆市,大同区,,26,26,49,17,29,53,,34,34,6,21,6,7,0.4,0.6
2024-12-28T1300,1790A,125.129,46.533,大庆市,龙凤区,,38,38,49,16,31,61,,43,43,8,32,9,16,0.4,0.6
2024-12-28T1300,1791A,124.902,46.408,大庆市,红岗区,,24,24,34,13,20,53,,34,34,6,23,9,7,0.3,0.5
2024-12-28T1300,1792A,125.153,46.586,大庆市,萨尔图区,,24,24,35,16,24,57,,45,44,11,31,6,7,0.3,0.4
2024-12-28T1300,1793A,124.9042,46.6215,大庆市,让胡路区,,,,41,,31,58,,49,43,8,21,8,7,,0.6
2024-12-28T1300,3481A,125.141,46.634,大庆市,萨区政府监测点,,26,26,35,12,17,60,,39,39,7,30,8,7,0.4,0.6
2024-12-28T1300,1721A,113.3819,40.1097,大同市,果树场,颗粒物(PM10),54,57,69,16,22,57,,30,30,26,37,12,11,0.4,0.7
2024-12-28T1300,1723A,113.2994,40.0758,大同市,云冈宾馆,,43,43,78,8,18,67,,42,27,13,18,12,11,0.7,0.8
2024-12-28T1300,1724A,113.3444,40.0917,大同市,大同大学,颗粒物(PM10),60,70,71,20,16,53,,33,30,19,18,14,13,0.6,0.7
2024-12-28T1300,1725A,113.2661,40.1269,大同市,安家小村,,43,43,77,3,14,69,,36,36,6,17,14,18,0.4,1
2024-12-28T1300,1726A,113.2711,40.0844,大同市,教育学院,颗粒物(PM10),68,85,80,6,13,63,,46,38,17,22,7,9,0.4,0.5
2024-12-28T1300,3282A,113.3397,40.0597,大同市,大同市卫生学校,颗粒物(PM10),52,54,84,9,18,61,,40,27,15,20,8,9,0.5,0.5
2024-12-28T1300,3565A,113.1367,40.1122,大同市,云冈站,,34,34,68,13,14,72,,51,49,9,13,10,12,0.3,0.4
2024-12-28T1300,3566A,113.1186,40.2556,大同市,图书馆,,50,50,59,18,19,60,,35,35,15,14,16,16,0.3,0.4
2024-12-28T1300,3567A,113.5931,40.0461,大同市,区一中,颗粒物(PM10),58,66,82,10,13,52,,34,34,22,27,36,22,0.5,0.6
2024-12-28T1300,3676A,113.2802,40.0995,大同市,第二人民医院,颗粒物(PM10),68,86,89,28,21,65,,40,32,15,21,13,14,0.7,1
2024-12-28T1300,2269A,124.1069,50.4097,大兴安岭地区,科技局,,18,13,14,10,14,57,,66,61,3,4,5,5,0.3,0.4
2024-12-28T1300,3663A,124.1164,50.4278,大兴安岭地区,红旗社区,,17,7,7,6,6,54,,61,57,2,4,3,3,0.3,0.3
2024-12-28T1300,1600A,124.3303,40.0625,丹东市,江湾东路,,41,41,64,13,42,60,,27,27,8,23,16,23,0.5,1.4
2024-12-28T1300,1601A,124.4256,40.1503,丹东市,临江后街,细颗粒物(PM2.5),57,44,52,40,39,61,,29,29,13,32,15,18,0.9,1
2024-12-28T1300,1602A,124.3933,40.1461,丹东市,元宝山,颗粒物(PM10),53,55,45,31,28,50,,23,22,15,21,21,14,1.2,0.9
2024-12-28T1300,1603A,124.3633,40.1092,丹东市,民主桥,颗粒物(PM10),54,58,57,23,36,56,,24,24,10,33,14,13,0.6,1.1
2024-12-28T1300,3541A,109.5726,19.5167,儋州市,第一中学子站,细颗粒物(PM2.5),60,58,61,43,43,76,,64,64,14,14,7,6,0.7,0.8
2024-12-28T1300,3542A,109.5567,19.5187,儋州市,东坡学校子站,细颗粒物(PM2.5),62,53,58,44,45,78,,70,68,13,13,7,5,0.8,0.8
2024-12-28T1300,2616A,98.5842,24.428,德宏傣族景颇族自治州,德宏州监测站,细颗粒物(PM2.5),70,75,72,51,49,73,,24,24,21,31,29,13,0.5,0.6
2024-12-28T1300,3677A,98.5881,24.4368,德宏傣族景颇族自治州,芒市人民政府综合楼,细颗粒物(PM2.5),73,87,61,53,40,74,,35,30,20,16,15,8,0.5,0.6
2024-12-28T1300,1901A,104.4239,31.1208,德阳市,东山公园,颗粒物(PM10),75,100,97,54,72,42,,45,40,31,34,3,3,0.7,0.7
2024-12-28T1300,1902A,104.3826,31.1317,德阳市,西小区,细颗粒物(PM2.5),102,120,118,76,89,26,,7,7,44,47,3,3,0.9,1
2024-12-28T1300,1904A,104.3553,31.1091,德阳市,耐火材料厂,细颗粒物(PM2.5),92,92,117,68,93,21,,7,7,47,43,6,6,0.7,0.9
2024-12-28T1300,3639A,104.4019,31.1244,德阳市,市教育局,颗粒物(PM10),76,101,95,47,73,37,,10,10,33,47,4,4,0.9,1.1
2024-12-28T1300,1622A,116.3032,37.4674,德州市,儿童乐园,颗粒物(PM10),53,56,80,7,17,66,,41,41,14,28,10,9,0.6,0.6
2024-12-28T1300,1624A,116.2991,37.4451,德州市,监理站,,41,41,67,12,13,67,,37,37,16,25,17,12,0.8,0.7
2024-12-28T1300,3066A,116.2721,37.4379,德州市,九衢泉纯净水厂,颗粒物(PM10),51,51,73,12,18,67,,31,31,15,30,12,12,0.4,0.4
2024-12-28T1300,3371A,116.3728,37.4403,德州市,开发区人民医院,颗粒物(PM10),53,56,72,9,14,65,,39,39,16,23,15,10,0.5,0.5
2024-12-28T1300,3372A,116.3572,37.4094,德州市,太阳城中学,颗粒物(PM10),52,53,77,14,18,69,,38,38,16,26,11,10,0.5,0.5
2024-12-28T1300,3511A,116.5652,37.3319,德州市,陵城艺术中心,颗粒物(PM10),54,58,83,14,22,61,,33,33,15,32,13,10,0.7,0.7
2024-12-28T1300,2621A,99.7056,27.8317,迪庆藏族自治州,迪庆州站,细颗粒物(PM2.5),52,36,30,36,22,98,,66,66,16,14,8,7,0.8,0.7
2024-12-28T1300,3180A,99.7136,27.8094,迪庆藏族自治州,质量技术监督局,颗粒物(PM10),54,57,29,33,19,90,,53,53,26,17,9,8,1.0,0.7
2024-12-28T1300,2663A,104.6241,35.5734,定西市,东关小学,颗粒物(PM10),55,60,78,31,45,55,,22,22,12,24,12,12,0.6,0.9
2024-12-28T1300,2664A,104.6194,35.5934,定西市,供电公司,颗粒物(PM10),56,61,77,32,45,61,,21,21,19,32,14,12,1.1,1.4
2024-12-28T1300,1389A,113.7547,23.0494,东莞市,莞城梨川,颗粒物(PM10),54,58,58,35,37,109,,89,89,18,21,8,8,0.7,0.7
2024-12-28T1300,1390A,113.7944,23.0128,东莞市,东城石井,"颗粒物(PM10),细颗粒物(PM2.5)",55,59,55,39,33,108,,85,85,18,19,8,8,0.8,0.8
2024-12-28T1300,1391A,113.7383,22.9658,东莞市,南城西平,细颗粒物(PM2.5),57,60,55,40,34,110,,85,85,19,24,7,6,0.6,0.7
2024-12-28T1300,3319A,113.7338,23.0381,东莞市,万江金泰,颗粒物(PM10),53,55,54,36,35,103,,85,85,16,16,8,9,0.5,0.6
2024-12-28T1300,3626A,113.7533,23.0202,东莞市,南城元岭,细颗粒物(PM2.5),55,57,54,39,36,116,,94,94,14,16,9,8,0.6,0.8
2024-12-28T1300,3627A,113.7875,23.0457,东莞市,东城主山,颗粒物(PM10),54,57,54,37,36,104,,82,82,16,20,10,10,0.7,0.7
2024-12-28T1300,1666A,118.6614,37.4309,东营市,市环保局,颗粒物(PM10),56,61,70,12,20,60,,29,29,16,32,8,12,0.5,0.6
2024-12-28T1300,3036A,118.6904,37.4338,东营市,开发区管委会,颗粒物(PM10),62,74,77,17,20,62,,30,30,20,37,6,10,0.4,0.5
2024-12-28T1300,3365A,118.5719,37.565,东营市,垦利区民丰路,,,63,69,14,18,54,,25,25,,37,10,16,,0.5
2024-12-28T1300,3498A,118.5055,37.8612,东营市,河口城区,颗粒物(PM10),58,66,59,20,18,61,,31,31,10,22,5,5,0.6,0.7
2024-12-28T1300,3646A,118.4978,37.4623,东营市,胜利站,颗粒物(PM10),74,98,79,12,25,54,,27,27,23,41,8,12,0.3,0.5
2024-12-28T1300,3734A,118.35,37.26,东营市,理想之城,颗粒物(PM10),56,61,80,17,25,60,,29,29,18,35,8,9,0.8,1
2024-12-28T1300,1591A,110.0023,39.8129,鄂尔多斯市,综合楼,颗粒物(PM10),53,56,44,17,11,45,,63,42,28,17,19,9,0.7,0.5
2024-12-28T1300,1592A,109.9486,39.8261,鄂尔多斯市,巴音孟克林场办事处,,41,41,38,22,12,54,,65,54,25,14,20,10,0.7,0.5
2024-12-28T1300,1593A,109.7736,39.5986,鄂尔多斯市,康泽苑,,46,46,39,24,13,52,,38,27,18,17,16,7,0.7,0.5
2024-12-28T1300,1594A,109.8119,39.5989,鄂尔多斯市,华泰汽车城,,46,46,44,19,15,60,,36,26,14,16,19,8,0.6,0.5
2024-12-28T1300,1595A,109.9734,39.7884,鄂尔多斯市,奥林花园,颗粒物(PM10),51,51,48,27,14,44,,42,28,27,23,17,10,0.8,0.6
2024-12-28T1300,2436A,114.8938,30.3994,鄂州市,市政府,,26,26,100,3,57,71,,51,51,13,28,7,9,0.8,1
2024-12-28T1300,2437A,114.8989,30.3714,鄂州市,赵家坝,,33,33,105,6,57,75,,55,55,14,28,6,9,0.5,0.8
2024-12-28T1300,3654A,114.8094,30.4089,鄂州市,精准医疗中心,,26,26,99,3,60,77,,57,57,9,23,4,14,0.3,0.7
2024-12-28T1300,2454A,109.4978,30.2981,恩施土家族苗族自治州,湖北民院,细颗粒物(PM2.5),100,,73,75,86,70,,34,34,13,16,8,7,0.8,0.8
2024-12-28T1300,2455A,109.4707,30.2798,恩施土家族苗族自治州,州电力总公司,细颗粒物(PM2.5),95,80,99,71,90,59,,21,21,24,29,8,7,0.9,1.1
2024-12-28T1300,3549A,109.5061,30.3772,恩施土家族苗族自治州,龙凤新区,细颗粒物(PM2.5),79,66,80,58,67,75,,38,38,18,17,6,6,0.7,0.8
2024-12-28T1300,2499A,108.3411,21.6158,防城港市,沙万,颗粒物(PM10),51,52,51,32,42,94,,83,83,13,16,7,7,0.8,0.9
2024-12-28T1300,2500A,108.3514,21.7731,防城港市,防城档案局,,,78,77,23,40,96,,79,79,18,22,6,6,,0.7
2024-12-28T1300,2501A,108.3506,21.6414,防城港市,大海花园,颗粒物(PM10),51,51,53,32,44,98,,85,85,10,12,6,5,0.7,0.8
2024-12-28T1300,1371A,113.1294,23.0067,佛山市,湾梁,颗粒物(PM10),65,80,83,22,39,102,,82,82,28,33,9,10,0.7,0.9
2024-12-28T1300,1372A,113.1083,23.0478,佛山市,华材职中,细颗粒物(PM2.5),64,70,95,46,63,109,,80,80,27,37,10,11,0.6,0.7
2024-12-28T1300,1373A,113.144,23.0453,佛山市,南海气象局,颗粒物(PM10),60,70,69,35,44,106,,84,84,24,30,9,11,0.5,0.7
2024-12-28T1300,1374A,113.2881,22.8094,佛山市,顺德苏岗,,49,40,63,34,41,99,,80,80,23,27,10,10,0.6,0.8
2024-12-28T1300,1376A,112.8383,22.8678,佛山市,高明孔堂,细颗粒物(PM2.5),73,78,92,53,65,110,,80,80,10,16,11,12,0.6,0.8
2024-12-28T1300,1377A,112.8836,23.1588,佛山市,三水监测站,细颗粒物(PM2.5),80,88,92,59,71,105,,76,76,24,24,10,9,0.7,0.9
2024-12-28T1300,1378A,112.867,23.185,佛山市,三水云东海,细颗粒物(PM2.5),87,81,82,64,68,107,,77,77,30,30,12,11,0.7,0.8
2024-12-28T1300,3625A,113.2544,22.7642,佛山市,容桂街道办,颗粒物(PM10),60,70,78,39,45,102,,84,83,26,30,9,9,0.5,0.7
2024-12-28T1300,1280A,119.3903,26.0543,福州市,鼓山,,,,54,,44,,,89,,,17,,3,,0.7
2024-12-28T1300,1282A,119.2681,26.0504,福州市,师大,细颗粒物(PM2.5),79,,66,58,56,110,,70,70,21,27,5,5,0.6,0.6
2024-12-28T1300,1283A,119.2984,26.1028,福州市,五四北路,细颗粒物(PM2.5),88,,59,65,59,103,,71,71,25,28,2,2,0.6,0.6
2024-12-28T1300,1284A,119.2648,26.0768,福州市,杨桥西路,细颗粒物(PM2.5),80,,66,59,58,108,,73,73,14,21,2,3,0.7,0.7
2024-12-28T1300,1285A,119.317,26.0746,福州市,紫阳,细颗粒物(PM2.5),85,65,66,63,58,94,,63,63,25,30,4,5,0.7,0.7
2024-12-28T1300,3048A,119.5799,26.0936,福州市,九龙,细颗粒物(PM2.5),78,59,59,57,55,112,,72,72,19,22,3,3,0.6,0.6
2024-12-28T1300,3526A,119.5189,25.9664,福州市,吴航,细颗粒物(PM2.5),79,75,78,58,57,116,,70,70,22,26,4,4,0.5,0.5
2024-12-28T1300,1755A,123.7977,41.8491,抚顺市,望花区,颗粒物(PM10),70,90,74,30,35,44,,24,24,33,38,20,7,1.2,1.1
2024-12-28T1300,1756A,123.9161,41.8822,抚顺市,顺城区,颗粒物(PM10),68,86,89,26,43,41,,22,22,41,40,20,9,1.2,1.3
2024-12-28T1300,1757A,124.0436,41.8611,抚顺市,东洲区,颗粒物(PM10),69,88,84,28,39,46,,27,27,32,34,16,8,1.1,1
2024-12-28T1300,1758A,123.9247,41.8642,抚顺市,新抚区,颗粒物(PM10),83,116,101,52,50,41,,22,22,40,34,18,7,1.1,0.9
2024-12-28T1300,1759A,124.0972,41.8961,抚顺市,大伙房水库,颗粒物(PM10),68,85,70,37,35,43,,23,23,34,38,20,10,1.1,0.8
2024-12-28T1300,1760A,123.7086,41.8391,抚顺市,沈抚新城,颗粒物(PM10),62,74,69,24,31,51,,28,28,31,35,16,9,0.6,0.8
2024-12-28T1300,2376A,116.2127,28.0814,抚州市,桐源党溪,颗粒物(PM10),72,93,112,42,68,83,,53,53,2,7,5,5,0.3,0.5
2024-12-28T1300,2377A,116.3544,27.9831,抚州市,市站,颗粒物(PM10),63,75,97,42,62,90,,66,66,15,23,9,7,1.1,1.4
2024-12-28T1300,2378A,116.3565,27.963,抚州市,血防站,颗粒物(PM10),61,72,101,43,64,87,,63,63,10,20,19,19,0.7,0.8
2024-12-28T1300,2379A,116.3564,28.0007,抚州市,采茶剧团,细颗粒物(PM2.5),65,74,94,47,60,80,,54,54,12,20,3,3,1.1,1.3
2024-12-28T1300,2380A,116.385,27.9647,抚州市,医学分院,颗粒物(PM10),64,78,99,42,58,81,,55,55,14,24,7,10,0.9,1
2024-12-28T1300,2207A,121.6094,41.998,阜新市,工业园区,,44,44,55,11,19,72,,53,52,12,17,11,14,0.4,0.5
2024-12-28T1300,2208A,121.6697,42.0279,阜新市,长青街,,23,23,37,12,13,68,,44,44,7,13,10,12,0.7,0.8
2024-12-28T1300,2209A,121.6673,42.0705,阜新市,农业园区,,42,42,33,3,9,66,,47,44,4,9,11,19,0.6,0.7
2024-12-28T1300,2210A,121.6717,42.0224,阜新市,东苑,,35,35,42,14,13,64,,46,44,14,13,9,12,0.5,0.6
2024-12-28T1300,2211A,121.6506,42.0498,阜新市,玉龙新城,,36,36,50,14,16,77,,40,40,7,20,8,14,0.4,0.6
2024-12-28T1300,2301A,115.8277,32.8929,阜阳市,市监测站,,33,29,105,23,76,61,,40,40,14,36,8,8,0.3,0.6
2024-12-28T1300,2303A,115.8554,32.8605,阜阳市,开发区,颗粒物(PM10),53,56,136,11,69,64,,41,41,14,36,9,10,0.3,0.7
2024-12-28T1300,2875A,115.784,32.8892,阜阳市,阜阳职业技术学院,,37,37,115,15,72,65,,42,42,11,35,8,10,0.5,0.8
2024-12-28T1300,3468A,115.7901,32.8613,阜阳市,市规划展馆,,47,47,124,12,68,67,,44,44,11,32,7,8,0.3,0.6
2024-12-28T1300,3469A,115.836,32.9183,阜阳市,枣园社区,颗粒物(PM10),54,58,119,13,56,68,,46,46,12,34,5,7,0.3,0.6
2024-12-28T1300,2669A,102.9099,34.9841,甘南藏族自治州,州政府,,44,44,58,18,23,70,,28,28,12,32,9,9,0.6,0.9
2024-12-28T1300,3380A,102.8914,34.9617,甘南藏族自治州,甘肃民族师范学院,,37,37,65,3,13,65,,33,33,21,38,16,8,0.4,0.6
2024-12-28T1300,2570A,101.9603,30.0475,甘孜藏族自治州,水桥子,,18,18,18,3,11,45,,41,30,15,17,3,2,0.5,0.5
2024-12-28T1300,3065A,101.9533,29.9972,甘孜藏族自治州,州环保局,,26,26,22,7,9,48,,48,40,18,15,4,4,0.6,0.6
2024-12-28T1300,3414A,115.8347,28.932,赣江新区,桑海产业园,颗粒物(PM10),82,114,130,54,80,71,,49,49,23,31,14,13,0.8,0.9
2024-12-28T1300,2362A,114.9017,25.9149,赣州市,通天岩,细颗粒物(PM2.5),107,97,79,80,71,121,,75,75,11,11,8,6,0.5,0.5
2024-12-28T1300,2363A,114.9367,25.8664,赣州市,地委,细颗粒物(PM2.5),79,88,88,58,56,116,,82,82,18,20,15,13,1.0,1
2024-12-28T1300,2364A,114.9461,25.8481,赣州市,气象台,细颗粒物(PM2.5),73,93,95,53,51,124,,88,88,38,42,15,15,0.9,0.9
2024-12-28T1300,2365A,114.9322,25.8333,赣州市,市图书馆,,,82,86,54,53,108,,72,72,,27,24,9,0.8,0.8
2024-12-28T1300,2366A,114.8905,25.8471,赣州市,华坚鞋城,细颗粒物(PM2.5),72,80,81,52,54,114,,79,79,12,18,9,11,0.6,0.6
2024-12-28T1300,3109A,115.0093,25.8613,赣州市,赣县区卫计委,细颗粒物(PM2.5),113,121,106,85,84,106,,79,79,14,18,6,7,0.5,0.5
2024-12-28T1300,2683A,106.2319,36.1417,固原市,马园,,46,46,56,11,32,85,,31,31,7,40,5,7,0.3,0.8
2024-12-28T1300,2684A,106.2792,36.0022,固原市,监测站,,25,16,45,12,34,79,,43,43,16,37,6,9,0.5,1.3
2024-12-28T1300,2685A,106.2375,36.0211,固原市,新区,,26,26,51,10,29,78,,31,31,14,45,5,6,0.5,1.2
2024-12-28T1300,3522A,106.2177,35.9959,固原市,原州区十五小,,26,26,44,13,24,82,,56,56,14,28,4,5,0.6,0.9
2024-12-28T1300,2543A,106.6308,30.5278,广安市,小平旧居,,,,,,,,,,,,,,,,
2024-12-28T1300,2544A,106.6303,30.4576,广安市,市委,细颗粒物(PM2.5),115,114,107,87,98,54,,18,18,20,30,3,2,0.9,1
2024-12-28T1300,2545A,106.6271,30.4663,广安市,友谊中学,细颗粒物(PM2.5),119,108,106,90,90,52,,13,13,25,33,4,2,0.9,1
2024-12-28T1300,2547A,106.6388,30.4551,广安市,广电花园,细颗粒物(PM2.5),119,109,96,90,86,49,,13,13,24,33,4,3,0.6,0.8
2024-12-28T1300,2902A,106.6351,30.4865,广安市,北辰小学,细颗粒物(PM2.5),130,116,104,99,92,46,,15,15,24,27,7,5,1.0,1
2024-12-28T1300,2523A,105.8945,32.4535,广元市,黑石坡,,,33,50,25,25,42,,39,28,,7,2,3,0.5,0.4
2024-12-28T1300,2524A,105.821,32.4444,广元市,老城,,,56,54,,24,44,,18,18,32,44,,3,0.6,0.6
2024-12-28T1300,2526A,105.8628,32.4287,广元市,监测站,,33,33,48,12,26,48,,31,25,36,27,2,2,0.7,0.6
2024-12-28T1300,3617A,105.8047,32.4166,广元市,经开区,颗粒物(PM10),58,66,58,36,31,49,,17,17,25,38,11,6,0.8,0.7
2024-12-28T1300,1345A,113.2347,23.1423,广州市,广雅中学,颗粒物(PM10),64,78,86,42,50,107,,85,85,23,31,12,12,0.6,0.8
2024-12-28T1300,1346A,113.2612,23.105,广州市,市五中,细颗粒物(PM2.5),80,73,78,59,61,111,,94,94,16,20,6,7,0.7,0.8
2024-12-28T1300,1348A,113.3478,23.0916,广州市,广东商学院,细颗粒物(PM2.5),58,61,68,41,45,116,,94,94,14,20,6,7,0.4,0.6
2024-12-28T1300,1349A,113.4332,23.1047,广州市,市八十六中,颗粒物(PM10),65,79,72,38,42,110,,90,90,16,20,7,7,0.4,0.5
2024-12-28T1300,1350A,113.3505,22.9483,广州市,番禺中学,颗粒物(PM10),59,67,72,40,43,111,,90,90,24,27,6,7,0.7,0.6
2024-12-28T1300,1351A,113.2146,23.3916,广州市,花都师范,细颗粒物(PM2.5),59,59,79,42,56,110,,83,83,14,20,10,10,0.5,0.7
2024-12-28T1300,1352A,113.2597,23.1331,广州市,市监测站,颗粒物(PM10),62,74,79,41,48,111,,94,94,21,26,9,9,0.5,0.6
2024-12-28T1300,1353A,113.5618,23.312,广州市,九龙镇镇龙,细颗粒物(PM2.5),59,58,59,42,40,104,,88,87,13,16,7,7,0.7,0.7
2024-12-28T1300,1354A,113.2765,23.1544,广州市,麓湖,细颗粒物(PM2.5),65,70,78,47,52,114,,93,93,18,23,7,7,0.5,0.6
2024-12-28T1300,1355A,113.443,23.3035,广州市,帽峰山森林公园,,49,49,55,30,29,117,,98,98,13,14,8,9,0.4,0.5
2024-12-28T1300,2846A,113.3221,23.1322,广州市,体育西,"颗粒物(PM10),细颗粒物(PM2.5)",60,70,77,43,47,105,,84,84,14,18,8,8,0.6,0.7
2024-12-28T1300,3298A,113.5717,23.5491,广州市,从化街口,细颗粒物(PM2.5),60,61,60,43,42,114,,97,97,14,14,8,8,0.6,0.6
2024-12-28T1300,3299A,113.3472,23.3692,广州市,白云竹料,"颗粒物(PM10),细颗粒物(PM2.5)",57,63,64,40,46,116,,97,97,14,15,10,10,0.5,0.7
2024-12-28T1300,3300A,113.2981,23.237,广州市,白云嘉禾,颗粒物(PM10),65,79,85,42,48,109,,91,91,24,30,10,10,0.6,0.9
2024-12-28T1300,3301A,113.4256,23.1716,广州市,黄埔科学城,细颗粒物(PM2.5),55,56,62,39,43,112,,94,94,13,15,9,10,0.8,0.9
2024-12-28T1300,3302A,113.3942,23.0483,广州市,番禺大学城,颗粒物(PM10),56,62,64,37,40,114,,91,91,23,27,13,14,0.7,0.9
2024-12-28T1300,3303A,113.4922,22.8168,广州市,南沙黄阁,颗粒物(PM10),69,88,72,38,43,100,,76,76,25,31,8,8,0.5,0.6
2024-12-28T1300,3304A,113.5342,22.7896,广州市,南沙街,颗粒物(PM10),60,69,68,40,44,106,,82,82,24,30,8,8,0.4,0.6
2024-12-28T1300,3443A,113.2902,23.5544,广州市,花都梯面,细颗粒物(PM2.5),55,57,71,39,53,114,,85,85,8,13,12,13,0.6,0.8
2024-12-28T1300,3445A,113.7858,23.7478,广州市,从化良口,细颗粒物(PM2.5),62,62,58,44,41,117,,97,97,11,12,8,8,0.6,0.7
2024-12-28T1300,3446A,113.8051,23.2614,广州市,增城荔城,细颗粒物(PM2.5),57,54,49,40,37,112,,93,93,16,15,7,6,0.5,0.6
2024-12-28T1300,2505A,109.568,23.1478,贵港市,德智高中,,,,,,,,,,,,,,,,
2024-12-28T1300,2506A,109.6047,23.0666,贵港市,江南子站,细颗粒物(PM2.5),75,70,93,55,70,116,,96,96,18,23,10,9,0.7,0.7
2024-12-28T1300,2507A,109.6014,23.0948,贵港市,贵城子站,细颗粒物(PM2.5),82,63,83,60,66,108,,87,87,20,26,10,9,0.9,0.9
2024-12-28T1300,2508A,109.5669,23.1065,贵港市,荷城子站,细颗粒物(PM2.5),70,83,94,51,67,106,,88,88,20,22,15,13,0.7,0.8
2024-12-28T1300,3405A,109.5886,23.1172,贵港市,新世纪学校,细颗粒物(PM2.5),78,78,100,57,72,112,,91,91,18,22,7,7,0.8,0.8
2024-12-28T1300,1439A,106.6899,26.5998,贵阳市,马鞍山,细颗粒物(PM2.5),77,90,56,56,42,59,,44,44,24,20,10,7,0.8,0.7
2024-12-28T1300,1440A,106.6971,26.5694,贵阳市,市环保站,细颗粒物(PM2.5),97,100,69,72,55,58,,52,49,32,28,13,9,0.6,0.6
2024-12-28T1300,1441A,106.6243,26.6266,贵阳市,鉴湖路,细颗粒物(PM2.5),94,114,62,70,47,28,,44,36,36,17,6,5,0.8,0.7
2024-12-28T1300,1442A,106.7487,26.6343,贵阳市,燕子冲,细颗粒物(PM2.5),77,66,50,56,46,70,,58,58,24,19,12,9,0.6,0.6
2024-12-28T1300,1443A,106.6555,26.4365,贵阳市,碧云窝,细颗粒物(PM2.5),98,100,67,73,45,58,,47,47,23,25,13,14,0.7,0.7
2024-12-28T1300,1444A,106.694,26.5161,贵阳市,中院村,,,,64,,48,47,,47,45,,24,16,15,1.0,0.8
2024-12-28T1300,1445A,106.7109,26.6027,贵阳市,红边门,细颗粒物(PM2.5),100,95,64,75,53,61,,49,49,28,23,16,15,0.9,0.9
2024-12-28T1300,1446A,106.7164,26.5699,贵阳市,新华路,细颗粒物(PM2.5),85,90,64,63,48,64,,55,55,21,20,13,8,0.7,0.8
2024-12-28T1300,1447A,106.674,26.5424,贵阳市,太慈桥,细颗粒物(PM2.5),83,97,60,61,46,48,,50,50,33,22,14,10,0.6,0.6
2024-12-28T1300,1552A,106.805,26.3003,贵阳市,桐木岭,,,,,,,,,,,,,,,,
2024-12-28T1300,1862A,110.4144,25.3167,桂林市,电子科大尧山校区,细颗粒物(PM2.5),67,56,66,48,56,113,,100,100,12,15,8,8,0.7,0.7
2024-12-28T1300,1863A,110.2819,25.2697,桂林市,监测站,细颗粒物(PM2.5),67,79,81,48,72,110,,94,94,23,24,12,12,0.8,0.8
2024-12-28T1300,1864A,110.3089,25.2708,桂林市,龙隐路小学,细颗粒物(PM2.5),88,72,78,65,72,116,,102,102,21,22,12,13,0.6,0.7
2024-12-28T1300,1865A,110.2869,25.2178,桂林市,八中,细颗粒物(PM2.5),75,84,78,55,73,110,,98,98,19,20,11,11,0.8,0.8
2024-12-28T1300,3403A,110.1764,25.2381,桂林市,创业大厦,细颗粒物(PM2.5),77,90,96,56,72,115,,96,96,23,24,10,18,0.7,0.8
2024-12-28T1300,3531A,110.296,25.1253,桂林市,旅游学院,细颗粒物(PM2.5),77,70,84,56,68,119,,103,103,21,23,7,11,0.9,0.8
2024-12-28T1300,2674A,100.2561,34.4714,果洛藏族自治州,玛沁县大武镇,,43,43,35,13,14,66,,40,40,15,6,19,8,0.8,0.6
2024-12-28T1300,1129A,126.5422,45.755,哈尔滨市,岭北,,35,29,41,24,35,59,,39,39,13,29,13,10,0.6,0.6
2024-12-28T1300,1130A,126.561,45.8167,哈尔滨市,松北商大,颗粒物(PM10),51,52,42,27,28,48,,36,34,23,23,7,4,0.5,0.6
2024-12-28T1300,1131A,126.979,45.5419,哈尔滨市,阿城会宁,颗粒物(PM10),52,54,59,28,46,51,,32,32,14,24,9,7,0.7,0.8
2024-12-28T1300,1132A,126.599,45.7222,哈尔滨市,南岗学府路,,42,42,56,25,35,54,,29,29,16,31,6,8,0.5,0.6
2024-12-28T1300,1133A,126.689,45.7733,哈尔滨市,太平宏伟公园,颗粒物(PM10),55,59,43,31,30,46,,24,24,19,36,6,8,0.5,0.5
2024-12-28T1300,1134A,126.635,45.7667,哈尔滨市,道外承德广场,颗粒物(PM10),54,57,56,24,34,50,,28,28,16,36,6,9,0.3,0.6
2024-12-28T1300,1135A,126.685,45.7319,哈尔滨市,香坊红旗大街,,45,,48,31,40,49,,25,25,17,38,10,10,0.5,0.6
2024-12-28T1300,1136A,126.6411,45.7258,哈尔滨市,动力和平路,,46,46,51,30,36,43,,20,20,19,33,14,11,0.6,0.6
2024-12-28T1300,1137A,126.593,45.7478,哈尔滨市,道里建国路,颗粒物(PM10),53,56,47,27,37,49,,26,26,17,34,10,8,0.3,0.4
2024-12-28T1300,1138A,126.615,45.61,哈尔滨市,平房东轻厂,,48,48,50,29,37,49,,24,24,14,35,10,12,0.6,0.6
2024-12-28T1300,1139A,126.595,45.9855,哈尔滨市,呼兰师专,,39,38,52,27,41,50,,32,32,20,32,6,7,0.7,0.7
2024-12-28T1300,1140A,126.6206,45.6842,哈尔滨市,省农科院,细颗粒物(PM2.5),62,66,64,44,51,46,,23,23,20,35,8,8,0.7,0.8
2024-12-28T1300,2688A,93.5128,42.8172,哈密市,地区监测站,细颗粒物(PM2.5),57,61,58,40,37,41,,39,35,24,26,7,6,0.5,0.4
2024-12-28T1300,2689A,93.4961,42.8328,哈密市,哈密师范学校,颗粒物(PM10),63,76,63,41,38,34,,23,23,31,37,8,7,0.8,0.8
2024-12-28T1300,2671A,100.9048,36.9639,海北藏族自治州,海晏县西海镇,,26,13,18,3,10,81,,63,63,3,6,12,9,0.4,0.4
2024-12-28T1300,3867A,102.0738,36.5056,海东市,平安区公安北苑,细颗粒物(PM2.5),73,77,78,53,49,61,,30,28,36,34,36,16,1.7,1.1
2024-12-28T1300,1409A,110.576,19.9507,海口市,东寨港,细颗粒物(PM2.5),58,54,54,41,45,92,,68,68,7,8,7,9,0.8,0.7
2024-12-28T1300,1410A,110.3232,20.0574,海口市,海南大学,细颗粒物(PM2.5),69,61,65,50,50,100,,69,69,19,20,9,8,0.7,0.7
2024-12-28T1300,1411A,110.283,20.0053,海口市,秀英海南医院,细颗粒物(PM2.5),69,63,64,50,52,101,,68,68,13,17,7,6,0.6,0.6
2024-12-28T1300,1412A,110.338,19.9969,海口市,海南师范大学,细颗粒物(PM2.5),68,66,63,49,49,106,,72,72,13,16,8,7,0.7,0.7
2024-12-28T1300,1413A,110.33,20.0356,海口市,龙华路环保局宿舍,细颗粒物(PM2.5),70,61,59,51,50,101,,68,68,16,18,8,8,0.7,0.7
2024-12-28T1300,3539A,110.5111,19.9736,海口市,桂林洋子站,,,,67,,50,,,95,,,16,,6,,0.6
2024-12-28T1300,2673A,100.6188,36.2866,海南藏族自治州,共和县恰卜恰镇,,23,,31,14,8,72,,38,38,5,25,6,6,0.4,0.5
2024-12-28T1300,2676A,97.3731,37.3753,海西蒙古族藏族自治州,德令哈市,,,12,23,7,9,86,,81,81,1,6,,16,0.5,0.5
2024-12-28T1300,1048A,114.5302,36.6116,邯郸市,东污水处理厂,,19,15,41,3,14,60,,38,38,16,39,8,7,0.7,0.8
2024-12-28T1300,1049A,114.4918,36.5713,邯郸市,矿院,,18,16,56,3,16,56,,30,30,11,43,4,3,0.6,0.7
2024-12-28T1300,1050A,114.484,36.6133,邯郸市,丛台公园,,19,19,56,3,14,56,,35,35,11,33,6,5,0.6,0.7
2024-12-28T1300,3458A,114.7895,36.5593,邯郸市,香泉濮院小区,,40,40,58,3,18,76,,48,48,3,26,5,6,0.4,0.5
2024-12-28T1300,3579A,114.50634,36.77178,邯郸市,永年区实验高中,,38,38,66,3,16,56,,38,38,2,23,12,12,0.7,0.9
2024-12-28T1300,3580A,114.20016,36.44293,邯郸市,峰峰矿区临水派出所,,22,13,43,6,14,69,,60,60,9,18,8,9,0.3,0.4
2024-12-28T1300,2634A,106.9893,33.1842,汉中市,汉川机床厂子校,,39,39,31,21,16,73,,55,51,9,5,11,7,0.8,0.6
2024-12-28T1300,2635A,107.0154,33.0706,汉中市,市监测站,"颗粒物(PM10),细颗粒物(PM2.5)",58,66,73,41,52,60,,27,27,37,37,10,7,0.9,0.9
2024-12-28T1300,2636A,107.0089,33.1138,汉中市,鑫源开发区,颗粒物(PM10),56,62,67,31,47,68,,33,33,18,30,12,8,0.6,0.8
2024-12-28T1300,2637A,107.007,33.0323,汉中市,南郑大河坎水厂,颗粒物(PM10),59,67,74,38,48,67,,30,30,27,27,10,7,1.1,1
2024-12-28T1300,1223A,120.2072,30.2111,杭州市,滨江,,46,46,71,17,38,66,,57,57,18,29,8,8,0.4,0.5
2024-12-28T1300,1224A,120.0633,30.2747,杭州市,西溪,,36,36,63,21,40,74,,58,58,19,34,10,9,0.6,0.6
2024-12-28T1300,1226A,120.3461,30.3153,杭州市,下沙,颗粒物(PM10),54,58,76,27,38,64,,47,47,27,44,10,9,0.6,0.7
2024-12-28T1300,1227A,120.1269,30.2456,杭州市,卧龙桥,,36,36,60,22,36,72,,58,58,22,36,9,9,0.5,0.6
2024-12-28T1300,1228A,120.1903,30.2692,杭州市,浙江农大,,39,39,67,3,35,62,,48,48,23,38,9,9,0.5,0.6
2024-12-28T1300,1230A,120.1197,30.3119,杭州市,和睦小学,,33,33,59,22,38,71,,59,59,18,35,8,8,0.7,0.7
2024-12-28T1300,1231A,120.3019,30.4183,杭州市,临平镇,颗粒物(PM10),52,54,73,21,35,70,,55,55,15,26,9,9,0.6,0.7
2024-12-28T1300,1232A,120.2697,30.1819,杭州市,城厢镇,,,49,69,27,39,51,,54,54,25,33,7,7,,1
2024-12-28T1300,1233A,120.0883,30.1808,杭州市,云栖,,38,38,66,17,33,74,,51,51,18,36,8,8,0.5,0.5
2024-12-28T1300,3557A,119.9464,30.0494,杭州市,镇二中,,33,30,49,23,38,68,,37,37,20,36,7,8,0.5,0.8
2024-12-28T1300,3558A,119.7183,30.2367,杭州市,市府大楼,,48,44,73,33,51,74,,49,49,32,48,9,9,0.7,0.8
2024-12-28T1300,3656A,120.1556,30.2864,杭州市,消防大队,,43,43,67,20,39,72,,60,60,19,31,11,10,0.4,0.6
2024-12-28T1300,1270A,117.1959,31.7848,合肥市,明珠广场,颗粒物(PM10),54,58,131,17,79,56,,22,22,19,44,9,10,0.5,0.9
2024-12-28T1300,1271A,117.3072,31.8764,合肥市,三里街,颗粒物(PM10),67,83,130,19,75,54,,25,25,22,43,5,7,0.6,0.8
2024-12-28T1300,1272A,117.2588,31.8707,合肥市,琥珀山庄,颗粒物(PM10),58,66,128,17,71,57,,30,30,19,42,7,7,0.8,1.1
2024-12-28T1300,1273A,117.1604,31.9052,合肥市,董铺水库,颗粒物(PM10),67,83,135,14,72,57,,26,26,12,35,5,5,0.4,0.7
2024-12-28T1300,1274A,117.25,31.8571,合肥市,长江中路,颗粒物(PM10),63,75,126,24,82,52,,26,26,22,43,7,8,0.3,0.6
2024-12-28T1300,1275A,117.266,31.9436,合肥市,庐阳区,颗粒物(PM10),60,70,134,14,71,60,,25,25,21,45,4,5,0.5,0.8
2024-12-28T1300,1276A,117.336,31.8586,合肥市,瑶海区,颗粒物(PM10),65,80,128,22,71,52,,26,26,26,49,4,6,0.5,0.7
2024-12-28T1300,1277A,117.3027,31.7964,合肥市,包河区,颗粒物(PM10),65,80,130,14,79,54,,22,22,23,52,4,6,0.3,0.6
2024-12-28T1300,1278A,117.2776,31.7385,合肥市,滨湖新区,颗粒物(PM10),60,70,141,17,68,55,,23,23,17,43,6,8,0.4,0.7
2024-12-28T1300,1279A,117.1318,31.8403,合肥市,高新区,颗粒物(PM10),59,68,127,14,72,58,,30,30,22,41,2,2,0.6,0.9
2024-12-28T1300,3464A,117.3803,31.9147,合肥市,高教基地,颗粒物(PM10),66,82,131,19,76,58,,25,25,26,46,10,10,0.5,0.7
2024-12-28T1300,3614A,79.924,37.0877,和田地区,地区环保局,细颗粒物(PM2.5),135,177,150,103,81,40,,29,29,30,27,20,15,1.3,1.2
2024-12-28T1300,3615A,79.9131,37.113,和田地区,市环保局,细颗粒物(PM2.5),122,148,103,92,71,32,,16,15,44,47,16,13,1.3,1.7
2024-12-28T1300,2516A,108.2011,24.715,河池市,东仁乐园,细颗粒物(PM2.5),60,,60,43,46,76,,63,57,16,26,13,12,0.7,0.8
2024-12-28T1300,2517A,108.0497,24.6947,河池市,市环保站,细颗粒物(PM2.5),64,72,53,46,40,104,,85,79,9,15,9,8,0.6,0.7
2024-12-28T1300,2518A,108.0983,24.6989,河池市,市疾控中心,细颗粒物(PM2.5),62,54,60,44,44,104,,84,75,11,22,9,8,0.7,0.7
2024-12-28T1300,1696A,114.6778,23.7569,河源市,源西,细颗粒物(PM2.5),70,56,58,51,55,112,,90,90,4,5,9,8,0.7,0.8
2024-12-28T1300,1697A,114.6944,23.7586,河源市,东埔,细颗粒物(PM2.5),78,77,68,57,60,116,,94,94,19,20,8,7,0.8,0.8
2024-12-28T1300,1698A,114.6892,23.7233,河源市,老城,细颗粒物(PM2.5),75,60,65,55,59,109,,89,89,18,18,7,7,0.5,0.6
2024-12-28T1300,1718A,115.4208,35.2464,菏泽市,气象局,颗粒物(PM10),61,71,116,22,56,62,,32,32,13,47,5,8,0.5,0.8
2024-12-28T1300,1719A,115.4747,35.2375,菏泽市,市政协,颗粒物(PM10),60,69,119,24,58,61,,30,30,16,50,6,9,0.6,0.9
2024-12-28T1300,3374A,115.5564,35.0891,菏泽市,定陶老年大学,颗粒物(PM10),57,63,111,22,61,65,,31,31,16,48,10,11,0.5,0.8
2024-12-28T1300,3647A,115.4702,35.2706,菏泽市,菏泽医专,颗粒物(PM10),56,61,103,16,43,61,,36,36,17,43,7,12,0.7,0.9
2024-12-28T1300,2514A,111.5264,24.4172,贺州市,环保小区,细颗粒物(PM2.5),134,105,105,102,86,106,,80,80,20,24,9,9,0.8,0.8
2024-12-28T1300,2515A,111.5608,24.4078,贺州市,政协大楼,细颗粒物(PM2.5),93,96,101,69,69,115,,87,87,17,24,10,9,0.8,0.8
2024-12-28T1300,3534A,111.4744,24.4553,贺州市,西湾,细颗粒物(PM2.5),138,123,103,105,85,113,,90,90,19,19,10,9,0.9,0.8
2024-12-28T1300,2385A,114.17,35.9019,鹤壁市,市监测站,,34,34,52,3,21,60,,43,43,11,23,3,5,0.1,0.2
2024-12-28T1300,2386A,114.2956,35.7511,鹤壁市,市交警支队,,37,37,80,12,38,41,,17,17,20,41,12,6,0.3,0.7
2024-12-28T1300,2387A,114.2878,35.7306,鹤壁市,迎宾馆,颗粒物(PM10),54,58,88,10,37,45,,18,18,20,39,9,7,0.4,0.7
2024-12-28T1300,3474A,114.2617,35.6822,鹤壁市,大新区,颗粒物(PM10),60,69,91,10,52,48,,17,17,23,44,7,7,0.4,0.7
2024-12-28T1300,3596A,114.1572,35.9603,鹤壁市,南山宾馆,,,7,43,3,31,73,,60,60,,10,3,3,0,0.2
2024-12-28T1300,2244A,130.2537,47.3416,鹤岗市,哈啤分公司,,33,26,23,23,21,57,,55,53,5,6,15,14,0.8,0.8
2024-12-28T1300,2245A,130.2684,47.3086,鹤岗市,斯达机电,,35,27,23,24,17,60,,70,58,7,6,13,13,0.6,0.5
2024-12-28T1300,2246A,130.3114,47.3388,鹤岗市,东山纸板厂,,28,28,23,19,22,60,,54,53,10,9,15,14,0.5,0.4
2024-12-28T1300,2247A,130.1097,47.3382,鹤岗市,五号水库,,25,15,22,8,12,79,,76,76,6,8,5,5,0.2,0.2
2024-12-28T1300,2263A,127.4833,50.2524,黑河市,交通局,,19,19,22,13,17,55,,59,53,6,12,6,6,0.5,0.5
2024-12-28T1300,2264A,127.5144,50.2341,黑河市,环保局,,20,20,29,11,23,57,,61,57,3,16,4,5,0.3,0.5
2024-12-28T1300,2265A,127.5291,50.2472,黑河市,大黑河岛,,,,,,,5,,,,8,8,1,1,,
2024-12-28T1300,1074A,115.6838,37.7541,衡水市,电机北厂,,49,49,68,3,18,71,,39,39,9,17,11,10,0.3,0.4
2024-12-28T1300,1075A,115.6303,37.7316,衡水市,市监测站,,42,42,68,3,18,62,,30,30,15,27,15,13,0.5,0.4
2024-12-28T1300,3188A,115.6683,37.7217,衡水市,市城管局,,40,40,73,3,23,68,,30,30,10,20,10,8,0.6,0.5
2024-12-28T1300,3459A,115.5989,37.5491,衡水市,地表水厂,,35,35,58,9,19,65,,28,28,6,25,8,8,0.3,0.4
2024-12-28T1300,2456A,112.5003,26.9167,衡阳市,原169医院,细颗粒物(PM2.5),95,84,110,71,102,72,,47,47,39,31,19,36,0.5,0.6
2024-12-28T1300,2457A,112.6194,26.9258,衡阳市,衡阳化工总厂,细颗粒物(PM2.5),80,88,129,59,112,94,,65,64,15,26,12,14,0.8,1
2024-12-28T1300,2458A,112.6211,26.8956,衡阳市,珠晖区环保局,细颗粒物(PM2.5),80,84,115,59,110,95,,64,59,21,34,11,12,0.7,0.9
2024-12-28T1300,2459A,112.6197,26.8733,衡阳市,市委党校,"颗粒物(PM10),细颗粒物(PM2.5)",70,90,122,51,106,99,,72,70,14,22,11,11,0.8,1
2024-12-28T1300,2460A,112.6006,26.8919,衡阳市,市监测站,细颗粒物(PM2.5),95,111,146,71,120,97,,71,70,15,21,10,11,0.9,1
2024-12-28T1300,2461A,112.5664,26.9056,衡阳市,真空机电公司,颗粒物(PM10),79,108,150,55,109,94,,70,64,15,21,8,8,0.7,0.9
2024-12-28T1300,3399A,112.6703,26.882,衡阳市,师范学院,细颗粒物(PM2.5),100,112,145,75,122,93,,68,67,19,23,15,12,0.7,0.9
2024-12-28T1300,2608A,103.3772,23.3993,红河哈尼族彝族自治州,污水处理厂,,43,43,53,22,53,41,,39,37,11,11,6,10,0.9,0.9
2024-12-28T1300,2609A,103.3861,23.35,红河哈尼族彝族自治州,监测站,,43,33,54,30,52,45,,53,46,14,10,5,7,1.0,0.8
2024-12-28T1300,3038A,103.3758,23.368,红河哈尼族彝族自治州,州图书馆,,42,,45,29,47,35,,42,36,14,10,8,11,0.8,0.7
2024-12-28T1300,1090A,111.6507,40.7517,呼和浩特市,呼市一监,颗粒物(PM10),54,58,91,21,20,56,,38,38,9,15,14,8,0.4,0.4
2024-12-28T1300,1091A,111.6572,40.8033,呼和浩特市,小召,颗粒物(PM10),65,80,93,25,20,52,,32,32,21,29,14,10,0.6,0.5
2024-12-28T1300,1094A,111.7516,40.8369,呼和浩特市,如意水处理厂,颗粒物(PM10),65,79,85,21,18,45,,23,23,14,27,14,9,0.5,0.4
2024-12-28T1300,1095A,111.7276,40.8062,呼和浩特市,二十九中,颗粒物(PM10),59,68,86,21,20,43,,23,23,16,26,15,10,0.5,0.5
2024-12-28T1300,1096A,111.5512,40.7866,呼和浩特市,工大金川校区,颗粒物(PM10),74,97,90,27,19,45,,27,27,22,30,11,11,0.5,0.4
2024-12-28T1300,1097A,111.717,40.7612,呼和浩特市,化肥厂生活区,颗粒物(PM10),53,55,89,16,22,51,,29,29,16,25,12,8,0.4,0.5
2024-12-28T1300,3698A,111.5968,40.8178,呼和浩特市,红旗小学,颗粒物(PM10),74,97,91,24,19,41,,22,22,25,36,13,11,0.6,0.5
2024-12-28T1300,3699A,111.6518,40.8389,呼和浩特市,海东办,颗粒物(PM10),70,90,94,27,18,40,,34,34,29,29,14,9,1.0,0.8
2024-12-28T1300,2192A,119.7594,49.2261,呼伦贝尔市,区环保局,,38,38,40,22,30,35,,22,22,31,34,10,9,0.8,0.7
2024-12-28T1300,3061A,119.7512,49.1577,呼伦贝尔市,国华电力东,,28,28,31,19,25,59,,46,46,8,10,5,4,0.4,0.5
2024-12-28T1300,1250A,120.0751,30.8669,湖州市,城西水厂,,45,45,80,21,46,61,,38,38,28,44,10,10,0.3,0.5
2024-12-28T1300,2873A,120.0875,30.8955,湖州市,仁皇山新区,,46,46,74,25,46,65,,46,46,21,38,10,11,0.4,0.6
2024-12-28T1300,2907A,120.1844,30.8596,湖州市,吴兴区站,,,,36,25,40,60,,45,45,24,34,9,10,0.5,0.6
2024-12-28T1300,3562A,120.4148,30.8538,湖州市,南浔区站,,45,45,64,29,41,60,,47,47,21,34,10,10,0.6,0.7
2024-12-28T1300,1607A,120.9092,40.7136,葫芦岛市,龙港区,,37,37,35,3,22,77,,62,62,7,25,11,18,0.4,0.7
2024-12-28T1300,1608A,120.8392,40.7514,葫芦岛市,化工街,,23,14,48,3,19,72,,38,38,6,35,8,14,0.3,0.6
2024-12-28T1300,1609A,120.8341,40.7073,葫芦岛市,新区,,23,15,21,6,13,73,,49,49,5,27,12,18,0.4,0.6
2024-12-28T1300,1610A,120.8695,40.7677,葫芦岛市,东城区,,43,43,45,7,29,70,,35,35,9,44,8,17,0.2,0.7
2024-12-28T1300,2482A,109.5981,27.5721,怀化市,林科所,细颗粒物(PM2.5),113,96,71,85,65,109,,75,74,18,19,6,24,1.0,1.3
2024-12-28T1300,2483A,109.9453,27.5444,怀化市,河西地税局,细颗粒物(PM2.5),117,118,117,88,98,106,,56,56,16,23,10,12,1.0,1
2024-12-28T1300,2484A,109.9781,27.5342,怀化市,市四医院,细颗粒物(PM2.5),114,140,128,86,92,105,,70,66,12,17,6,11,1.0,1.1
2024-12-28T1300,2485A,109.9972,27.5578,怀化市,监测楼,细颗粒物(PM2.5),100,117,126,75,81,105,,60,57,15,24,6,8,0.3,0.5
2024-12-28T1300,2486A,110.0394,27.583,怀化市,市委党校,细颗粒物(PM2.5),114,131,125,86,86,92,,45,42,16,25,12,13,0.9,0.9
2024-12-28T1300,1210A,119.036,33.5981,淮安市,钵池山,颗粒物(PM10),59,68,84,28,41,63,,40,40,14,30,6,8,0.3,0.5
2024-12-28T1300,1211A,119.007,33.575,淮安市,北京南路,颗粒物(PM10),58,66,85,28,40,59,,28,28,17,38,9,10,0.5,0.7
2024-12-28T1300,1212A,118.989,33.6067,淮安市,市监测站,颗粒物(PM10),56,61,87,24,49,62,,32,32,16,41,6,9,0.3,0.5
2024-12-28T1300,1213A,119.135,33.5039,淮安市,楚州区监测站,颗粒物(PM10),56,61,92,20,39,60,,29,29,17,37,9,10,0.7,0.8
2024-12-28T1300,1214A,119.0186,33.6297,淮安市,淮阴区监测站,颗粒物(PM10),63,75,96,32,45,64,,30,30,22,40,7,9,0.5,0.7
2024-12-28T1300,3426A,118.8755,33.2894,淮安市,新华书店,颗粒物(PM10),61,71,88,23,40,62,,49,49,19,28,8,11,0.4,0.6
2024-12-28T1300,2282A,116.8004,33.975,淮北市,监测站,颗粒物(PM10),84,117,110,45,58,54,,31,31,23,32,11,9,0.5,0.6
2024-12-28T1300,2283A,116.8091,33.9007,淮北市,烈山区政府,颗粒物(PM10),67,83,134,38,73,64,,29,29,22,44,7,7,0.6,0.7
2024-12-28T1300,3330A,116.8873,33.9836,淮北市,杜集区检察院,颗粒物(PM10),80,110,121,50,67,59,,33,33,22,34,5,5,0.3,0.5
2024-12-28T1300,4017A,116.7923,33.9535,淮北市,市博物馆,颗粒物(PM10),74,98,107,35,72,54,,29,29,22,37,9,9,0.7,0.9
2024-12-28T1300,2277A,116.8305,32.7727,淮南市,潘集区政府,颗粒物(PM10),67,84,154,40,103,60,,28,28,17,41,13,12,0.6,0.9
2024-12-28T1300,2278A,117.0067,32.6524,淮南市,师范学院,细颗粒物(PM2.5),78,103,149,57,89,55,,24,24,25,44,6,7,0.7,0.9
2024-12-28T1300,2279A,116.8569,32.5951,淮南市,谢家集区政府,颗粒物(PM10),68,86,132,23,76,59,,28,26,13,31,7,9,0.6,0.8
2024-12-28T1300,2280A,116.8281,32.633,淮南市,八公山区政府,颗粒物(PM10),63,76,120,22,71,61,,46,46,12,24,11,12,0.6,0.8
2024-12-28T1300,2281A,116.6325,32.6201,淮南市,焦岗湖风景区管理处,,50,50,114,31,75,40,,20,20,16,42,2,2,0.3,0.6
2024-12-28T1300,2894A,117.0566,32.6531,淮南市,经济技术开发区消防队,颗粒物(PM10),84,117,138,41,82,66,,30,30,19,39,8,9,0.6,0.8
2024-12-28T1300,3329A,117.0108,32.5893,淮南市,山南新区,颗粒物(PM10),89,127,161,48,99,55,,26,26,26,42,10,11,0.5,0.8
2024-12-28T1300,2446A,114.9028,30.4742,黄冈市,职工中心,,27,27,100,3,54,77,,50,50,14,32,7,9,0,0.3
2024-12-28T1300,2929A,114.8858,30.4519,黄冈市,红卫路,,31,31,93,11,56,76,,52,52,14,27,6,8,0.4,0.8
2024-12-28T1300,3398A,114.9136,30.4445,黄冈市,市林业局,,24,24,91,3,58,73,,52,52,6,21,9,12,0.6,0.7
2024-12-28T1300,2672A,102.0199,35.5102,黄南藏族自治州,同仁县隆务镇,,28,28,50,11,28,77,,65,65,10,7,9,9,0.6,0.5
2024-12-28T1300,2295A,118.2903,29.6963,黄山市,延安路89号,细颗粒物(PM2.5),78,85,86,57,55,88,,47,47,16,19,11,11,0.4,0.4
2024-12-28T1300,2296A,118.327,29.7178,黄山市,黄山东路89号,颗粒物(PM10),65,79,96,37,57,85,,48,48,14,18,9,9,0.3,0.4
2024-12-28T1300,2297A,118.1371,30.2756,黄山市,黄山区政府5号楼,颗粒物(PM10),64,78,107,38,63,81,,48,48,17,24,11,11,0.6,0.7
2024-12-28T1300,2423A,115.0601,30.2313,黄石市,沈家营,颗粒物(PM10),52,53,108,11,60,74,,49,49,10,24,10,17,0.5,0.8
2024-12-28T1300,2424A,115.0817,30.2006,黄石市,陈家湾,,39,39,96,14,66,69,,48,48,12,27,10,12,0.7,0.9
2024-12-28T1300,2426A,114.8988,30.2019,黄石市,铁山,,32,32,88,3,60,82,,50,50,2,17,10,18,1.2,1.2
2024-12-28T1300,2427A,115.0307,30.2092,黄石市,团城山,,43,43,104,9,60,71,,50,50,12,29,7,11,0.8,1
2024-12-28T1300,3149A,115.0235,30.1578,黄石市,笔架山北路,,38,38,91,11,58,68,,41,41,16,27,12,12,0.7,1
2024-12-28T1300,1392A,114.4183,23.0528,惠州市,河南岸金山湖子站,细颗粒物(PM2.5),73,78,74,53,49,110,,87,87,15,17,9,10,0.8,0.8
2024-12-28T1300,1393A,114.4053,23.0822,惠州市,下埔横江三路子站,细颗粒物(PM2.5),72,72,71,52,50,114,,93,93,17,17,9,9,0.7,0.7
2024-12-28T1300,1394A,114.4103,23.1142,惠州市,江北云山西路子站,细颗粒物(PM2.5),68,73,71,49,49,121,,97,97,20,20,10,10,0.7,0.7
2024-12-28T1300,1395A,114.4645,22.7833,惠州市,惠阳区承修路船湖子站,颗粒物(PM10),68,86,83,47,46,103,,83,83,13,14,11,11,0.6,0.6
2024-12-28T1300,1396A,114.5317,22.7422,惠州市,大亚湾管委会子站,细颗粒物(PM2.5),67,73,70,48,47,106,,85,85,22,24,13,13,0.5,0.6
2024-12-28T1300,3314A,114.4338,22.8134,惠州市,惠阳秋长,细颗粒物(PM2.5),67,80,74,48,47,112,,92,92,16,15,12,12,0.7,0.7
2024-12-28T1300,3452A,114.6517,22.775,惠州市,大亚湾霞涌,细颗粒物(PM2.5),77,77,69,56,54,105,,85,85,13,14,9,9,0.9,0.7
2024-12-28T1300,2240A,130.9762,45.3001,鸡西市,环保局,,34,34,23,22,13,56,,,,10,4,7,6,0.6,0.5
2024-12-28T1300,2243A,130.9429,45.3039,鸡西市,第一中学,,35,35,23,21,14,56,,62,55,9,6,6,5,0.2,0.2
2024-12-28T1300,3707A,131.0207,45.3073,鸡西市,欧美日汽修厂,,46,46,32,25,25,52,,59,47,19,19,12,32,0.4,0.6
2024-12-28T1300,3709A,130.9967,45.3106,鸡西市,市政设施管理处,颗粒物(PM10),51,52,29,25,14,48,,60,45,20,13,8,6,0.5,0.4
2024-12-28T1300,2367A,114.9754,27.0803,吉安市,红声器材厂,细颗粒物(PM2.5),89,102,106,66,74,96,,66,66,28,39,14,16,0.7,0.8
2024-12-28T1300,2368A,114.9658,27.0999,吉安市,市森林工业局,细颗粒物(PM2.5),82,96,102,60,76,94,,66,66,31,42,18,19,0.6,0.7
2024-12-28T1300,2369A,114.99,27.1312,吉安市,市环境监测站,细颗粒物(PM2.5),84,88,106,62,81,100,,65,65,30,41,16,19,0.8,0.8
2024-12-28T1300,2370A,115.0093,27.0968,吉安市,青原区法院,细颗粒物(PM2.5),100,102,109,75,80,101,,70,70,30,40,14,15,0.8,0.9
2024-12-28T1300,1772A,126.54,43.8622,吉林市,哈达湾,,25,25,29,14,19,56,,49,49,12,15,9,8,0.6,0.6
2024-12-28T1300,1773A,126.5844,43.8358,吉林市,东局子,,20,20,32,12,17,59,,48,48,9,17,6,6,0.6,0.7
2024-12-28T1300,1774A,126.5052,43.8245,吉林市,电力学院,,21,21,38,13,24,58,,47,47,8,19,8,9,0.6,0.8
2024-12-28T1300,1775A,126.6133,43.8972,吉林市,江北,,28,28,37,14,18,66,,49,49,12,17,12,14,0.5,0.6
2024-12-28T1300,1776A,126.555,43.8306,吉林市,江南公园,,19,19,32,13,20,57,,50,50,10,16,9,10,0.5,0.6
2024-12-28T1300,1778A,126.7061,43.7133,吉林市,丰满,,20,19,23,14,16,58,,54,54,4,5,5,6,0.2,0.3
2024-12-28T1300,2868A,126.4739,43.953,吉林市,九站,,35,35,31,17,18,56,,52,52,11,16,5,5,0.6,0.6
2024-12-28T1300,1299A,116.9862,36.6114,济南市,科干所,颗粒物(PM10),54,58,58,10,17,65,,53,53,20,31,10,9,0.7,0.6
2024-12-28T1300,1300A,116.9376,36.665,济南市,农科所,颗粒物(PM10),59,68,80,7,20,59,,36,36,27,52,14,13,0.7,0.7
2024-12-28T1300,1301A,117.1265,36.6734,济南市,开发区,颗粒物(PM10),51,51,62,12,20,65,,52,52,18,32,11,9,0.6,0.6
2024-12-28T1300,1303A,117.0624,36.6868,济南市,省种子仓库,颗粒物(PM10),54,58,74,12,18,61,,43,43,18,36,12,10,0.7,0.6
2024-12-28T1300,1304A,116.9489,36.6447,济南市,机床二厂,颗粒物(PM10),63,76,103,17,26,62,,34,34,18,45,15,22,0.9,1
2024-12-28T1300,1305A,117.0495,36.663,济南市,市监测站,颗粒物(PM10),55,59,68,10,15,63,,49,49,17,32,12,8,0.7,0.6
2024-12-28T1300,1306A,116.7675,36.5484,济南市,长清党校,颗粒物(PM10),55,59,74,20,23,71,,48,48,15,37,10,10,0.9,0.8
2024-12-28T1300,1616A,117.6795,36.229,济南市,技术学院,颗粒物(PM10),57,63,79,22,32,61,,24,24,16,45,13,15,0.9,0.9
2024-12-28T1300,1961A,117.532,36.6868,济南市,东山小学,颗粒物(PM10),53,56,64,7,15,64,,47,47,11,30,9,8,0.6,0.6
2024-12-28T1300,3059A,117.7161,36.2049,济南市,泰兴公司,颗粒物(PM10),60,70,88,27,38,61,,25,25,16,42,12,14,0.4,0.6
2024-12-28T1300,3064A,117.6867,36.2171,济南市,莱芜战役纪念馆,颗粒物(PM10),59,68,76,14,29,63,,29,29,18,44,10,12,0.5,0.7
2024-12-28T1300,3494A,117.1673,36.9782,济南市,济阳区政府,,,,80,,22,,,41,,,44,,11,,1.2
2024-12-28T1300,3495A,117.1171,36.63,济南市,锦屏中学,,42,42,52,10,14,69,,58,58,20,30,9,8,0.4,0.4
2024-12-28T1300,3682A,116.9814,36.6819,济南市,济南四建,颗粒物(PM10),52,53,71,17,25,57,,35,35,21,47,13,12,0.8,0.8
2024-12-28T1300,1653A,116.6251,35.4302,济宁市,火炬城,颗粒物(PM10),63,76,72,14,27,64,,42,42,22,37,10,11,0.6,0.6
2024-12-28T1300,1655A,116.5491,35.4042,济宁市,电化厂,,50,50,111,19,43,63,,27,27,22,52,11,16,0.7,0.9
2024-12-28T1300,3500A,116.5814,35.3707,济宁市,北湖一中,颗粒物(PM10),68,86,84,27,39,61,,30,30,28,45,10,10,0.1,0.6
2024-12-28T1300,3501A,116.8249,35.5593,济宁市,服务中心,颗粒物(PM10),65,79,86,27,31,61,,28,28,30,49,14,15,1.0,1
2024-12-28T1300,3678A,116.5907,35.4054,济宁市,市第七中学,颗粒物(PM10),64,77,86,17,34,65,,38,38,23,40,6,8,0.8,0.9
2024-12-28T1300,2255A,130.2751,46.8028,佳木斯市,佳纺,,49,38,39,34,34,61,,48,48,9,22,9,13,0.6,0.6
2024-12-28T1300,2256A,130.3995,46.8307,佳木斯市,发电厂,,43,34,26,30,22,60,,50,46,10,15,7,7,1.1,1
2024-12-28T1300,2257A,130.3258,46.7975,佳木斯市,环保局,细颗粒物(PM2.5),60,,35,43,27,57,,48,45,12,25,12,12,0.7,0.8
2024-12-28T1300,2258A,130.3648,46.8032,佳木斯市,十一中,,42,30,28,29,23,52,,52,46,19,24,6,8,0.7,0.7
2024-12-28T1300,2259A,130.3794,46.7588,佳木斯市,四丰,,43,35,22,30,16,54,,56,52,8,8,1,1,0.5,0.5
2024-12-28T1300,1252A,120.7436,30.778,嘉兴市,清河小学,,35,35,64,13,36,61,,45,45,17,36,8,8,0.6,0.7
2024-12-28T1300,1253A,120.726,30.7478,嘉兴市,嘉兴学院,,40,40,67,18,38,64,,49,49,14,31,8,9,0.5,0.7
2024-12-28T1300,2872A,120.7846,30.7525,嘉兴市,南湖区残联,颗粒物(PM10),53,56,75,17,42,68,,52,52,12,29,10,10,0.5,0.7
2024-12-28T1300,3407A,120.6916,30.7739,嘉兴市,秀洲住建,,35,35,69,21,40,63,,47,47,17,33,8,8,0.3,0.4
2024-12-28T1300,1945A,98.2908,39.7711,嘉峪关市,气象局,颗粒物(PM10),95,139,51,14,18,72,,54,54,12,29,4,7,0.5,0.5
2024-12-28T1300,2884A,98.2672,39.7978,嘉峪关市,酒钢宾馆,颗粒物(PM10),92,134,63,29,24,62,,48,48,32,34,75,20,2.5,0.7
2024-12-28T1300,3248A,98.2643,39.7724,嘉峪关市,雄关区,颗粒物(PM10),85,119,45,16,20,69,,54,54,20,34,9,8,0.7,0.4
2024-12-28T1300,1383A,113.1064,22.6058,江门市,北街,颗粒物(PM10),66,81,76,40,52,103,,87,87,28,32,7,8,0.6,0.8
2024-12-28T1300,1384A,113.0731,22.5835,江门市,西区,颗粒物(PM10),68,85,92,39,44,102,,85,85,26,29,10,11,0.6,0.8
2024-12-28T1300,1385A,113.0219,22.5311,江门市,圭峰西,细颗粒物(PM2.5),64,69,72,46,55,103,,79,79,29,29,5,6,0.5,0.6
2024-12-28T1300,1386A,113.0828,22.5947,江门市,东湖,,,75,79,,44,103,,86,86,26,25,9,10,0.6,0.7
2024-12-28T1300,3311A,113.1075,22.5647,江门市,江海富民,颗粒物(PM10),66,82,86,47,48,106,,89,89,34,36,11,12,0.8,0.9
2024-12-28T1300,3449A,113.05,22.4667,江门市,新会银湖,细颗粒物(PM2.5),63,62,72,45,55,102,,84,84,27,28,9,9,0.7,0.8
2024-12-28T1300,1828A,113.227,35.2125,焦作市,市环保局,,38,38,56,10,11,69,,58,58,10,12,5,5,0.4,0.4
2024-12-28T1300,1830A,113.1992,35.2590,焦作市,影视城,,24,18,39,16,21,76,,62,62,9,14,7,7,0.5,0.4
2024-12-28T1300,3169A,113.2725,35.2067,焦作市,太极体育中心,,29,29,63,6,7,67,,54,54,9,12,8,7,0.6,0.4
2024-12-28T1300,3335A,113.3137,35.2641,焦作市,马村街道办,,29,29,50,13,11,69,,58,58,8,10,5,5,0.6,0.4
2024-12-28T1300,3336A,113.2465,35.2373,焦作市,焦作技师学院,,44,44,47,12,9,64,,53,53,14,15,6,4,0.6,0.6
2024-12-28T1300,3477A,113.1656,35.2539,焦作市,中站许衡医院,,33,33,48,15,17,56,,48,48,7,9,8,7,0.3,0.3
2024-12-28T1300,3981A,113.2449,35.1803,焦作市,原李万街道办,,46,46,54,3,8,67,,48,48,10,12,5,4,0.5,0.5
2024-12-28T1300,1708A,116.3701,23.5345,揭阳市,新兴,细颗粒物(PM2.5),83,76,78,61,60,99,,76,76,18,28,7,8,0.8,0.9
2024-12-28T1300,1709A,116.3264,23.5443,揭阳市,西马,细颗粒物(PM2.5),73,73,78,53,54,102,,81,81,18,23,9,10,0.8,0.8
2024-12-28T1300,1710A,116.3611,23.5626,揭阳市,东兴,细颗粒物(PM2.5),77,85,86,56,58,103,,77,77,17,27,9,11,0.8,0.9
2024-12-28T1300,1711A,116.4151,23.5294,揭阳市,渔湖,细颗粒物(PM2.5),70,76,78,51,52,106,,75,75,19,28,10,12,0.7,0.7
2024-12-28T1300,3320A,116.403,23.5699,揭阳市,曲溪,细颗粒物(PM2.5),79,71,82,58,57,111,,79,79,24,32,3,4,0.9,0.9
2024-12-28T1300,1944A,102.1692,38.5167,金昌市,天庆家园,细颗粒物(PM2.5),132,153,68,100,53,76,,36,36,37,35,133,42,1.5,1.2
2024-12-28T1300,3170A,102.1864,38.5253,金昌市,市委党校,细颗粒物(PM2.5),124,136,81,94,47,117,,59,59,30,30,144,28,0.8,1
2024-12-28T1300,4022A,102.1647,38.5371,金昌市,金川区人防中心,颗粒物(PM10),98,145,76,62,50,72,,44,44,23,21,53,27,0.6,0.9
2024-12-28T1300,1262A,119.647,29.077,金华市,十五中,颗粒物(PM10),52,53,106,22,60,81,,41,41,27,56,8,6,0.5,0.8
2024-12-28T1300,1263A,119.686,29.1029,金华市,监测站,颗粒物(PM10),53,55,114,30,67,82,,38,38,22,60,7,6,0.5,0.8
2024-12-28T1300,3659A,119.656,29.1131,金华市,气象局,颗粒物(PM10),52,53,117,23,65,82,,39,39,18,56,7,6,0.6,1
2024-12-28T1300,1767A,121.1115,41.0879,锦州市,南山,,25,20,30,13,22,77,,54,54,9,17,4,20,0.5,0.8
2024-12-28T1300,1768A,121.0533,40.8434,锦州市,开发区,,42,42,69,11,23,66,,34,34,20,59,8,18,0.4,0.6
2024-12-28T1300,1769A,121.1836,41.1119,锦州市,百股街道,,46,46,30,17,18,75,,50,50,11,17,11,14,0.5,0.6
2024-12-28T1300,1770A,121.1178,41.1222,锦州市,天安街道,,24,24,28,12,14,74,,50,50,8,14,17,21,0.6,0.7
2024-12-28T1300,1771A,121.1303,41.1386,锦州市,北湖公园,,47,47,25,11,13,72,,49,49,6,11,12,18,0.4,0.5
2024-12-28T1300,2160A,112.85,35.5051,晋城市,自来水公司,,32,32,48,7,11,73,,62,62,15,17,9,7,0.6,0.5
2024-12-28T1300,2161A,112.8318,35.4936,晋城市,白云商贸,,24,16,39,3,5,74,,63,63,14,18,8,6,0.6,0.4
2024-12-28T1300,2162A,112.8508,35.4887,晋城市,市环保局,,31,31,42,14,10,73,,60,60,15,17,8,6,0.6,0.5
2024-12-28T1300,2163A,112.8676,35.4897,晋城市,技术学院,,25,25,47,9,8,76,,59,59,15,18,8,7,0.5,0.5
2024-12-28T1300,2165A,112.8453,35.546,晋城市,白马寺,,23,19,36,16,14,62,,55,55,7,9,12,12,0.5,0.4
2024-12-28T1300,3620A,112.8271,35.4828,晋城市,泽州一中,,24,16,33,9,6,75,,65,65,10,13,8,5,0.5,0.4
2024-12-28T1300,2171A,112.7532,37.6945,晋中市,锦纶小区,颗粒物(PM10),58,66,65,22,17,63,,36,36,18,28,13,15,0.5,0.6
2024-12-28T1300,2173A,112.7249,37.7067,晋中市,南都小区,颗粒物(PM10),53,56,58,26,20,65,,32,32,18,28,13,14,0.5,0.6
2024-12-28T1300,2174A,112.6991,37.6982,晋中市,榆次区政府,颗粒物(PM10),54,58,61,18,20,63,,33,33,20,29,11,12,0.6,0.6
2024-12-28T1300,2865A,112.7195,37.6828,晋中市,榆次三中,颗粒物(PM10),57,63,66,22,16,62,,34,34,18,26,15,16,0.6,0.6
2024-12-28T1300,2439A,112.2014,31.0481,荆门市,竹园小学,颗粒物(PM10),59,67,114,36,67,78,,50,50,14,28,11,13,0.5,0.7
2024-12-28T1300,2440A,112.1969,30.9891,荆门市,掇刀,颗粒物(PM10),62,74,109,35,65,82,,56,56,15,28,11,13,0.5,0.7
2024-12-28T1300,2441A,112.2213,31.0386,荆门市,石化一小,,,67,119,38,65,80,,54,54,14,29,,11,0.5,0.7
2024-12-28T1300,3012A,112.1849,31.0362,荆门市,西山林语,颗粒物(PM10),53,56,101,27,54,81,,64,64,13,23,9,10,0.4,0.6
2024-12-28T1300,3547A,112.1632,31.0138,荆门市,龙泉中学南校,细颗粒物(PM2.5),64,69,113,46,73,77,,59,59,18,25,11,13,0.5,0.6
2024-12-28T1300,1844A,112.2494,30.3197,荆州市,市图书馆,细颗粒物(PM2.5),78,70,136,57,129,72,,39,39,25,36,9,8,0.5,0.8
2024-12-28T1300,1845A,112.2008,30.3544,荆州市,市委党校,细颗粒物(PM2.5),89,,129,66,122,71,,40,40,26,38,10,10,0.6,0.9
2024-12-28T1300,3194A,112.2747,30.3122,荆州市,管委会,细颗粒物(PM2.5),80,79,141,59,132,71,,41,41,28,36,13,9,0.7,1
2024-12-28T1300,3548A,112.1655,30.3364,荆州市,学苑路,颗粒物(PM10),77,104,165,45,114,76,,45,45,19,33,12,12,0.6,1
2024-12-28T1300,2342A,117.3102,29.3867,景德镇市,王港中学,,,,,,,,,,,,,,,,
2024-12-28T1300,2343A,117.2117,29.2933,景德镇市,老干部活动中心,颗粒物(PM10),55,60,74,33,61,78,,60,54,14,22,8,8,0.5,0.6
2024-12-28T1300,2344A,117.1894,29.2789,景德镇市,兽医站,颗粒物(PM10),56,62,81,26,44,81,,66,59,4,14,5,5,0.2,0.5
2024-12-28T1300,2345A,117.1547,29.2617,景德镇市,台达陶瓷,,47,47,82,25,50,79,,64,57,16,29,13,22,0.4,0.5
2024-12-28T1300,2346A,117.2461,29.2956,景德镇市,陶研所,颗粒物(PM10),58,66,69,30,44,80,,65,50,11,21,4,5,0.5,0.6
2024-12-28T1300,1803A,115.9872,29.6815,九江市,十里,颗粒物(PM10),68,85,116,36,81,62,,34,34,23,35,11,10,0.7,1
2024-12-28T1300,1804A,115.9584,29.7046,九江市,茅山头,颗粒物(PM10),70,90,117,28,72,62,,38,38,31,44,12,9,1.0,1.1
2024-12-28T1300,1805A,115.9877,29.7295,九江市,西园,颗粒物(PM10),66,82,115,45,85,62,,33,33,28,48,13,11,0.6,0.8
2024-12-28T1300,1806A,116.0172,29.6547,九江市,五七二七厂,颗粒物(PM10),78,106,131,44,75,66,,40,40,31,37,11,10,0.6,0.9
2024-12-28T1300,1808A,115.9114,29.6038,九江市,综合工业园,细颗粒物(PM2.5),88,91,129,65,99,70,,39,39,30,47,15,13,0.6,0.8
2024-12-28T1300,1809A,116.0721,29.7535,九江市,石化总厂,颗粒物(PM10),70,89,119,46,81,66,,33,33,26,48,12,12,0.8,1
2024-12-28T1300,1810A,115.9773,29.5698,九江市,庐山气象台,细颗粒物(PM2.5),58,64,98,41,73,76,,63,63,18,24,8,10,0.5,0.9
2024-12-28T1300,3190A,116.0254,29.6994,九江市,外国语学校,颗粒物(PM10),67,83,134,41,83,68,,38,38,22,33,9,11,0.8,0.9
2024-12-28T1300,2658A,98.5061,39.7443,酒泉市,仓门街子站,颗粒物(PM10),67,83,56,37,29,60,,42,34,24,24,48,26,0.7,0.6
2024-12-28T1300,2659A,98.4989,39.7256,酒泉市,油田生活基地,颗粒物(PM10),70,90,61,26,27,59,,41,28,26,26,40,18,0.7,0.6
2024-12-28T1300,2698A,76.0072,39.4467,喀什地区,巡警大队,细颗粒物(PM2.5),75,79,84,55,52,60,,66,64,24,26,2,2,0.8,0.8
2024-12-28T1300,2699A,75.9755,39.4694,喀什地区,吾办,细颗粒物(PM2.5),83,68,74,61,66,61,,66,64,21,28,1,2,0.9,1
2024-12-28T1300,4027A,75.9483,39.4689,喀什地区,老干局,颗粒物(PM10),66,81,92,43,55,65,,65,65,17,29,1,2,0.8,1.1
2024-12-28T1300,1824A,114.3389,34.7781,开封市,肿瘤医院,颗粒物(PM10),61,72,65,11,21,63,,54,54,9,15,3,5,0.4,0.5
2024-12-28T1300,1826A,114.2885,34.7965,开封市,世纪星幼儿园,,,84,60,,24,,,52,52,12,18,4,5,,0.4
2024-12-28T1300,3147A,114.3438,34.8106,开封市,龙亭公园,颗粒物(PM10),61,71,65,12,20,66,,54,54,16,25,4,4,0.2,0.2
2024-12-28T1300,3210A,114.3644,34.7964,开封市,汴京公园,颗粒物(PM10),71,91,75,14,23,67,,57,57,14,21,5,5,0.3,0.5
2024-12-28T1300,3473A,114.2485,34.8306,开封市,技师学院,颗粒物(PM10),76,102,65,7,18,63,,50,50,15,24,7,7,0.5,0.6
2024-12-28T1300,3592A,114.4644,34.7556,开封市,祥符区生态环境局,颗粒物(PM10),56,62,64,14,26,66,,55,55,10,19,3,4,0.3,0.4
2024-12-28T1300,1951A,84.895,45.6094,克拉玛依市,长征新村,细颗粒物(PM2.5),67,74,57,48,40,32,,28,28,30,34,5,5,0.8,0.6
2024-12-28T1300,1952A,84.8988,45.5893,克拉玛依市,南林小区,细颗粒物(PM2.5),72,54,53,52,39,30,,26,26,30,32,4,3,1.3,0.9
2024-12-28T1300,1954A,84.905,44.3396,克拉玛依市,独山子区,颗粒物(PM10),97,143,44,69,34,34,,60,45,61,30,4,4,1.2,0.6
2024-12-28T1300,1955A,85.6979,46.098,克拉玛依市,乌尔禾区商贸楼,,,,41,,33,46,,46,38,31,31,,5,,0.8
2024-12-28T1300,3612A,85.1045,45.6899,克拉玛依市,白碱滩区新站,"颗粒物(PM10),细颗粒物(PM2.5)",63,76,51,45,33,30,,39,33,38,33,8,8,1.2,1.1
2024-12-28T1300,2697A,76.1454,39.7142,克孜勒苏柯尔克孜自治州,市人民政府,细颗粒物(PM2.5),72,69,68,52,55,52,,57,53,13,17,4,3,1.0,1.2
2024-12-28T1300,3665A,76.1658,39.7157,克孜勒苏柯尔克孜自治州,克州文化中心,细颗粒物(PM2.5),67,59,64,48,54,56,,60,57,10,16,7,6,0.8,1
2024-12-28T1300,1450A,102.8204,24.8886,昆明市,呈贡新区,,33,29,29,23,23,31,,25,22,16,17,6,7,0.8,0.7
2024-12-28T1300,1451A,102.6251,24.9608,昆明市,西山森林公园,,,,,,,,,,,,,,,,
2024-12-28T1300,1452A,102.7252,25.0902,昆明市,龙泉镇,,33,33,37,23,34,17,,18,16,26,23,6,8,1.2,0.9
2024-12-28T1300,1453A,102.7266,25.0375,昆明市,东风东路,,38,38,39,24,27,15,,12,12,21,22,5,6,1.1,0.9
2024-12-28T1300,1454A,102.6742,25.0669,昆明市,金鼎山,,,,44,55,33,,,17,17,18,24,,10,1.1,0.9
2024-12-28T1300,1455A,102.6644,25.0401,昆明市,碧鸡广场,,38,35,46,26,33,18,,16,16,22,27,7,8,0.9,0.7
2024-12-28T1300,3179A,102.7494,25.0119,昆明市,官渡区博物馆,,40,37,41,28,29,20,,15,15,23,24,7,7,1.0,0.7
2024-12-28T1300,3375A,102.8017,24.8336,昆明市,青年创业园,,35,35,32,24,22,34,,23,23,12,17,7,6,0.9,0.8
2024-12-28T1300,3550A,102.7997,24.9786,昆明市,昆明学院,,34,34,37,23,25,23,,20,19,20,20,8,8,0.9,0.8
2024-12-28T1300,3551A,102.5967,24.6736,昆明市,晋宁区生态环境分局,,42,40,42,29,27,36,,34,30,15,18,2,3,0.9,0.7
2024-12-28T1300,3552A,102.6678,24.9856,昆明市,云天化总部,,31,31,36,20,24,25,,21,21,15,19,5,6,0.9,0.7
2024-12-28T1300,1456A,91.1319,29.6514,拉萨市,八廓街,,24,19,26,11,16,76,,57,57,14,31,6,6,0.3,0.5
2024-12-28T1300,1457A,91.1221,29.6747,拉萨市,市环保局,,26,26,55,11,29,83,,44,44,17,34,3,7,0.5,1.4
2024-12-28T1300,1458A,91.0874,29.6475,拉萨市,区监测站,,24,19,23,11,14,75,,45,45,14,43,6,6,0.3,0.5
2024-12-28T1300,1459A,91.1774,29.6541,拉萨市,西藏大学,,26,22,22,3,10,82,,57,57,9,14,5,5,0.5,0.4
2024-12-28T1300,1460A,90.9798,29.6588,拉萨市,区辐射站,,46,38,40,32,28,61,,38,38,37,42,8,10,0.9,1
2024-12-28T1300,1461A,91.0834,29.6292,拉萨市,拉萨火车站,,26,26,25,15,16,79,,36,36,20,39,4,5,0.6,1
2024-12-28T1300,2520A,109.2203,23.7256,来宾市,来宾技工学校,细颗粒物(PM2.5),94,86,73,70,58,121,,88,88,19,19,11,8,0.9,0.8
2024-12-28T1300,3535A,109.1781,23.7297,来宾市,兴宾区政府,细颗粒物(PM2.5),77,78,79,56,55,120,,90,90,18,19,10,9,0.9,0.8
2024-12-28T1300,4002A,109.2416,23.7461,来宾市,中南小学,细颗粒物(PM2.5),85,75,75,63,55,116,,82,82,16,18,18,16,1.0,0.9
2024-12-28T1300,1476A,103.631,36.1031,兰州市,兰炼宾馆,细颗粒物(PM2.5),104,136,87,78,47,77,,23,23,82,57,23,18,1.4,0.9
2024-12-28T1300,1477A,104.1373,35.9454,兰州市,榆中兰大校区,,,,,,,,,,,,,,,,
2024-12-28T1300,1478A,103.8412,36.0726,兰州市,生物制品所,细颗粒物(PM2.5),74,84,69,54,39,35,,12,12,58,57,20,14,1.9,1.3
2024-12-28T1300,1479A,103.831,36.0464,兰州市,铁路设计院,细颗粒物(PM2.5),110,132,93,83,51,,,6,6,78,63,21,19,2.4,1.9
2024-12-28T1300,3186A,103.7158,36.1058,兰州市,教育港,细颗粒物(PM2.5),93,110,83,69,42,47,,14,14,60,57,24,16,1.2,0.9
2024-12-28T1300,3241A,103.7439,36.0842,兰州市,百合公园,细颗粒物(PM2.5),85,101,69,63,37,36,,13,13,60,52,22,14,1.5,1.3
2024-12-28T1300,3242A,103.9611,35.998,兰州市,和平,细颗粒物(PM2.5),117,136,71,88,41,49,,26,25,,47,,18,2.0,1.2
2024-12-28T1300,3245A,103.6633,36.533,兰州新区,新区管委会,细颗粒物(PM2.5),68,75,77,49,49,67,,30,30,21,34,33,16,0.7,0.8
2024-12-28T1300,3246A,103.6975,36.4789,兰州新区,舟曲中学,细颗粒物(PM2.5),83,102,86,61,39,64,,29,29,22,41,29,13,0.9,0.7
2024-12-28T1300,1067A,116.6708,39.5111,廊坊市,药材公司,,36,36,37,12,16,55,,20,20,25,36,3,3,0.5,0.5
2024-12-28T1300,1068A,116.7214,39.5589,廊坊市,开发区,,43,43,38,10,12,58,,24,24,22,36,5,4,0.3,0.4
2024-12-28T1300,1070A,116.7244,39.5269,廊坊市,北华航天学院,,30,30,39,13,14,58,,28,28,21,31,6,6,0.4,0.5
2024-12-28T1300,2919A,116.7022,39.5453,廊坊市,河北工业大学,颗粒物(PM10),53,55,42,14,16,53,,26,26,30,38,6,4,0.4,0.4
2024-12-28T1300,2535A,103.7723,29.5462,乐山市,花湖湾,细颗粒物(PM2.5),84,69,78,62,68,41,,40,32,17,20,5,4,0.5,0.5
2024-12-28T1300,2536A,103.7627,29.5844,乐山市,牛耳桥,细颗粒物(PM2.5),89,79,80,66,68,31,,30,17,31,30,6,5,0.8,0.7
2024-12-28T1300,2537A,103.7508,29.6006,乐山市,市第三水厂,细颗粒物(PM2.5),83,81,81,61,67,40,,31,20,26,30,5,4,1.0,1
2024-12-28T1300,2538A,103.7571,29.5664,乐山市,市监测站,细颗粒物(PM2.5),77,72,72,56,60,36,,41,29,25,22,4,3,0.8,0.7
2024-12-28T1300,3361A,103.7311,29.5628,乐山市,理工大学,细颗粒物(PM2.5),70,51,72,51,62,34,,33,,26,25,6,6,1.0,0.7
2024-12-28T1300,2598A,100.2143,26.8576,丽江市,西南郊,,40,38,46,28,33,101,,61,61,10,19,5,5,0.9,1
2024-12-28T1300,2599A,100.2497,26.8802,丽江市,丽江古城,细颗粒物(PM2.5),54,48,48,38,32,99,,55,55,12,18,11,10,0.5,0.6
2024-12-28T1300,2600A,100.2203,26.8906,丽江市,市中心,,,38,29,27,23,96,,56,56,12,17,,8,0.7,0.7
2024-12-28T1300,1267A,119.914,28.4514,丽水市,监测站大楼,颗粒物(PM10),58,66,87,37,80,95,,54,54,12,37,7,5,0.4,0.7
2024-12-28T1300,1268A,119.93,28.4586,丽水市,莲都小学,"颗粒物(PM10),细颗粒物(PM2.5)",53,56,111,37,77,96,,54,54,18,44,10,8,0.6,0.7
2024-12-28T1300,1269A,119.879,28.4231,丽水市,余庄前,细颗粒物(PM2.5),60,60,106,43,82,102,,54,54,20,32,8,7,0.6,0.8
2024-12-28T1300,1173A,119.176,34.5885,连云港市,市环境监测站,颗粒物(PM10),59,68,78,9,32,62,,32,32,16,46,10,15,0.7,0.9
2024-12-28T1300,3000A,119.3581,34.6972,连云港市,德源药业,颗粒物(PM10),56,61,75,17,31,64,,29,29,14,48,8,11,0.2,0.4
2024-12-28T1300,3007A,119.178,34.844,连云港市,新城一中,颗粒物(PM10),61,71,70,26,38,61,,30,30,32,47,13,15,0.5,0.6
2024-12-28T1300,3008A,119.3608,34.7519,连云港市,胡沟管理处,颗粒物(PM10),56,61,64,14,24,60,,25,25,12,30,6,9,0.6,0.8
2024-12-28T1300,3009A,119.1478,34.5911,连云港市,矿山设计院,颗粒物(PM10),59,68,82,9,32,64,,30,30,14,45,9,15,0.4,0.6
2024-12-28T1300,3434A,119.2413,34.6539,连云港市,工贸学校,颗粒物(PM10),51,51,69,16,36,66,,37,37,15,41,10,13,0.3,0.5
2024-12-28T1300,3664A,119.4172,34.7341,连云港市,连云街道,颗粒物(PM10),53,56,61,20,24,58,,46,46,16,32,16,13,0.5,0.6
2024-12-28T1300,2571A,102.3431,27.8099,凉山彝族自治州,青龙寺,,27,27,41,11,16,73,,50,50,6,8,5,5,0.9,0.9
2024-12-28T1300,2572A,102.2721,27.8415,凉山彝族自治州,邛海宾馆,,42,42,47,21,28,68,,54,52,7,14,11,10,0.7,0.7
2024-12-28T1300,2573A,102.2625,27.898,凉山彝族自治州,西昌市政府,,29,29,42,20,30,66,,53,53,10,11,9,8,0.9,0.8
2024-12-28T1300,2574A,102.2685,27.8851,凉山彝族自治州,凉山州政府,,28,22,42,19,31,66,,54,54,9,12,8,8,0.7,0.7
2024-12-28T1300,2575A,102.237,27.8914,凉山彝族自治州,长安,,30,28,44,21,32,68,,51,51,10,13,9,9,0.7,0.6
2024-12-28T1300,2212A,123.2,41.1953,辽阳市,宏伟区,颗粒物(PM10),58,66,63,21,28,49,,23,23,16,24,21,21,0.8,0.9
2024-12-28T1300,2213A,123.1683,41.2495,辽阳市,新华园,颗粒物(PM10),51,51,65,30,35,50,,21,21,26,46,21,23,1.0,1.3
2024-12-28T1300,2214A,123.2354,41.2639,辽阳市,滨河路,,49,49,52,30,28,57,,26,26,25,32,17,20,1.0,1
2024-12-28T1300,2215A,123.149,41.2991,辽阳市,铁西工业园,颗粒物(PM10),59,67,82,34,46,66,,28,28,20,42,11,16,0.7,1.3
2024-12-28T1300,2227A,125.1358,42.8845,辽源市,环保局,,20,20,34,6,15,61,,47,47,10,23,8,10,0.5,0.7
2024-12-28T1300,3239A,125.0764,42.9078,辽源市,银鹰制药,,21,21,35,9,21,58,,42,42,11,27,8,8,0.5,0.6
2024-12-28T1300,1625A,115.9848,36.4372,聊城市,区政府,,41,41,85,17,32,66,,34,34,19,46,13,17,0.7,0.8
2024-12-28T1300,2878A,116.0072,36.4343,聊城市,聊大东校,颗粒物(PM10),57,63,99,24,38,63,,29,29,21,48,13,15,0.9,0.8
2024-12-28T1300,3200A,115.9819,36.4978,聊城市,监控中心,,47,47,89,17,32,67,,33,33,23,50,18,14,0.7,0.8
2024-12-28T1300,3513A,116.0445,36.4361,聊城市,九州社区,颗粒物(PM10),54,58,82,27,31,66,,33,33,17,35,20,13,0.5,0.6
2024-12-28T1300,4018A,116.0567,36.4608,聊城市,星美广场,颗粒物(PM10),57,63,74,24,26,70,,46,46,20,31,13,13,0.8,0.8
2024-12-28T1300,2632A,94.3681,29.6376,林芝市,林芝监测站,,33,33,20,3,10,72,,54,54,6,19,6,6,0.2,0.3
2024-12-28T1300,2633A,94.3616,29.6616,林芝市,林芝人民医院,,21,6,19,3,10,67,,49,49,4,12,5,5,0.2,0.4
2024-12-28T1300,2603A,100.0781,23.8982,临沧市,市环保局,,39,39,37,16,33,68,,28,28,15,16,7,6,0.6,0.6
2024-12-28T1300,2604A,100.0894,23.8822,临沧市,市气象局,,43,43,38,26,28,65,,28,27,16,16,8,8,0.6,0.6
2024-12-28T1300,1733A,111.5531,36.0783,临汾市,临钢医院,,33,33,39,20,13,59,,21,21,18,31,7,3,0.5,0.4
2024-12-28T1300,1734A,111.5028,36.0714,临汾市,技工学校,,32,32,48,22,22,56,,19,19,18,28,8,4,0.6,0.5
2024-12-28T1300,1736A,111.5018,36.0855,临汾市,市委,,42,42,55,17,12,55,,20,20,21,30,6,4,0.5,0.4
2024-12-28T1300,3018A,111.505,36.1014,临汾市,唐尧大酒店,颗粒物(PM10),52,53,44,20,12,54,,20,19,16,24,8,6,0.5,0.4
2024-12-28T1300,3668A,111.5036,36.0414,临汾市,城南,颗粒物(PM10),53,56,49,21,19,54,,19,19,24,31,9,5,0.5,0.3
2024-12-28T1300,2667A,103.2069,35.5993,临夏回族自治州,环保局,细颗粒物(PM2.5),98,113,124,73,76,47,,23,23,46,34,13,9,1.8,1.6
2024-12-28T1300,2668A,103.2417,35.6057,临夏回族自治州,建设大厦,细颗粒物(PM2.5),90,124,114,67,65,60,,38,37,38,26,15,11,1.8,1.2
2024-12-28T1300,1618A,118.3429,35.0532,临沂市,沂河小区,颗粒物(PM10),74,97,94,28,39,62,,28,28,24,51,14,16,0.4,0.6
2024-12-28T1300,1619A,118.295,35.0583,临沂市,鲁南制药厂,,,83,112,24,39,67,,22,22,,54,9,17,,0.7
2024-12-28T1300,1620A,118.2794,34.9976,临沂市,新光毛纺厂,颗粒物(PM10),70,90,84,25,33,62,,31,31,19,44,9,14,0.4,0.5
2024-12-28T1300,1621A,118.3956,35.0888,临沂市,河东保险公司,颗粒物(PM10),68,85,86,28,34,60,,26,26,23,39,12,10,0.5,0.6
2024-12-28T1300,3370A,118.3564,35.0215,临沂市,十里堡居委,颗粒物(PM10),62,73,91,22,34,70,,32,32,14,42,10,14,0.6,0.8
2024-12-28T1300,3496A,118.3604,35.1084,临沂市,南坊新区,颗粒物(PM10),76,102,91,29,34,58,,27,27,34,50,10,10,0.7,0.7
2024-12-28T1300,3860A,118.3920,35.0300,临沂市,皇山花园小区,颗粒物(PM10),74,97,92,13,29,64,,30,30,18,44,8,10,0.4,0.6
2024-12-28T1300,1870A,109.4856,24.3895,柳州市,柳东小学,细颗粒物(PM2.5),84,88,74,62,56,118,,88,88,18,18,14,12,0.5,0.5
2024-12-28T1300,1871A,109.4157,24.3277,柳州市,环保监测站,细颗粒物(PM2.5),89,94,83,66,55,114,,86,86,18,20,14,13,0.9,0.9
2024-12-28T1300,1872A,109.389,24.341,柳州市,河西水厂,颗粒物(PM10),80,109,95,55,56,110,,71,71,18,31,11,18,0.8,1.6
2024-12-28T1300,1873A,109.4311,24.2921,柳州市,市四中,细颗粒物(PM2.5),94,85,63,70,58,118,,91,91,20,19,12,11,0.7,0.7
2024-12-28T1300,1874A,109.4006,24.3631,柳州市,市九中,细颗粒物(PM2.5),98,,74,73,58,113,,84,84,16,23,10,9,0.7,0.7
2024-12-28T1300,1875A,109.4958,24.3134,柳州市,古亭山,细颗粒物(PM2.5),98,80,64,73,50,122,,88,88,18,16,15,13,0.8,0.8
2024-12-28T1300,3402A,109.5422,24.3996,柳州市,市二中,细颗粒物(PM2.5),97,77,67,72,55,111,,76,76,20,21,13,12,0.7,0.7
2024-12-28T1300,2307A,116.5079,31.737,六安市,监测大楼,,48,48,110,14,69,71,,50,50,13,30,6,7,0.5,0.8
2024-12-28T1300,2308A,116.4738,31.7643,六安市,皖西学院,颗粒物(PM10),58,65,116,12,69,76,,48,48,16,33,5,6,0.7,1
2024-12-28T1300,2309A,116.4996,31.7905,六安市,朝阳厂,,45,45,102,17,66,72,,51,51,15,32,3,3,0.8,1
2024-12-28T1300,2310A,116.5567,31.7886,六安市,开发区,颗粒物(PM10),57,63,135,21,69,72,,48,48,18,39,3,3,0.5,0.8
2024-12-28T1300,2576A,104.8,26.5892,六盘水市,窑上,,,,,,,,,,,,,,,,
2024-12-28T1300,2577A,104.83,26.5917,六盘水市,黄土坡,,30,29,29,21,22,59,,74,62,17,13,10,10,0.9,0.8
2024-12-28T1300,2578A,104.89,26.5939,六盘水市,水钢,,38,38,35,24,25,71,,69,61,12,15,12,8,0.8,0.9
2024-12-28T1300,2579A,104.8475,26.5894,六盘水市,民中,,35,30,27,24,19,62,,72,62,17,16,8,9,0.7,0.8
2024-12-28T1300,2580A,104.9544,26.5506,六盘水市,双水,,34,34,30,17,19,83,,76,69,12,10,9,8,0.7,0.6
2024-12-28T1300,2335A,117.0189,25.1181,龙岩市,龙岩师专,,,,,,,,,,,,,,,,
2024-12-28T1300,2336A,117.0217,25.1033,龙岩市,龙岩市监测站,细颗粒物(PM2.5),68,62,51,49,51,101,,78,78,17,18,8,7,0.8,0.8
2024-12-28T1300,2337A,117.0258,25.0661,龙岩市,闽西职业技术学院,细颗粒物(PM2.5),60,52,54,43,48,101,,78,78,15,15,5,3,0.8,0.9
2024-12-28T1300,2338A,117.0196,25.0306,龙岩市,龙岩学院,细颗粒物(PM2.5),58,52,53,41,50,102,,79,79,10,14,7,7,0.6,0.6
2024-12-28T1300,2665A,105.0822,33.3261,陇南市,汉王镇固水子,,,,,,,,,,,,,,,,
2024-12-28T1300,2885A,104.9339,33.3826,陇南市,滨江中学,颗粒物(PM10),52,53,64,30,32,64,,37,37,19,27,9,29,0.7,0.8
2024-12-28T1300,3247A,104.955,33.371,陇南市,市总工会,,,,62,,31,68,,41,37,16,23,12,16,0.6,0.4
2024-12-28T1300,2487A,111.9589,27.8901,娄底市,电视发射台,细颗粒物(PM2.5),104,99,96,78,99,92,,69,69,29,28,11,11,0.8,0.8
2024-12-28T1300,2488A,111.9975,27.725,娄底市,市监测站,细颗粒物(PM2.5),115,141,152,87,113,96,,58,53,18,28,11,14,0.7,0.8
2024-12-28T1300,2489A,112.0194,27.7314,娄底市,市委党校,细颗粒物(PM2.5),112,140,153,84,112,86,,63,51,30,37,10,10,0.8,0.9
2024-12-28T1300,2490A,111.9561,27.7569,娄底市,涟钢,细颗粒物(PM2.5),112,137,144,84,111,91,,59,56,21,20,12,9,0.7,1
2024-12-28T1300,2491A,111.9892,27.7044,娄底市,市政府,细颗粒物(PM2.5),133,129,147,101,118,90,,54,49,31,34,10,9,0.8,0.9
2024-12-28T1300,1893A,105.4324,28.9634,泸州市,九狮山,,,,,,,,,,,,,,,,
2024-12-28T1300,1894A,105.4427,28.9063,泸州市,小市上码头,细颗粒物(PM2.5),109,115,120,82,97,52,,38,38,23,24,4,2,0.8,0.7
2024-12-28T1300,1895A,105.4241,28.8573,泸州市,兰田宪桥,细颗粒物(PM2.5),112,106,121,84,101,62,,35,35,18,24,4,3,0.8,0.8
2024-12-28T1300,1896A,105.4379,28.8833,泸州市,市环监站,细颗粒物(PM2.5),117,109,118,88,94,45,,35,35,25,26,6,4,0.7,0.6
2024-12-28T1300,3490A,105.3617,28.7703,泸州市,纳溪区环保局,细颗粒物(PM2.5),117,94,116,88,96,55,,23,23,18,26,6,5,0.9,0.9
2024-12-28T1300,2183A,111.1406,37.5211,吕梁市,环保局,颗粒物(PM10),55,59,70,14,17,50,,16,16,23,34,7,3,0.7,0.4
2024-12-28T1300,2185A,111.1297,37.5136,吕梁市,自来水公司,颗粒物(PM10),52,54,93,10,21,54,,17,17,20,31,8,8,0.7,0.5
2024-12-28T1300,2867A,111.1283,37.51,吕梁市,马茂庄小学,颗粒物(PM10),53,56,79,18,16,55,,16,16,23,38,6,4,0.6,0.4
2024-12-28T1300,1812A,112.3931,34.6516,洛阳市,市委党校,,38,38,57,10,13,71,,53,53,14,20,4,5,0.3,0.3
2024-12-28T1300,1814A,112.4657,34.6871,洛阳市,豫西宾馆,,44,44,67,20,19,74,,53,53,11,18,5,5,0.5,0.6
2024-12-28T1300,1815A,112.494,34.6886,洛阳市,河南林校,,43,43,63,19,19,68,,49,49,8,13,3,3,0.4,0.4
2024-12-28T1300,1816A,112.3844,34.623,洛阳市,开发区管委会,,27,27,48,11,17,73,,60,60,4,10,4,5,0.4,0.4
2024-12-28T1300,1817A,112.4267,34.6258,洛阳市,市委新办公区,,32,30,51,22,21,78,,64,64,6,12,2,4,0.2,0.3
2024-12-28T1300,3340A,112.6005,34.6326,洛阳市,伊滨,,46,46,56,11,13,74,,59,59,9,11,3,3,0.1,0.2
2024-12-28T1300,3341A,112.4951,34.6332,洛阳市,中移产业园,,29,29,55,3,10,79,,62,62,5,11,3,3,0.2,0.2
2024-12-28T1300,3593A,112.5736,34.8993,洛阳市,吉利监测站,,24,23,47,12,11,76,,46,46,4,16,4,4,0.2,0.2
2024-12-28T1300,3635A,112.3677,34.662,洛阳市,河科大西苑校区,,44,44,64,18,19,79,,59,59,7,14,4,6,0.4,0.4
2024-12-28T1300,3636A,112.4388,34.6781,洛阳市,英才小学,,24,24,63,14,17,69,,45,45,10,19,5,4,0.2,0.2
2024-12-28T1300,2399A,114.051,33.5699,漯河市,三五一五工厂,颗粒物(PM10),52,54,92,13,22,77,,57,57,11,16,8,8,0.3,0.4
2024-12-28T1300,2400A,114.0055,33.5698,漯河市,漯河大学,颗粒物(PM10),54,57,87,19,20,79,,58,58,13,19,6,7,0.3,0.4
2024-12-28T1300,2401A,114.0138,33.5828,漯河市,市水利局,颗粒物(PM10),51,51,85,17,19,76,,56,56,11,18,7,8,0.6,0.6
2024-12-28T1300,2402A,114.0261,33.5698,漯河市,市广电局,,46,46,84,19,25,77,,59,59,12,15,7,8,0.2,0.3
2024-12-28T1300,3478A,113.9749,33.5664,漯河市,市图书馆,颗粒物(PM10),54,58,78,13,20,77,,56,56,15,20,6,7,0.4,0.4
2024-12-28T1300,3479A,114.0967,33.5906,漯河市,召陵区卫健委,,26,26,79,13,23,77,,55,55,10,24,7,8,0.5,0.4
2024-12-28T1300,1798A,118.5092,31.6837,马鞍山市,湖东路四小,颗粒物(PM10),56,61,93,13,41,71,,37,37,16,43,9,18,0.6,1.3
2024-12-28T1300,1799A,118.5024,31.6449,马鞍山市,开发区,颗粒物(PM10),57,63,96,24,59,70,,37,37,14,35,8,11,0.6,0.9
2024-12-28T1300,1800A,118.5228,31.7231,马鞍山市,慈湖,,47,47,86,26,56,70,,33,33,18,44,10,17,0.8,1
2024-12-28T1300,1802A,118.6245,31.7241,马鞍山市,濮塘,颗粒物(PM10),60,70,87,29,53,79,,48,48,11,28,12,10,0.4,0.4
2024-12-28T1300,3633A,118.4918,31.6809,马鞍山市,雨山,颗粒物(PM10),51,51,97,21,51,70,,37,37,15,43,10,20,0.7,1.6
2024-12-28T1300,1686A,111.0286,21.4688,茂名市,电白南海,细颗粒物(PM2.5),67,80,80,48,51,103,,82,82,17,21,9,10,1.0,1
2024-12-28T1300,1687A,110.9294,21.6533,茂名市,茂石化七小,细颗粒物(PM2.5),89,90,81,66,58,102,,77,77,13,13,12,12,0.8,0.8
2024-12-28T1300,1688A,110.9107,21.6687,茂名市,健康路,细颗粒物(PM2.5),79,83,80,58,56,107,,82,82,15,15,16,19,0.9,0.9
2024-12-28T1300,1689A,110.8592,21.6828,茂名市,高岭,细颗粒物(PM2.5),77,78,80,56,55,99,,75,75,16,16,16,21,1.0,0.9
2024-12-28T1300,3450A,111.01,21.5165,茂名市,电白水东,,,85,80,53,58,102,,76,76,16,18,,20,0.7,0.8
2024-12-28T1300,2539A,104.0308,30.0478,眉山市,黑龙滩水库,,50,45,83,35,61,74,,47,47,9,20,2,2,0.5,0.7
2024-12-28T1300,2540A,103.8416,30.0874,眉山市,气象局,细颗粒物(PM2.5),77,,86,56,74,51,,28,15,24,37,5,4,0.6,0.8
2024-12-28T1300,3137A,103.8578,30.0744,眉山市,市委党校,细颗粒物(PM2.5),58,63,85,41,65,53,,26,18,26,40,4,4,0.3,0.6
2024-12-28T1300,3148A,103.8291,30.0564,眉山市,区人社局,,49,,66,34,62,64,,32,21,25,44,4,4,0.3,0.7
2024-12-28T1300,1690A,116.1231,24.3284,梅州市,梅江月梅,细颗粒物(PM2.5),84,66,66,62,64,110,,83,83,20,20,10,11,0.7,0.7
2024-12-28T1300,1691A,116.0797,24.2719,梅州市,梅县新城,细颗粒物(PM2.5),80,68,66,59,61,109,,85,85,23,24,7,8,0.8,0.8
2024-12-28T1300,1692A,116.1248,24.2654,梅州市,环境监控中心,细颗粒物(PM2.5),88,,63,65,60,105,,80,80,17,24,7,8,0.8,0.8
2024-12-28T1300,3315A,116.1233,24.2991,梅州市,梅龙,细颗粒物(PM2.5),79,80,77,58,59,102,,77,77,20,22,8,8,0.8,0.9
2024-12-28T1300,1878A,104.7778,31.4741,绵阳市,富乐山,,,19,79,13,56,,,14,12,,38,,2,,0.8
2024-12-28T1300,1879A,104.7563,31.4535,绵阳市,市人大,颗粒物(PM10),71,92,105,49,61,15,,7,7,57,54,4,4,0.8,1
2024-12-28T1300,1880A,104.6697,31.4668,绵阳市,高新区自来水公司,颗粒物(PM10),59,68,102,39,66,30,,8,8,39,38,3,5,0.8,1.1
2024-12-28T1300,1881A,104.7287,31.5075,绵阳市,三水厂,细颗粒物(PM2.5),104,109,104,78,73,11,,6,6,50,39,6,6,0.9,0.9
2024-12-28T1300,3491A,104.69,31.5322,绵阳市,西科大附属小学,细颗粒物(PM2.5),68,68,99,49,69,34,,12,12,30,34,6,6,0.7,0.9
2024-12-28T1300,3492A,104.5648,31.5343,绵阳市,安州区旅游局,细颗粒物(PM2.5),77,83,105,56,80,49,,13,13,17,28,8,8,0.8,1.1
2024-12-28T1300,1784A,129.61,44.561,牡丹江市,环保大楼,,48,48,32,29,20,48,,43,42,17,15,7,7,0.5,0.4
2024-12-28T1300,1785A,129.6115,44.5782,牡丹江市,文化广场,,48,36,36,33,24,50,,47,43,20,19,10,9,0.7,0.7
2024-12-28T1300,1786A,129.5904,44.5963,牡丹江市,第一医院,细颗粒物(PM2.5),52,38,40,36,30,54,,40,40,12,19,7,7,0.6,0.6
2024-12-28T1300,1787A,129.6364,44.6075,牡丹江市,机车工厂,,46,45,35,32,23,54,,42,40,12,19,11,10,0.5,0.6
2024-12-28T1300,1788A,129.6386,44.5462,牡丹江市,第一中学,,24,24,28,16,21,53,,47,47,12,16,6,6,0.5,0.4
2024-12-28T1300,2531A,105.0703,29.61,内江市,市监测站,细颗粒物(PM2.5),108,,87,81,103,40,,22,22,29,29,5,5,0.8,0.9
2024-12-28T1300,2532A,105.0717,29.5947,内江市,东兴区政府,细颗粒物(PM2.5),87,65,87,64,88,44,,21,21,32,33,4,3,0.8,0.9
2024-12-28T1300,2533A,105.0653,29.5817,内江市,内江二中,细颗粒物(PM2.5),87,66,98,64,95,50,,21,21,25,33,8,8,0.8,0.9
2024-12-28T1300,2534A,105.0406,29.5822,内江市,内江日报社,细颗粒物(PM2.5),84,82,94,62,92,44,,15,15,31,36,4,6,0.8,0.9
2024-12-28T1300,2628A,92.0657,31.4846,那曲市,那曲监测站,细颗粒物(PM2.5),59,66,46,42,30,60,,38,38,26,24,13,11,0.9,1
2024-12-28T1300,3128A,92.0506,31.4797,那曲市,那曲会议中心,,45,45,37,31,26,68,,36,36,18,19,6,5,0.8,0.9
2024-12-28T1300,1290A,115.8931,28.6843,南昌市,省外办,细颗粒物(PM2.5),89,101,124,66,92,80,,53,53,26,38,11,11,0.7,0.8
2024-12-28T1300,1291A,115.8886,28.7003,南昌市,省林业公司,颗粒物(PM10),78,105,129,56,84,78,,47,47,20,37,12,13,0.7,0.7
2024-12-28T1300,1292A,115.8126,28.7442,南昌市,林科所,颗粒物(PM10),76,102,119,51,78,82,,59,58,24,32,9,10,0.8,0.9
2024-12-28T1300,1294A,115.8518,28.687,南昌市,建工学校,细颗粒物(PM2.5),78,97,128,57,83,80,,55,55,20,39,14,14,0.7,0.8
2024-12-28T1300,1295A,115.8921,28.6424,南昌市,象湖,细颗粒物(PM2.5),78,84,112,57,88,83,,58,58,25,37,13,13,0.6,0.7
2024-12-28T1300,1296A,115.7423,28.7996,南昌市,武术学校,颗粒物(PM10),70,90,100,44,75,65,,45,45,26,24,6,4,0.8,0.9
2024-12-28T1300,1298A,115.9314,28.6842,南昌市,省站,细颗粒物(PM2.5),77,100,132,56,86,73,,51,51,22,31,12,13,0.5,0.6
2024-12-28T1300,3046A,115.9084,28.6062,南昌市,机电学校,,,108,142,56,87,,,52,52,21,31,14,15,0.6,0.7
2024-12-28T1300,3690A,115.9721,28.7031,南昌市,外国语学校,颗粒物(PM10),76,101,131,43,79,73,,51,51,22,33,10,11,0.6,0.7
2024-12-28T1300,1905A,106.056,30.8064,南充市,西山风景区,细颗粒物(PM2.5),53,39,47,37,35,52,,66,54,21,10,1,2,0.6,0.5
2024-12-28T1300,1906A,106.0789,30.8023,南充市,南充市委,细颗粒物(PM2.5),74,75,70,54,55,54,,20,20,30,35,4,3,0.5,0.6
2024-12-28T1300,1907A,106.1031,30.8217,南充市,南充炼油厂,细颗粒物(PM2.5),67,74,78,48,58,58,,20,20,21,35,5,3,0.5,0.5
2024-12-28T1300,1908A,106.1064,30.7856,南充市,高坪区监测站,细颗粒物(PM2.5),79,91,87,58,65,40,,17,17,35,39,5,3,0.6,0.8
2024-12-28T1300,1909A,106.0642,30.7636,南充市,嘉陵区环保局,细颗粒物(PM2.5),73,75,76,53,55,53,,18,18,28,47,6,4,0.5,0.7
2024-12-28T1300,1910A,106.1087,30.8388,南充市,市环境监测站,细颗粒物(PM2.5),65,78,73,47,47,54,,46,40,20,20,6,4,0.6,0.6
2024-12-28T1300,1151A,118.8086,32.1065,南京市,迈皋桥,,46,46,70,12,39,60,,32,,20,40,4,11,0.9,1.4
2024-12-28T1300,1152A,118.7538,32.0551,南京市,草场门,颗粒物(PM10),51,51,81,9,39,67,,47,47,15,36,4,7,0.0,0.3
2024-12-28T1300,1153A,118.7794,32.0745,南京市,山西路,颗粒物(PM10),62,73,91,12,42,63,,44,44,22,37,4,4,0.5,0.7
2024-12-28T1300,1154A,118.7752,32.0023,南京市,中华门,颗粒物(PM10),53,56,73,12,38,59,,40,40,1,18,4,9,0.7,0.8
2024-12-28T1300,1155A,118.8109,32.0309,南京市,瑞金路,颗粒物(PM10),53,56,83,14,39,60,,41,41,18,37,4,7,0.8,1
2024-12-28T1300,1156A,118.7997,32.0754,南京市,玄武湖,,47,47,80,9,40,63,,40,40,14,30,8,10,0.2,0.4
2024-12-28T1300,1157A,118.6414,32.0931,南京市,浦口,,48,48,82,9,36,66,,52,52,6,17,7,10,0.4,0.5
2024-12-28T1300,1158A,118.7356,31.9996,南京市,奥体中心,颗粒物(PM10),54,57,80,17,41,71,,45,45,24,43,8,10,0.4,0.6
2024-12-28T1300,1159A,118.9125,32.1028,南京市,仙林大学城,颗粒物(PM10),65,80,89,22,46,58,,28,28,21,42,11,11,0.6,0.7
2024-12-28T1300,3422A,118.8436,31.9198,南京市,江宁彩虹桥,颗粒物(PM10),56,61,80,12,37,68,,39,39,11,30,6,10,0.2,0.5
2024-12-28T1300,3423A,119.0138,31.6494,南京市,溧水永阳,颗粒物(PM10),59,68,78,19,47,65,,40,40,18,35,4,4,0.5,0.6
2024-12-28T1300,3424A,118.879,31.3302,南京市,高淳老职中,,50,50,73,28,55,62,,43,43,25,30,8,8,0.2,0.4
2024-12-28T1300,3427A,118.8554,32.3578,南京市,六合雄州,,32,32,83,6,45,62,,34,34,6,20,3,5,0.3,0.5
2024-12-28T1300,1401A,108.3103,22.7881,南宁市,二十一中,颗粒物(PM10),53,56,59,28,45,107,,82,82,17,30,5,6,0.6,0.8
2024-12-28T1300,1402A,108.3141,22.8528,南宁市,北湖,,50,50,64,22,44,101,,76,76,18,33,10,10,0.6,0.8
2024-12-28T1300,1403A,108.3206,22.8225,南宁市,市监测站,细颗粒物(PM2.5),54,54,64,38,48,100,,77,77,19,31,10,9,0.7,0.8
2024-12-28T1300,1404A,108.3829,22.8037,南宁市,大自然花园,,44,44,52,29,44,100,,84,84,17,24,7,6,0.5,0.7
2024-12-28T1300,1405A,108.4394,22.7904,南宁市,仙葫,,45,43,50,31,40,93,,77,77,12,21,6,5,0.6,0.7
2024-12-28T1300,1406A,108.2397,22.8467,南宁市,区农职院,,49,48,64,34,46,110,,83,83,13,20,9,7,0.5,0.6
2024-12-28T1300,1407A,108.3275,22.735,南宁市,英华嘉园,,40,40,59,16,41,101,,82,82,17,27,8,7,0.5,0.8
2024-12-28T1300,1408A,108.2257,22.7757,南宁市,沙井镇街道办,细颗粒物(PM2.5),54,44,73,38,49,102,,76,76,18,33,10,11,0.7,0.9
2024-12-28T1300,3401A,108.4834,22.7618,南宁市,红星社区,细颗粒物(PM2.5),52,41,49,36,44,107,,88,88,15,16,9,8,0.5,0.7
2024-12-28T1300,2331A,118.0966,26.6761,南平市,茫荡山,,,,,,,,,,,,,,,,
2024-12-28T1300,2332A,118.1681,26.6369,南平市,南平市监测站,细颗粒物(PM2.5),94,87,77,70,63,106,,69,64,20,24,10,5,0.7,0.7
2024-12-28T1300,2333A,118.1825,26.6489,南平市,南平铝业有限公司,细颗粒物(PM2.5),97,85,69,72,66,106,,73,68,23,22,10,6,0.8,0.8
2024-12-28T1300,2334A,118.1756,26.6272,南平市,南平七中,细颗粒物(PM2.5),94,86,69,70,62,108,,72,70,19,20,7,3,0.6,0.6
2024-12-28T1300,1168A,120.9098,31.9663,南通市,狼山街道,,49,49,69,19,37,63,,46,46,12,22,8,10,0.7,0.8
2024-12-28T1300,1169A,120.86,32.0005,南通市,虹桥,,38,38,65,16,39,61,,42,42,15,27,5,8,0.3,0.4
2024-12-28T1300,1170A,120.87,32.02,南通市,城中,,,45,80,12,37,63,,42,42,35,28,,10,0.2,0.8
2024-12-28T1300,1171A,120.94,31.93,南通市,星湖花园,,50,50,70,19,36,52,,42,42,28,30,6,8,0.4,0.6
2024-12-28T1300,1172A,120.81,32.0417,南通市,紫琅学院,,,35,72,11,37,63,,43,43,15,29,,8,0.5,0.7
2024-12-28T1300,3291A,121.067,32.062,南通市,通州监测站,,46,46,74,12,39,69,,44,44,17,29,5,5,0.6,0.8
2024-12-28T1300,3432A,120.9348,31.9883,南通市,环境教育馆,,48,48,71,12,34,71,,51,51,11,21,5,7,0.4,0.5
2024-12-28T1300,2404A,112.5224,33.0122,南阳市,瓦房庄,颗粒物(PM10),56,61,93,34,53,77,,50,36,17,25,7,7,0.5,0.6
2024-12-28T1300,2405A,112.5003,32.9735,南阳市,汉画馆,颗粒物(PM10),54,57,84,36,52,66,,42,28,22,29,7,7,0.4,0.5
2024-12-28T1300,2406A,112.5573,33.027,南阳市,气象站,颗粒物(PM10),53,55,94,24,42,108,,46,36,13,26,6,7,0.4,0.5
2024-12-28T1300,2407A,112.5481,32.9689,南阳市,理工学院,颗粒物(PM10),52,53,82,33,53,75,,43,35,19,30,6,7,0.4,0.6
2024-12-28T1300,4008A,112.5234,32.9922,南阳市,卧龙区政府,,,59,84,32,48,,,49,,20,27,6,6,0.6,0.7
2024-12-28T1300,1234A,121.8358,29.911,宁波市,区环保大楼,颗粒物(PM10),65,79,72,37,42,62,,48,48,32,44,12,13,0.6,0.7
2024-12-28T1300,1235A,121.56,29.82,宁波市,万里学院,颗粒物(PM10),55,60,78,35,42,66,,52,52,23,35,6,7,0.6,0.7
2024-12-28T1300,1236A,121.713,29.9572,宁波市,龙赛医院,颗粒物(PM10),61,72,78,32,34,60,,44,44,25,44,11,12,0.5,0.6
2024-12-28T1300,1239A,121.633,29.7733,宁波市,钱湖水厂,颗粒物(PM10),59,68,79,33,40,66,,52,52,19,32,6,7,0.5,0.6
2024-12-28T1300,1240A,121.5856,29.8635,宁波市,太古小学,颗粒物(PM10),56,61,76,32,40,67,,52,52,23,37,9,10,0.6,0.7
2024-12-28T1300,1241A,121.524,29.8674,宁波市,市环境监测中心,颗粒物(PM10),51,52,71,26,40,65,,50,50,17,30,10,10,0.6,0.7
2024-12-28T1300,2871A,121.6147,29.9017,宁波市,万里国际学校,颗粒物(PM10),54,58,62,27,36,66,,53,53,18,36,8,8,0.6,0.7
2024-12-28T1300,3710A,121.5594,29.8975,宁波市,白沙活动中心,颗粒物(PM10),52,54,60,30,36,67,,53,53,20,34,10,10,0.6,0.7
2024-12-28T1300,2339A,119.5001,26.6946,宁德市,金涵水库,,,,,,,,,,,,,,,,
2024-12-28T1300,2341A,119.5388,26.6612,宁德市,宁德市监测站,细颗粒物(PM2.5),88,78,71,65,71,107,,56,56,22,31,4,6,0.6,0.6
2024-12-28T1300,3209A,119.5231,26.6562,宁德市,宁德一中,细颗粒物(PM2.5),92,77,73,68,67,108,,63,63,25,26,4,5,0.6,0.7
2024-12-28T1300,2618A,98.8601,25.8567,怒江傈僳族自治州,州监测站,,28,27,42,19,25,71,,48,48,6,13,4,4,0.6,0.7
2024-12-28T1300,2619A,98.8546,25.8417,怒江傈僳族自治州,泸水一中,,48,34,41,33,31,61,,29,29,12,22,7,7,0.5,0.7
2024-12-28T1300,1888A,101.6891,26.571,攀枝花市,弄弄坪,细颗粒物(PM2.5),78,68,69,57,47,58,,21,21,35,39,34,21,1.4,1.3
2024-12-28T1300,1889A,101.5769,26.5928,攀枝花市,河门口,细颗粒物(PM2.5),72,70,63,52,42,66,,27,27,30,31,25,14,2.0,1.4
2024-12-28T1300,1890A,101.7169,26.585,攀枝花市,炳草岗,细颗粒物(PM2.5),70,75,84,51,49,56,,18,18,37,55,39,23,1.2,1.1
2024-12-28T1300,1891A,101.7369,26.5008,攀枝花市,仁和,细颗粒物(PM2.5),78,80,60,57,43,75,,25,25,34,29,50,16,2.0,0.9
2024-12-28T1300,2835A,101.7227,26.567,攀枝花市,四十中小,"颗粒物(PM10),细颗粒物(PM2.5)",65,79,81,47,51,63,,23,23,30,58,27,19,1.3,1.5
2024-12-28T1300,1604A,122.0303,41.1489,盘锦市,开发区,,34,34,40,13,20,68,,33,33,11,28,13,20,0.7,0.7
2024-12-28T1300,1605A,122.0485,41.0883,盘锦市,兴隆台,,40,40,42,19,21,68,,32,32,17,36,18,19,0.6,0.8
2024-12-28T1300,1606A,121.8297,41.1028,盘锦市,新生街道,颗粒物(PM10),61,71,37,33,19,76,,38,38,18,40,14,23,0.6,0.7
2024-12-28T1300,1832A,113.3257,33.742,平顶山市,新华旅馆,,46,46,74,25,30,81,,65,65,7,10,6,8,0.2,0.2
2024-12-28T1300,1833A,113.2919,33.737,平顶山市,规划设计院,,41,41,59,19,22,80,,61,61,8,10,6,6,0.1,0.2
2024-12-28T1300,1834A,113.182,33.774,平顶山市,平顶山工学院,颗粒物(PM10),55,60,59,27,18,79,,64,64,8,6,99,28,0.6,0.5
2024-12-28T1300,3204A,113.3025,33.73,平顶山市,规划局,,34,34,67,21,26,74,,58,58,6,7,6,7,0.2,0.3
2024-12-28T1300,3594A,112.8867,33.9116,平顶山市,石龙区,,37,37,84,21,29,85,,66,66,2,2,5,5,0.5,0.5
2024-12-28T1300,2656A,106.6692,35.5461,平凉市,聚贤嘉苑,颗粒物(PM10),52,53,47,33,24,61,,35,35,29,41,22,14,0.6,0.6
2024-12-28T1300,2657A,106.7021,35.5307,平凉市,博物馆,,,,,,,,,,,,,,,,
2024-12-28T1300,2347A,114.0997,27.5002,萍乡市,武功山,细颗粒物(PM2.5),69,61,124,50,101,100,,44,44,13,26,12,10,0.8,1.3
2024-12-28T1300,2348A,113.8385,27.6434,萍乡市,中医院,颗粒物(PM10),58,65,180,40,126,94,,37,37,12,43,10,14,0.7,1.5
2024-12-28T1300,2349A,113.8493,27.6253,萍乡市,市政府车库,细颗粒物(PM2.5),102,,161,76,157,92,,39,39,15,41,13,13,0.9,1.2
2024-12-28T1300,2350A,113.8676,27.6435,萍乡市,市环保局,细颗粒物(PM2.5),99,102,192,74,158,91,,41,41,16,44,13,13,0.8,1.4
2024-12-28T1300,2351A,113.866,27.6198,萍乡市,安源区政府,颗粒物(PM10),92,134,188,46,147,92,,37,37,24,40,10,10,1.0,1.3
2024-12-28T1300,2319A,119.0141,25.4325,莆田市,荔城区仓后路,细颗粒物(PM2.5),87,,67,64,56,107,,74,74,18,20,3,3,0.9,0.8
2024-12-28T1300,2320A,119.0015,25.4553,莆田市,莆田市监测站,细颗粒物(PM2.5),85,,62,63,51,106,,71,71,20,22,5,4,0.7,0.7
2024-12-28T1300,2321A,119.1119,25.4561,莆田市,涵江区六中,细颗粒物(PM2.5),95,72,72,71,62,115,,76,76,20,22,3,3,0.5,0.6
2024-12-28T1300,2322A,119.1013,25.3215,莆田市,秀屿区政府,细颗粒物(PM2.5),85,71,63,63,62,118,,80,80,24,24,4,3,0.7,0.6
2024-12-28T1300,2323A,118.981,25.4792,莆田市,东圳水库,,,,,,,,,,,,,,,,
2024-12-28T1300,2392A,115.0312,35.7636,濮阳市,环保局,,,33,75,8,29,51,,21,21,,44,4,5,0.6,0.9
2024-12-28T1300,2394A,115.0574,35.7609,濮阳市,油田运输公司,,36,36,78,8,28,50,,23,23,18,44,3,4,0.4,0.7
2024-12-28T1300,2395A,115.0866,35.7754,濮阳市,油田物探公司,,43,43,86,11,34,54,,24,24,18,45,5,5,0.3,0.8
2024-12-28T1300,3021A,115,35.7668,濮阳市,濮水河管理处,,37,37,89,10,44,52,,20,20,12,39,6,6,0.3,0.6
2024-12-28T1300,2601A,100.98,22.7633,普洱市,市环保局,,46,46,47,6,15,57,,45,45,6,10,4,5,0.6,0.6
2024-12-28T1300,2602A,100.9817,22.8322,普洱市,普洱第二中学,,,,48,13,21,61,,19,19,6,17,9,9,0.6,0.7
2024-12-28T1300,2262A,131.0518,45.8751,七台河市,新一中,,37,37,28,25,18,65,,59,53,12,13,11,11,1.6,1.6
2024-12-28T1300,3345A,131.0577,45.7879,七台河市,中波台,细颗粒物(PM2.5),52,51,38,36,28,51,,42,35,22,28,16,14,0.8,0.7
2024-12-28T1300,3637A,131.0176,45.7761,七台河市,人民广场,细颗粒物(PM2.5),54,56,39,38,29,55,,46,43,24,25,16,9,0.7,0.6
2024-12-28T1300,3684A,130.8781,45.8222,七台河市,新建矿广场,,42,39,35,29,32,54,,42,36,19,25,10,11,0.6,0.5
2024-12-28T1300,1779A,123.9305,47.3636,齐齐哈尔市,安居小区,,21,21,31,8,17,61,,50,49,7,16,8,9,0.2,0.3
2024-12-28T1300,1780A,123.9488,47.3386,齐齐哈尔市,中心广场,,19,17,22,11,12,59,,52,52,9,16,4,4,0.3,0.4
2024-12-28T1300,1781A,123.9483,47.3227,齐齐哈尔市,农牧车辆厂,,27,27,24,18,14,62,,53,52,6,14,5,6,0.3,0.3
2024-12-28T1300,1783A,123.945,47.2988,齐齐哈尔市,市环境监测站,,26,26,25,14,15,63,,52,52,7,15,4,5,0.4,0.5
2024-12-28T1300,3662A,123.6333,47.2075,齐齐哈尔市,富区青少年活动中心,,20,18,43,8,18,63,,49,48,7,22,7,15,0.4,0.7
2024-12-28T1300,2591A,107.9783,26.5747,黔东南苗族侗族自治州,市环境监测站,细颗粒物(PM2.5),100,88,66,75,54,97,,88,88,22,17,8,6,0.7,0.5
2024-12-28T1300,2881A,107.8908,26.5311,黔东南苗族侗族自治州,凯里学院,细颗粒物(PM2.5),84,88,66,62,49,105,,91,91,16,16,7,6,0.8,0.7
2024-12-28T1300,2593A,107.5228,26.2403,黔南布依族苗族自治州,小围寨,,,63,48,44,38,87,,80,79,18,14,,7,0.6,0.8
2024-12-28T1300,3538A,107.5175,26.2978,黔南布依族苗族自治州,沙坝,细颗粒物(PM2.5),62,63,54,44,42,91,,84,83,21,16,8,7,0.6,0.6
2024-12-28T1300,2589A,104.9022,25.0925,黔西南布依族苗族自治州,场坝街,,33,33,35,20,28,70,,55,55,15,18,5,13,0.5,0.6
2024-12-28T1300,2590A,104.8811,25.0992,黔西南布依族苗族自治州,坪东大道,,46,,30,32,24,63,,40,40,18,18,6,10,0.7,0.7
2024-12-28T1300,2502A,108.6236,21.9667,钦州市,市环保站,细颗粒物(PM2.5),62,70,81,44,53,99,,81,81,17,19,11,11,0.9,0.9
2024-12-28T1300,2503A,108.6549,21.9481,钦州市,沙埠小学,颗粒物(PM10),61,71,78,27,46,102,,82,82,21,22,10,7,0.7,0.9
2024-12-28T1300,2504A,108.5989,21.7431,钦州市,港区一小,颗粒物(PM10),67,84,79,34,46,94,,76,76,22,25,10,8,0.8,0.8
2024-12-28T1300,3404A,108.5959,21.9633,钦州市,北职校,细颗粒物(PM2.5),64,66,62,46,54,94,,80,80,18,18,8,7,0.7,0.8
2024-12-28T1300,1042A,119.5134,39.8207,秦皇岛市,北戴河环保局,,,23,23,3,10,66,,54,54,,14,,3,0.5,0.6
2024-12-28T1300,1043A,119.7493,40.0116,秦皇岛市,第一关,,32,32,16,8,15,70,,57,57,8,22,3,3,0.2,0.3
2024-12-28T1300,1044A,119.5897,39.9499,秦皇岛市,监测站,,20,17,28,6,11,64,,34,34,10,25,4,4,0.3,0.3
2024-12-28T1300,1046A,119.5251,39.9041,秦皇岛市,建设大厦,,33,33,28,19,15,65,,48,46,9,23,2,2,0.3,0.3
2024-12-28T1300,3132A,119.610547,39.943889,秦皇岛市,文明里,,33,33,29,9,16,64,,39,39,13,25,4,4,0.3,0.3
2024-12-28T1300,1307A,120.6659,36.2403,青岛市,仰口,,40,40,55,13,17,82,,69,69,13,16,4,5,0.6,0.8
2024-12-28T1300,1310A,120.4134,36.0658,青岛市,市南区东部子站,颗粒物(PM10),60,70,79,29,18,61,,42,42,24,25,18,15,0.7,0.7
2024-12-28T1300,1311A,120.3664,36.1032,青岛市,四方区子站,颗粒物(PM10),54,58,59,24,19,66,,46,46,26,27,16,14,0.6,0.6
2024-12-28T1300,1312A,120.2994,36.054,青岛市,市南区西部子站,颗粒物(PM10),95,139,66,24,15,64,,44,44,17,22,12,12,0.7,0.7
2024-12-28T1300,1313A,120.4581,36.0858,青岛市,崂山区子站,颗粒物(PM10),56,61,54,17,15,68,,48,48,17,18,12,12,0.7,0.7
2024-12-28T1300,1314A,120.1983,35.9608,青岛市,黄岛区子站,,41,41,61,10,18,68,,53,53,13,25,8,9,0.6,0.6
2024-12-28T1300,1315A,120.3999,36.3083,青岛市,城阳区子站,颗粒物(PM10),56,61,68,15,20,63,,36,36,18,32,10,11,0.8,0.8
2024-12-28T1300,1966A,120.0405,35.8735,青岛市,黄岛区4号,,46,46,65,12,16,64,,47,47,17,26,10,11,0.5,0.5
2024-12-28T1300,3362A,120.5014,36.4034,青岛市,即墨2号,颗粒物(PM10),52,53,74,19,23,58,,35,35,21,30,10,12,0.6,0.7
2024-12-28T1300,3642A,120.3503,36.0736,青岛市,市北区南部,颗粒物(PM10),57,64,60,19,15,64,,43,43,28,34,9,9,0.6,0.6
2024-12-28T1300,3643A,120.3948,36.1805,青岛市,李沧区北部,,48,48,66,22,25,66,,38,38,22,30,14,14,0.9,0.8
2024-12-28T1300,1702A,113.0426,23.691,清远市,环保大楼,颗粒物(PM10),70,89,104,44,56,109,,86,86,11,12,7,6,0.8,0.9
2024-12-28T1300,1703A,113.0208,23.7106,清远市,凤城街办,细颗粒物(PM2.5),84,73,84,62,70,104,,79,79,18,18,11,10,0.7,0.8
2024-12-28T1300,3025A,113.0477,23.6344,清远市,技师学院,细颗粒物(PM2.5),65,71,80,47,55,110,,84,84,19,22,9,9,0.5,0.7
2024-12-28T1300,3318A,112.9903,23.7403,清远市,清新太和,细颗粒物(PM2.5),73,78,85,53,61,111,,81,81,16,17,11,11,0.9,1
2024-12-28T1300,3455A,113.076,23.7198,清远市,清城东城,细颗粒物(PM2.5),64,70,78,46,55,111,,86,86,13,14,14,13,0.5,0.7
2024-12-28T1300,2661A,107.6325,35.7357,庆阳市,庆阳五中,细颗粒物(PM2.5),70,72,47,51,27,79,,64,52,17,16,8,9,0.7,0.7
2024-12-28T1300,2662A,107.6364,35.7067,庆阳市,市环保局,颗粒物(PM10),59,68,46,39,20,51,,68,59,42,14,48,8,0.5,0.5
2024-12-28T1300,1916A,103.7897,25.5035,曲靖市,环境监测站,,26,24,33,18,20,20,,29,20,19,17,6,6,0.9,0.8
2024-12-28T1300,1917A,103.8,25.5364,曲靖市,烟厂办公区,,,40,34,20,18,22,,33,27,19,17,,4,0.5,0.4
2024-12-28T1300,3376A,103.7947,25.462,曲靖市,南苑二区,,29,29,32,19,21,27,,34,27,17,16,4,5,0.9,0.9
2024-12-28T1300,3377A,103.7444,25.5261,曲靖市,曲靖师范学院,,29,24,38,20,26,23,,28,24,18,20,5,7,0.8,0.9
2024-12-28T1300,1264A,118.8692,28.9398,衢州市,环保大楼,细颗粒物(PM2.5),87,100,166,64,116,85,,48,48,23,57,6,6,0.7,0.9
2024-12-28T1300,1265A,118.8709,28.9666,衢州市,实验学校,细颗粒物(PM2.5),84,85,145,62,115,83,,45,45,34,68,7,5,0.6,0.8
2024-12-28T1300,1266A,118.8621,28.9808,衢州市,衢州学院,细颗粒物(PM2.5),85,88,135,63,112,62,,30,30,28,57,9,9,0.6,0.8
2024-12-28T1300,1611A,118.5819,24.9117,泉州市,涂山街,细颗粒物(PM2.5),93,81,68,69,50,125,,82,82,22,22,4,3,0.6,0.6
2024-12-28T1300,1612A,118.5972,24.8978,泉州市,津头埔,细颗粒物(PM2.5),95,79,63,71,52,124,,78,78,26,27,5,4,0.8,0.7
2024-12-28T1300,1613A,118.6663,24.9424,泉州市,万安,细颗粒物(PM2.5),84,77,64,62,50,132,,82,82,26,28,4,3,0.7,0.6
2024-12-28T1300,1614A,118.6117,24.9604,泉州市,清源山,,,,,,,,,,,,,,,,
2024-12-28T1300,3529A,118.6333,24.9264,泉州市,城华南路,细颗粒物(PM2.5),89,104,79,66,48,121,,76,76,29,29,6,5,0.7,0.6
2024-12-28T1300,2626A,88.8876,29.2718,日喀则市,日喀则监测站,,22,22,48,11,30,67,,22,22,7,34,2,6,0.5,1.1
2024-12-28T1300,3726A,88.8781,29.2426,日喀则市,林业技术推广中心,,25,21,36,17,20,70,,27,27,8,19,7,9,0.6,0.8
2024-12-28T1300,1659A,119.471,35.4209,日照市,监测站,颗粒物(PM10),58,66,58,24,22,58,,33,33,22,36,10,9,0.5,0.5
2024-12-28T1300,1660A,119.523,35.4216,日照市,市政府广场,颗粒物(PM10),54,58,55,18,18,61,,40,40,14,26,8,7,0.6,0.6
2024-12-28T1300,1661A,119.5587,35.4044,日照市,港务局,颗粒物(PM10),58,66,60,15,21,60,,40,40,17,28,10,6,0.6,0.6
2024-12-28T1300,3507A,119.5328,35.4625,日照市,职业技术学院,颗粒物(PM10),51,51,58,14,21,63,,35,35,18,29,7,8,0.6,0.6
2024-12-28T1300,3604A,119.3266,35.1044,日照市,岚山环保分局,颗粒物(PM10),69,88,86,19,32,63,,35,35,21,43,10,17,0.6,1
2024-12-28T1300,1835A,111.1922,34.7752,三门峡市,市政府,颗粒物(PM10),57,63,48,27,21,49,,21,21,31,35,16,8,0.5,0.5
2024-12-28T1300,1836A,111.1587,34.7942,三门峡市,开发区,颗粒物(PM10),55,59,48,27,16,54,,20,20,16,23,6,3,0.5,0.5
2024-12-28T1300,1838A,111.143,34.7955,三门峡市,风景区,颗粒物(PM10),56,61,50,26,17,59,,22,22,18,27,9,8,0.7,0.7
2024-12-28T1300,3039A,111.1911,34.7829,三门峡市,三门峡市第一小学,颗粒物(PM10),58,66,46,23,12,51,,25,25,24,29,16,9,0.6,0.6
2024-12-28T1300,3598A,111.1,34.7167,三门峡市,富达温泉假日酒店,,,67,68,31,26,49,,19,19,30,35,11,9,,0.8
2024-12-28T1300,2324A,117.6211,26.2625,三明市,三钢,细颗粒物(PM2.5),85,64,63,63,73,107,,76,76,16,19,6,5,0.7,0.7
2024-12-28T1300,2325A,117.635,26.2714,三明市,三明二中,细颗粒物(PM2.5),75,78,60,55,58,104,,74,74,18,20,5,4,0.7,0.7
2024-12-28T1300,2326A,117.6028,26.2378,三明市,三元区政府,细颗粒物(PM2.5),83,75,66,61,62,103,,75,75,20,21,8,5,0.9,0.8
2024-12-28T1300,2327A,117.7275,26.3108,三明市,洋溪,,,,,,,,,,,,,,,,
2024-12-28T1300,1876A,109.5078,18.2489,三亚市,河东子站,,30,29,21,21,15,91,,104,100,7,8,3,3,0.7,0.6
2024-12-28T1300,1877A,109.4964,18.2681,三亚市,河西子站,,28,23,20,19,14,88,,99,95,11,12,2,2,0.7,0.6
2024-12-28T1300,3540A,109.7348,18.3443,三亚市,君悦子站,,45,45,31,23,17,88,,102,92,9,10,3,2,0.7,0.6
2024-12-28T1300,2624A,91.7608,29.2313,山南市,山南监测站,,30,30,26,13,17,63,,34,34,15,27,4,4,0.4,0.5
2024-12-28T1300,2625A,91.7706,29.2436,山南市,山南人民医院,,27,27,25,12,15,64,,39,39,17,21,3,3,0.4,0.5
2024-12-28T1300,1674A,116.6794,23.3667,汕头市,金平子站,细颗粒物(PM2.5),83,77,58,61,52,107,,77,77,22,26,7,7,1.0,0.9
2024-12-28T1300,1675A,116.7244,23.3633,汕头市,龙湖子站,细颗粒物(PM2.5),67,64,55,48,41,105,,76,76,18,18,6,4,0.8,0.7
2024-12-28T1300,1676A,116.7258,23.2775,汕头市,濠江子站,细颗粒物(PM2.5),97,,50,72,57,110,,77,77,19,19,8,5,0.9,0.8
2024-12-28T1300,1677A,116.7519,23.4714,汕头市,澄海子站,细颗粒物(PM2.5),82,75,56,60,60,101,,76,76,18,20,10,10,0.9,0.9
2024-12-28T1300,1678A,116.6092,23.2539,汕头市,潮阳子站,细颗粒物(PM2.5),67,74,58,48,38,106,,72,72,22,20,10,8,0.8,0.6
2024-12-28T1300,3444A,116.454,23.2684,汕头市,潮南峡山,细颗粒物(PM2.5),65,66,71,47,47,102,,75,75,16,22,10,9,0.8,0.8
2024-12-28T1300,3624A,116.4069,23.2533,汕头市,潮南子站,细颗粒物(PM2.5),92,88,80,68,59,104,,72,72,24,25,9,9,0.9,0.8
2024-12-28T1300,1693A,115.3653,22.775,汕尾市,市环保局,细颗粒物(PM2.5),70,56,51,51,52,96,,78,78,15,18,9,9,0.8,0.8
2024-12-28T1300,1694A,115.3706,22.7898,汕尾市,市政府,细颗粒物(PM2.5),68,65,53,49,47,97,,81,81,17,20,10,10,0.7,0.8
2024-12-28T1300,1695A,115.3622,22.7925,汕尾市,新城中学,颗粒物(PM10),61,71,57,43,47,92,,78,78,15,19,10,10,0.8,0.8
2024-12-28T1300,2645A,109.9154,33.8715,商洛市,监测站,,,,44,16,18,73,,41,41,,17,2,2,0.4,0.4
2024-12-28T1300,3045A,109.9643,33.8471,商洛市,商州区中学,颗粒物(PM10),51,52,49,15,21,74,,35,35,11,23,5,4,0.4,0.4
2024-12-28T1300,2408A,115.6702,34.4285,商丘市,环境监测站,颗粒物(PM10),52,54,92,23,61,59,,31,31,18,51,6,9,0.5,0.8
2024-12-28T1300,2409A,115.6458,34.4045,商丘市,粮食局,颗粒物(PM10),56,62,99,24,63,62,,25,25,13,44,4,6,0.7,1
2024-12-28T1300,2410A,115.6293,34.3948,商丘市,睢阳区环保局,颗粒物(PM10),51,52,104,31,73,61,,25,25,18,52,5,6,0.5,0.8
2024-12-28T1300,3171A,115.6071,34.4465,商丘市,梁园区档案局,颗粒物(PM10),55,60,97,20,74,66,,30,30,15,51,4,6,0.5,0.8
2024-12-28T1300,1141A,121.4,31.238,上海市,普陀,,45,45,69,24,37,56,,37,37,26,45,10,10,1.0,1
2024-12-28T1300,1142A,121.478,31.2036,上海市,十五厂,,36,36,66,17,39,58,,37,37,22,44,12,14,0.9,1
2024-12-28T1300,1143A,121.467,31.3008,上海市,虹口,,34,34,72,16,43,60,,36,36,18,49,7,10,0.8,1
2024-12-28T1300,1144A,121.412,31.1654,上海市,徐汇上师大,,42,35,65,29,43,58,,37,37,25,42,8,9,0.6,0.7
2024-12-28T1300,1145A,121.536,31.2659,上海市,杨浦四漂,,32,32,66,11,39,61,,37,37,19,45,8,12,0.7,1.1
2024-12-28T1300,1147A,121.425,31.2261,上海市,静安监测站,,41,41,66,18,37,57,,37,37,26,45,12,12,1.0,0.9
2024-12-28T1300,1148A,121.703,31.1907,上海市,浦东川沙,,48,48,69,17,34,59,,36,36,27,43,9,10,0.5,0.7
2024-12-28T1300,1149A,121.533,31.2284,上海市,浦东新区监测站,,31,31,66,13,40,63,,39,39,21,44,8,11,0.6,1
2024-12-28T1300,1150A,121.577,31.2071,上海市,浦东张江,,43,33,66,30,38,65,,42,42,22,44,7,9,0.2,0.6
2024-12-28T1300,3265A,121.4316,31.3322,上海市,宝山庙行,,30,30,68,13,40,67,,42,42,10,38,7,10,0.6,0.9
2024-12-28T1300,3266A,121.8791,31.4662,上海市,崇明上实东滩,,30,30,47,14,28,73,,52,52,11,17,8,9,0.5,0.6
2024-12-28T1300,3268A,121.3162,31.2838,上海市,嘉定南翔,,38,38,70,20,40,58,,34,34,23,47,10,10,0.7,0.8
2024-12-28T1300,3269A,121.3359,30.7456,上海市,金山新城,,36,36,65,23,44,60,,39,39,21,43,7,9,0.3,0.5
2024-12-28T1300,3270A,121.4996,31.0739,上海市,闵行浦江,,40,40,70,22,39,58,,38,38,26,47,8,9,0.8,0.8
2024-12-28T1300,3271A,121.2886,31.1663,上海市,青浦徐泾,,33,33,67,16,40,60,,37,37,21,48,9,11,0.2,0.5
2024-12-28T1300,3272A,121.2186,31.0378,上海市,松江图书馆,,40,40,70,20,43,60,,43,43,24,45,9,10,0.8,0.9
2024-12-28T1300,3273A,121.3902,31.2059,上海市,长宁仙霞,,37,37,68,19,39,60,,38,38,26,49,10,11,0.9,0.9
2024-12-28T1300,3274A,121.7965,31.0507,上海市,浦东惠南,,50,50,66,26,37,59,,38,38,28,42,11,11,0.6,0.7
2024-12-28T1300,3544A,121.4891,30.925,上海市,奉贤南桥新城,,44,44,70,16,41,57,,39,39,27,51,8,9,0.5,0.7
2024-12-28T1300,2381A,118.005,28.4572,上饶市,百草园,,,77,117,55,75,90,,57,57,21,35,,13,0.7,0.6
2024-12-28T1300,2382A,117.9756,28.4436,上饶市,市监测站,细颗粒物(PM2.5),59,46,124,42,77,94,,44,44,15,34,20,18,0.8,1
2024-12-28T1300,2383A,117.9519,28.4628,上饶市,凤凰光学,"颗粒物(PM10),细颗粒物(PM2.5)",57,64,118,40,74,94,,56,56,21,44,19,16,1.2,1.4
2024-12-28T1300,3413A,118.1953,28.4401,上饶市,广丰区教体局,颗粒物(PM10),60,70,142,42,104,89,,56,56,22,38,10,11,0.6,0.9
2024-12-28T1300,3685A,117.897,28.4315,上饶市,双创科技城,细颗粒物(PM2.5),64,75,109,46,78,92,,42,42,20,52,29,20,0.9,1.1
2024-12-28T1300,1669A,113.5824,24.7733,韶关市,市八中,细颗粒物(PM2.5),82,82,120,60,89,116,,72,72,16,20,12,11,0.6,0.7
2024-12-28T1300,1671A,113.5917,24.7972,韶关市,园林处,细颗粒物(PM2.5),87,,94,64,93,124,,81,81,16,18,12,11,0.6,0.8
2024-12-28T1300,1672A,113.6735,24.7791,韶关市,韶关学院,细颗粒物(PM2.5),87,84,80,64,63,115,,68,68,20,23,12,12,0.7,0.8
2024-12-28T1300,1673A,113.5971,24.6863,韶关市,曲江监测站,细颗粒物(PM2.5),84,76,111,62,88,109,,67,67,14,18,16,14,0.4,0.6
2024-12-28T1300,3622A,113.5556,24.8082,韶关市,碧湖山庄,细颗粒物(PM2.5),88,82,110,65,88,110,,65,65,16,19,15,13,0.8,0.9
2024-12-28T1300,2462A,111.5239,27.3033,邵阳市,市水土所,,,,,,,,,,,,,,,,
2024-12-28T1300,2463A,111.4733,27.2317,邵阳市,市一中,细颗粒物(PM2.5),103,78,101,77,103,109,,87,83,14,15,14,16,0.8,0.9
2024-12-28T1300,2464A,111.5283,27.2442,邵阳市,市化工厂,细颗粒物(PM2.5),109,112,137,82,103,102,,84,78,16,18,14,17,0.7,0.8
2024-12-28T1300,2465A,111.4503,27.2537,邵阳市,市罐头厂,细颗粒物(PM2.5),109,99,119,82,113,107,,79,73,14,18,12,13,0.6,0.8
2024-12-28T1300,2466A,111.4328,27.2272,邵阳市,市环保局,细颗粒物(PM2.5),107,86,98,80,108,112,,86,80,14,17,12,12,0.9,1
2024-12-28T1300,1247A,120.6053,29.9928,绍兴市,城东开发委,颗粒物(PM10),54,57,67,24,35,70,,60,60,26,34,8,9,0.7,0.8
2024-12-28T1300,2921A,120.5483,30.0003,绍兴市,树下王站,,48,48,64,23,38,66,,55,55,23,34,8,8,0.6,0.7
2024-12-28T1300,3408A,120.5683,29.9361,绍兴市,绍兴中专,,50,50,62,25,37,69,,56,56,17,33,9,9,0.7,0.8
2024-12-28T1300,3409A,120.4906,30.0861,绍兴市,柯桥区政府,,46,46,70,20,39,64,,55,55,22,32,10,10,0.4,0.5
2024-12-28T1300,3410A,120.8752,30.0249,绍兴市,重华小学,颗粒物(PM10),51,51,65,30,39,67,,52,52,23,34,11,11,0.3,0.5
2024-12-28T1300,3411A,120.8369,30.0137,绍兴市,上虞中学,,48,48,61,28,37,66,,48,48,17,33,8,9,0.6,0.7
2024-12-28T1300,3560A,120.4722,30.0415,绍兴市,柯桥妇保,颗粒物(PM10),52,54,71,19,33,63,,54,54,19,28,8,8,0.6,0.7
2024-12-28T1300,3658A,120.6153,30.0764,绍兴市,袍江中学,颗粒物(PM10),51,51,67,24,39,66,,52,52,23,36,8,8,0.6,0.7
2024-12-28T1300,1356A,114.1063,22.5545,深圳市,通心岭子站,细颗粒物(PM2.5),67,71,66,48,45,118,,90,90,19,26,8,8,0.7,0.8
2024-12-28T1300,1357A,114.117,22.5625,深圳市,洪湖,细颗粒物(PM2.5),68,77,78,49,46,113,,87,87,24,32,8,8,0.7,0.7
2024-12-28T1300,1358A,113.987,22.5417,深圳市,华侨城,细颗粒物(PM2.5),70,78,67,51,43,108,,80,80,26,28,8,8,0.7,0.7
2024-12-28T1300,1359A,113.9181,22.5171,深圳市,南海子站,颗粒物(PM10),75,99,84,53,47,125,,95,95,29,32,8,8,0.7,0.8
2024-12-28T1300,1360A,114.2458,22.5689,深圳市,盐田,颗粒物(PM10),65,80,77,46,46,108,,88,88,21,32,9,9,0.8,0.9
2024-12-28T1300,1361A,114.2283,22.7244,深圳市,龙岗,细颗粒物(PM2.5),70,73,65,51,46,121,,96,96,22,24,10,10,0.7,0.7
2024-12-28T1300,1363A,114.494,22.5422,深圳市,南澳,细颗粒物(PM2.5),69,66,61,50,44,121,,95,95,20,18,11,10,0.7,0.7
2024-12-28T1300,1364A,114.41,22.6342,深圳市,葵涌,细颗粒物(PM2.5),69,69,64,50,45,118,,96,96,18,20,8,8,0.8,0.8
2024-12-28T1300,1365A,114.297,22.5978,深圳市,梅沙,细颗粒物(PM2.5),68,76,69,49,44,121,,98,98,18,21,10,10,0.7,0.7
2024-12-28T1300,1366A,114.0678,22.738,深圳市,观澜,细颗粒物(PM2.5),73,89,75,53,43,109,,84,84,27,28,8,7,0.7,0.7
2024-12-28T1300,3305A,114.0731,22.559,深圳市,莲花,细颗粒物(PM2.5),69,72,69,50,51,115,,87,87,20,29,9,8,0.7,0.7
2024-12-28T1300,3306A,114.0261,22.6198,深圳市,民治,细颗粒物(PM2.5),72,85,69,52,46,107,,84,84,25,27,8,7,0.7,0.8
2024-12-28T1300,3307A,114.1871,22.6451,深圳市,横岗,细颗粒物(PM2.5),72,73,68,52,46,115,,90,90,24,29,8,9,0.4,0.5
2024-12-28T1300,3447A,114.3551,22.7151,深圳市,坪山,细颗粒物(PM2.5),72,85,79,52,49,116,,91,91,25,30,8,8,0.6,0.7
2024-12-28T1300,3623A,113.8953,22.5861,深圳市,西乡,细颗粒物(PM2.5),73,82,69,53,37,122,,95,95,27,27,9,9,0.6,0.6
2024-12-28T1300,1098A,123.6836,41.9339,沈阳市,森林路,,,,,,,,,,,,,,,,
2024-12-28T1300,1099A,123.505,41.7406,沈阳市,浑南东路,颗粒物(PM10),51,51,47,29,23,53,,26,26,27,37,18,14,1.1,0.9
2024-12-28T1300,1100A,123.4231,41.6989,沈阳市,新秀街,,36,36,62,21,27,54,,26,26,17,36,13,14,0.5,0.7
2024-12-28T1300,1102A,123.5903,41.8411,沈阳市,东陵路,颗粒物(PM10),51,51,48,29,22,38,,18,18,36,34,21,12,0.7,0.6
2024-12-28T1300,1103A,123.4264,41.8467,沈阳市,陵东街,,35,35,39,17,17,55,,28,28,19,34,14,14,0.6,0.6
2024-12-28T1300,1104A,123.4114,41.7653,沈阳市,文化路,,41,41,62,20,29,53,,27,27,22,36,15,16,0.6,0.7
2024-12-28T1300,1105A,123.4678,41.7867,沈阳市,小河沿,,48,48,42,26,27,45,,29,29,31,34,20,17,0.8,0.7
2024-12-28T1300,1106A,123.4017,41.7972,沈阳市,太原街,,42,42,58,29,27,48,,24,24,32,41,25,21,0.9,1
2024-12-28T1300,1108A,123.3783,41.9228,沈阳市,京沈街,,36,36,54,19,26,58,,26,26,14,36,15,19,0.6,0.7
2024-12-28T1300,2897A,123.2444,41.7347,沈阳市,沈辽西路,,31,31,73,17,28,62,,27,27,18,42,12,12,0.6,0.8
2024-12-28T1300,2900A,123.5953,41.9086,沈阳市,裕农路,,36,36,50,20,18,49,,23,23,27,41,14,13,0.6,0.6
2024-12-28T1300,2428A,111.0419,32.395,十堰市,武当山,,32,21,33,6,16,101,,96,94,6,11,8,9,0.4,0.4
2024-12-28T1300,2429A,110.78,32.6494,十堰市,滨河新村,细颗粒物(PM2.5),73,,51,53,29,57,,39,39,28,27,7,7,0.6,0.6
2024-12-28T1300,2430A,110.7258,32.6389,十堰市,刘家沟,颗粒物(PM10),68,86,57,42,28,69,,45,45,12,15,10,9,0.5,0.6
2024-12-28T1300,2431A,110.8839,32.5714,十堰市,铁二处,细颗粒物(PM2.5),97,,47,72,89,65,,33,33,26,29,11,11,0.6,0.7
2024-12-28T1300,3545A,110.8054,32.8401,十堰市,郧阳区金沙路,,21,12,26,12,27,65,,55,55,5,7,4,7,0.5,0.5
2024-12-28T1300,2709A,86.0497,44.2967,石河子市,艾青诗歌馆,细颗粒物(PM2.5),210,,151,160,117,37,,17,17,46,61,8,8,1.8,1.5
2024-12-28T1300,3442A,86.047,44.2331,石河子市,南区管委会,细颗粒物(PM2.5),77,65,79,56,65,47,,44,34,24,31,4,4,1.2,1.2
2024-12-28T1300,4051A,86.0791,44.3017,石河子市,世纪广场,细颗粒物(PM2.5),212,171,166,162,125,29,,13,13,44,57,9,8,2.0,1.7
2024-12-28T1300,1029A,114.4422,38.0444,石家庄市,职工医院,,21,21,40,8,18,63,,50,50,5,7,8,5,0.0,0
2024-12-28T1300,1030A,114.6063,38.0266,石家庄市,高新区,,37,37,45,7,18,62,,49,49,13,17,6,4,0.5,0.4
2024-12-28T1300,1031A,114.4898,38.1328,石家庄市,西北水源,,32,32,47,3,2,59,,39,39,7,17,8,5,0.4,0.4
2024-12-28T1300,1032A,114.4586,38.0058,石家庄市,西南高教,,33,33,44,9,8,71,,56,56,4,6,8,5,0.3,0.1
2024-12-28T1300,1033A,114.5331,38.0178,石家庄市,世纪公园,,33,33,37,15,17,61,,49,49,10,10,6,4,0.4,0.4
2024-12-28T1300,1034A,114.509,38.0457,石家庄市,人民会堂,,45,45,50,3,7,61,,49,49,12,12,3,2,0.5,0.4
2024-12-28T1300,1035A,114.3524,37.8911,石家庄市,封龙山,,29,29,52,10,18,78,,68,68,5,5,9,7,0.3,0.2
2024-12-28T1300,2862A,114.5481,38.0378,石家庄市,22中南校区,,50,50,50,11,17,61,,49,49,14,14,8,6,0.5,0.4
2024-12-28T1300,3456A,114.289,38.0906,石家庄市,鹿泉一中,颗粒物(PM10),52,53,51,11,14,65,,54,54,13,12,10,6,0.4,0.4
2024-12-28T1300,3573A,114.8506765,38.0322033,石家庄市,藁城区实验学校,,36,36,51,3,8,62,,39,39,12,26,4,3,0.4,0.5
2024-12-28T1300,3574A,114.0504658,38.0591645,石家庄市,井陉矿区区委大楼,,41,41,53,3,4,68,,54,54,15,16,8,6,0.3,0.3
2024-12-28T1300,4024A,114.6549,37.9020,石家庄市,栾城区星河路,,33,33,42,3,10,71,,48,48,4,14,6,5,0.2,0.1
2024-12-28T1300,1947A,106.3394,38.817,石嘴山市,沙湖旅游区,,,,,,,,,,,,,,,,
2024-12-28T1300,1948A,106.3668,39.0145,石嘴山市,大武口朝阳西街,细颗粒物(PM2.5),74,82,58,54,30,40,,21,21,23,31,22,20,1.2,1.1
2024-12-28T1300,1949A,106.7704,39.2282,石嘴山市,惠农南大街,细颗粒物(PM2.5),204,,52,154,30,39,,21,21,29,38,30,19,2.2,1
2024-12-28T1300,1950A,106.7099,39.1325,石嘴山市,红果子镇惠新街,细颗粒物(PM2.5),296,,69,246,48,35,,17,17,30,39,21,26,2.2,1.6
2024-12-28T1300,3520A,106.3495,38.9836,石嘴山市,妇女儿童医院,细颗粒物(PM2.5),82,87,57,60,34,38,,18,18,30,36,16,14,1.1,0.9
2024-12-28T1300,3521A,106.7492,39.2069,石嘴山市,石大公路,细颗粒物(PM2.5),186,,71,140,41,42,,25,25,28,39,18,14,2.2,1.5
2024-12-28T1300,2248A,131.1511,46.6937,双鸭山市,双合村,,32,,21,22,16,72,,56,52,6,12,6,8,0.7,0.7
2024-12-28T1300,2249A,131.1652,46.6191,双鸭山市,南小市,,21,14,29,8,29,66,,46,43,6,18,9,10,0.6,0.7
2024-12-28T1300,2250A,131.1524,46.6554,双鸭山市,环保局,,29,20,35,20,34,65,,51,50,12,22,8,10,0.5,0.5
2024-12-28T1300,2251A,131.12,46.5656,双鸭山市,苗圃,,42,30,31,29,32,76,,74,73,11,13,5,4,0.4,0.3
2024-12-28T1300,2166A,112.4397,39.3522,朔州市,平朔,,38,38,65,3,10,80,,34,34,6,18,4,8,0.7,0.6
2024-12-28T1300,2167A,112.4575,39.3617,朔州市,朔唯,,40,40,68,3,12,67,,29,29,14,23,9,13,0.5,0.5
2024-12-28T1300,2168A,112.4258,39.3197,朔州市,区政府,,25,22,45,15,9,79,,49,48,6,15,9,10,0.4,0.5
2024-12-28T1300,2169A,112.4072,39.3278,朔州市,市环保局,,26,26,53,3,9,72,,40,39,6,14,9,13,0.6,0.7
2024-12-28T1300,2170A,112.4272,39.3681,朔州市,市二中,,,42,68,7,11,,,23,14,11,20,10,13,0.4,0.4
2024-12-28T1300,3571A,112.2931,39.53,朔州市,一水厂,,41,41,48,10,11,70,,52,52,10,14,7,6,0.5,0.4
2024-12-28T1300,2225A,124.4002,43.1713,四平市,一商场,,45,45,53,31,28,60,,37,37,12,32,6,7,0.4,0.5
2024-12-28T1300,2226A,124.388,43.193,四平市,境园,,41,41,46,21,27,60,,37,37,9,27,2,3,0.3,0.4
2024-12-28T1300,3486A,124.4036,43.1411,四平市,植物园,颗粒物(PM10),56,62,52,29,28,60,,30,30,9,40,5,7,0.4,0.5
2024-12-28T1300,3713A,124.3419,43.1666,四平市,世纪城,,30,30,46,19,31,60,,41,41,6,23,6,6,0.1,0.4
2024-12-28T1300,2233A,124.8006,45.1214,松原市,江南,,45,39,45,31,31,60,,33,33,14,27,6,7,0.5,0.7
2024-12-28T1300,2234A,124.7965,45.1722,松原市,江北,细颗粒物(PM2.5),54,42,42,38,29,63,,36,36,8,21,4,3,0.5,0.6
2024-12-28T1300,1160A,120.561,31.2472,苏州市,上方山,,39,38,71,27,41,64,,42,42,20,36,8,8,0.7,0.8
2024-12-28T1300,1162A,120.591,31.3019,苏州市,彩香,,37,37,81,17,43,58,,36,36,16,41,9,10,1.0,1.2
2024-12-28T1300,1163A,120.596,31.3264,苏州市,轧钢厂,,41,41,88,15,41,61,,37,37,23,51,8,9,0.5,0.8
2024-12-28T1300,1164A,120.613,31.2703,苏州市,吴中区,,35,35,77,15,40,61,,39,39,22,48,8,11,0.7,0.9
2024-12-28T1300,1165A,120.543,31.2994,苏州市,苏州新区,,38,38,74,16,44,62,,40,40,22,48,8,10,0.6,0.8
2024-12-28T1300,1166A,120.669,31.3097,苏州市,苏州工业园区,,36,36,76,16,43,58,,34,34,24,58,7,10,0.8,1
2024-12-28T1300,1167A,120.641,31.3708,苏州市,相城区,,43,43,78,16,40,57,,37,37,27,54,7,10,0.5,0.8
2024-12-28T1300,3289A,120.743,31.3188,苏州市,方洲路,,38,38,68,18,38,58,,38,38,27,51,7,9,0.5,0.7
2024-12-28T1300,3290A,120.5031,31.2774,苏州市,木渎中学,,36,36,72,17,42,68,,40,40,21,38,8,10,0.5,0.8
2024-12-28T1300,3425A,120.624,31.1733,苏州市,越秀幼儿园,颗粒物(PM10),51,51,76,14,40,64,,42,42,15,38,6,9,0.6,0.8
2024-12-28T1300,3431A,120.6505,31.416,苏州市,高铁新城,,45,45,79,18,44,58,,34,34,24,51,8,10,0.6,0.8
2024-12-28T1300,1220A,118.293,33.9528,宿迁市,宿迁学院,颗粒物(PM10),56,61,83,24,45,66,,36,36,11,26,4,6,0.7,0.8
2024-12-28T1300,1221A,118.2442,33.9592,宿迁市,宿迁中学,颗粒物(PM10),53,55,82,23,47,62,,33,33,13,32,4,6,0.2,0.4
2024-12-28T1300,2996A,118.283,33.965,宿迁市,市供电局,,36,36,80,21,42,70,,41,41,12,28,4,6,0.5,0.7
2024-12-28T1300,3191A,118.3225,33.9447,宿迁市,宿豫区政府,颗粒物(PM10),55,59,74,22,42,64,,34,34,14,28,3,5,0.5,0.7
2024-12-28T1300,3187A,116.9509,33.666,宿州市,远航博物馆,,,101,118,45,66,62,,32,32,18,45,,8,0.6,0.8
2024-12-28T1300,3463A,116.9708,33.591,宿州市,社会福利中心,颗粒物(PM10),67,83,120,40,64,55,,22,22,20,49,8,9,0.4,0.6
2024-12-28T1300,3634A,116.9884,33.6305,宿州市,宿州学院,颗粒物(PM10),65,80,120,44,67,60,,36,36,16,35,7,10,0.6,0.8
2024-12-28T1300,3701A,116.9648,33.6252,宿州市,皖北煤电集团,颗粒物(PM10),68,85,113,41,66,60,,32,32,19,41,6,8,0.4,0.6
2024-12-28T1300,2266A,126.9785,46.6365,绥化市,人和东街,,,44,63,34,48,57,,38,38,19,31,,6,0.7,0.8
2024-12-28T1300,2267A,126.964,46.6528,绥化市,党政办公中心,,49,41,56,34,46,54,,33,33,17,28,5,6,0.5,0.6
2024-12-28T1300,2451A,113.3583,31.7275,随州市,市委党校,,34,34,99,22,77,81,,38,38,13,36,5,9,0.8,1.2
2024-12-28T1300,2452A,113.3833,31.6908,随州市,市林业局,,34,34,88,23,70,78,,43,43,16,27,8,12,0.6,0.8
2024-12-28T1300,2453A,113.3983,31.7308,随州市,市立交桥水厂,,39,39,82,26,61,74,,30,30,17,37,8,10,0.7,0.9
2024-12-28T1300,2527A,105.5453,30.5678,遂宁市,石溪浩,,,,100,44,63,43,,13,13,26,33,3,3,0.6,0.7
2024-12-28T1300,2528A,105.5582,30.5232,遂宁市,市监测站,细颗粒物(PM2.5),62,72,77,44,65,56,,19,19,22,37,6,6,0.4,0.5
2024-12-28T1300,2529A,105.5861,30.5366,遂宁市,行政中心,颗粒物(PM10),60,70,83,36,58,36,,12,12,35,38,8,8,0.3,0.5
2024-12-28T1300,2530A,105.5918,30.4728,遂宁市,美宁食品公司,颗粒物(PM10),71,91,98,46,61,63,,20,20,30,41,16,8,0.5,0.6
2024-12-28T1300,2706A,82.9994,46.7432,塔城地区,东门外小游园,,26,26,76,12,13,38,,30,30,20,21,3,2,0.1,0.3
2024-12-28T1300,1255A,121.273,28.6459,台州市,黄岩环保大楼,,42,42,70,19,42,76,,62,62,14,26,6,5,0.3,0.5
2024-12-28T1300,1256A,121.419,28.6542,台州市,台州环保大楼,,39,39,60,19,36,75,,63,63,11,19,5,6,0.3,0.4
2024-12-28T1300,1257A,121.377,28.5773,台州市,路桥田洋王,,48,48,71,24,46,74,,65,65,19,27,4,5,0.5,0.6
2024-12-28T1300,3564A,121.2568,28.6681,台州市,台州科技职业学院,,41,41,67,15,32,78,,65,65,11,22,6,6,0.0,0.3
2024-12-28T1300,1081A,112.522,37.8873,太原市,尖草坪,颗粒物(PM10),56,62,55,27,16,56,,45,36,25,24,26,18,0.8,0.6
2024-12-28T1300,1083A,112.434,38.0108,太原市,上兰,颗粒物(PM10),63,76,36,33,12,53,,60,60,21,9,24,6,0.9,0.4
2024-12-28T1300,1084A,112.469,37.7124,太原市,晋源,颗粒物(PM10),66,82,68,30,32,61,,21,21,22,39,41,30,0.6,0.7
2024-12-28T1300,1085A,112.5583,37.7394,太原市,小店,颗粒物(PM10),58,65,64,34,27,59,,30,30,23,35,22,42,0.7,0.7
2024-12-28T1300,1086A,112.5369,37.8692,太原市,桃园,颗粒物(PM10),57,63,61,23,20,58,,26,26,26,30,21,23,0.8,0.7
2024-12-28T1300,1087A,112.57,37.8195,太原市,坞城,颗粒物(PM10),53,56,64,26,25,56,,24,24,25,34,24,33,0.8,0.8
2024-12-28T1300,1088A,112.549,37.9854,太原市,南寨,颗粒物(PM10),66,82,47,23,14,55,,42,42,30,26,25,10,1.2,0.4
2024-12-28T1300,3618A,112.4719,37.7831,太原市,金胜,颗粒物(PM10),58,65,68,29,21,59,,30,30,24,29,38,25,0.8,0.6
2024-12-28T1300,4010A,112.5608,37.8807,太原市,育英中学,颗粒物(PM10),51,52,52,24,17,58,,32,28,24,26,21,26,0.8,0.7
2024-12-28T1300,1656A,117.1437,36.1937,泰安市,监测站,颗粒物(PM10),62,73,68,24,22,56,,30,30,25,34,11,9,0.9,0.8
2024-12-28T1300,1657A,117.0885,36.2017,泰安市,人口学校,颗粒物(PM10),62,73,80,20,22,60,,41,41,17,30,10,8,0.6,0.4
2024-12-28T1300,1658A,117.1089,36.1758,泰安市,电力学校,颗粒物(PM10),67,83,75,30,25,52,,28,28,29,38,10,8,0.9,0.8
2024-12-28T1300,3502A,117.1812,36.2275,泰安市,国网新校,颗粒物(PM10),80,110,70,27,22,62,,31,31,24,28,9,7,0.6,0.5
2024-12-28T1300,3503A,117.0313,36.2018,泰安市,交通技校,颗粒物(PM10),55,59,66,24,27,59,,40,40,22,34,7,7,0.6,0.5
2024-12-28T1300,3504A,117.0829,36.13,泰安市,山东第一医科大学,颗粒物(PM10),74,97,77,41,28,64,,35,35,19,34,11,9,0.7,0.6
2024-12-28T1300,1206A,119.905,32.4878,泰州市,公园路,,31,31,70,12,39,70,,37,37,16,37,7,10,0.1,0.6
2024-12-28T1300,1207A,119.9189,32.4625,泰州市,莲花,,37,37,74,19,40,69,,40,40,12,34,4,8,0.7,1
2024-12-28T1300,1209A,119.888,32.4639,泰州市,留学生创业园,,26,26,72,3,43,73,,39,39,17,45,8,12,0.4,0.7
2024-12-28T1300,2997A,119.8767,32.3289,泰州市,王营,,34,34,71,9,43,68,,33,33,16,49,4,8,0.4,0.7
2024-12-28T1300,3295A,120.1259,32.5099,泰州市,姜堰区政府广场,,36,36,67,12,38,65,,38,38,17,39,3,4,0.6,0.8
2024-12-28T1300,3435A,119.9192,32.4322,泰州市,周山河街区,,26,26,65,12,38,68,,41,41,20,35,6,10,0.6,0.9
2024-12-28T1300,1037A,118.131,39.6363,唐山市,雷达站,颗粒物(PM10),55,59,34,3,12,68,,35,35,12,30,4,4,0.3,0.3
2024-12-28T1300,1038A,118.1725,39.6334,唐山市,物资局,,37,37,28,3,7,65,,45,45,7,15,5,5,0.3,0.3
2024-12-28T1300,1040A,118.1705,39.6506,唐山市,十二中,,31,31,21,9,13,69,,46,45,8,19,2,2,0.3,0.3
2024-12-28T1300,1041A,118.1869,39.622,唐山市,小山,,49,49,26,7,7,67,,47,47,11,17,5,6,0.3,0.3
2024-12-28T1300,3457A,118.4359,39.2762,唐山市,冀东油田职工医院,,39,39,25,3,11,64,,39,39,6,19,6,5,0.2,0.3
2024-12-28T1300,3575A,118.09279,39.58089,唐山市,正泰大街热力站,,35,35,26,9,12,67,,36,36,5,21,3,3,0.2,0.3
2024-12-28T1300,3576A,118.1562,39.8322,唐山市,丰润区政府,,28,28,35,12,17,62,,28,26,15,31,8,6,0.5,0.6
2024-12-28T1300,3577A,118.43673,39.73809,唐山市,金山小学,颗粒物(PM10),51,52,51,3,14,52,,29,29,28,34,8,8,0.4,0.6
2024-12-28T1300,3578A,118.24498,39.66941,唐山市,政府服务中心,,37,37,25,3,8,71,,46,43,12,17,4,5,0.3,0.3
2024-12-28T1300,3692A,118.2059,39.6585,唐山市,消防缸窑路中队,颗粒物(PM10),63,76,38,10,11,62,,43,40,14,22,6,6,0.3,0.3
2024-12-28T1300,3693A,118.1436,39.6202,唐山市,路南电大,,38,38,36,3,11,68,,44,44,2,16,5,4,0.3,0.3
2024-12-28T1300,1015A,117.1444,39.1661,天津市,勤俭道,颗粒物(PM10),52,54,71,25,34,49,,18,18,30,46,6,7,0.5,0.7
2024-12-28T1300,1017A,117.237,39.1082,天津市,大直沽八号路,颗粒物(PM10),52,53,55,22,23,42,,17,17,33,39,3,3,0.4,0.4
2024-12-28T1300,1018A,117.202,39.0927,天津市,前进道,,49,49,59,23,27,45,,17,17,35,46,6,5,0.5,0.5
2024-12-28T1300,1019A,117.1837,39.2133,天津市,淮河道,颗粒物(PM10),57,63,72,31,31,53,,21,21,33,46,4,4,0.4,0.4
2024-12-28T1300,1021A,117.307,39.0877,天津市,跃进路,颗粒物(PM10),54,58,69,25,28,52,,22,22,31,40,5,5,0.6,0.6
2024-12-28T1300,1023A,117.707,39.0343,天津市,第四大街,,43,43,50,17,17,50,,24,24,30,40,5,6,0.5,0.6
2024-12-28T1300,1024A,117.457,38.8394,天津市,永明路,,50,50,61,22,28,52,,21,21,28,41,6,6,0.4,0.5
2024-12-28T1300,1026A,117.764,39.1587,天津市,汉北路,,38,38,39,12,11,58,,30,30,17,32,4,4,0.3,0.3
2024-12-28T1300,1027A,117.157,38.9194,天津市,团泊洼,,,,,,,,,,,,,,,,
2024-12-28T1300,2858A,117.7918,39.2474,天津市,河西一经路,,40,40,46,10,15,63,,32,32,11,33,5,4,0.4,0.5
2024-12-28T1300,2859A,117.3747,38.9846,天津市,津沽路,,33,33,70,14,31,60,,20,20,21,46,3,3,0.4,0.5
2024-12-28T1300,2860A,117.1589,39.0845,天津市,宾水西道,,31,31,50,18,28,48,,15,15,30,46,5,5,0.4,0.5
2024-12-28T1300,2922A,117.1941,39.1067,天津市,大理道,,46,46,56,23,28,48,,18,18,34,45,7,7,0.4,0.5
2024-12-28T1300,3020A,117.2101,39.1699,天津市,中山北路,,,60,61,26,24,55,,22,22,35,49,3,3,,0.6
2024-12-28T1300,3051A,117.3876,39.1488,天津市,西四道,,47,47,45,17,16,56,,26,26,27,44,6,6,0.5,0.5
2024-12-28T1300,3325A,117.0365,39.3828,天津市,雍阳西道,,31,31,47,15,23,63,,28,28,20,36,4,4,0.4,0.5
2024-12-28T1300,3326A,117.0296,39.0605,天津市,辛老路,,,63,82,25,33,,,18,18,29,43,4,5,0.7,0.8
2024-12-28T1300,3327A,116.9638,38.9375,天津市,地纬路,,38,38,72,15,34,54,,20,20,19,47,3,6,0.4,0.6
2024-12-28T1300,3460A,117.4067,40.0583,天津市,北环路,,20,15,14,3,6,63,,48,48,8,12,4,4,0.2,0.3
2024-12-28T1300,3461A,117.3045,39.7169,天津市,建设路,,43,43,29,10,9,58,,26,26,12,27,5,5,0.3,0.4
2024-12-28T1300,3462A,117.8199,39.3521,天津市,滨水东路,,47,47,47,15,15,67,,39,39,13,36,4,4,0.4,0.4
2024-12-28T1300,2649A,106.0055,34.343,天水市,麦积山,,,,,,,,,,,,,,,,
2024-12-28T1300,2650A,105.7205,34.5786,天水市,公园小学,,37,37,63,23,29,63,,32,32,12,21,13,12,0.6,0.8
2024-12-28T1300,2651A,105.8945,34.5538,天水市,麦积国土局,,41,41,61,22,31,64,,31,31,23,29,10,10,0.6,0.7
2024-12-28T1300,2216A,123.8139,42.3022,铁岭市,汇工街西,,34,34,56,12,29,58,,29,29,8,33,10,21,0.5,0.8
2024-12-28T1300,2217A,123.8649,42.2923,铁岭市,水上乐园,,38,38,54,14,30,57,,33,33,10,33,8,11,0.4,0.6
2024-12-28T1300,2218A,123.8486,42.2867,铁岭市,银州路东段,,,39,58,16,28,56,,30,30,,37,7,7,0.3,0.4
2024-12-28T1300,2219A,123.7153,42.2217,铁岭市,金沙江路北,,31,31,53,15,25,56,,26,26,12,36,8,7,0.4,0.6
2024-12-28T1300,2229A,125.9358,41.7173,通化市,光明,颗粒物(PM10),57,63,60,21,31,59,,19,19,10,36,11,14,0.1,0.7
2024-12-28T1300,2230A,125.9446,41.7325,通化市,铁路,颗粒物(PM10),65,80,61,41,36,58,,17,17,10,39,7,14,0.2,0.7
2024-12-28T1300,2191A,122.2532,43.6801,通辽市,艺术职业学校,,28,28,35,3,9,66,,49,49,5,12,10,10,0.3,0.4
2024-12-28T1300,3706A,122.2584,43.6333,通辽市,老干部活动中心,,30,30,35,8,18,65,,47,47,1,7,7,9,0.2,0.3
2024-12-28T1300,3708A,122.2922,43.6189,通辽市,东方明珠社区,,39,39,39,16,24,68,,48,48,7,13,8,10,0.4,0.5
2024-12-28T1300,1922A,109.0656,35.0994,铜川市,党校,,,,,,,,,,,,,,,,
2024-12-28T1300,1923A,109.0697,35.0697,铜川市,王益区政府,,38,38,38,18,19,71,,36,36,15,29,9,5,0.4,0.4
2024-12-28T1300,1924A,108.9344,34.9058,铜川市,新区管委会,,34,34,36,19,19,75,,55,55,10,17,10,8,0.3,0.3
2024-12-28T1300,3651A,108.9543,34.8732,铜川市,旺旺集团,,35,35,36,19,20,79,,57,57,6,13,7,9,0.5,0.4
2024-12-28T1300,2285A,117.8177,30.9412,铜陵市,市第四中学,颗粒物(PM10),79,107,140,38,80,75,,44,44,33,56,3,2,0.5,0.7
2024-12-28T1300,2286A,117.8059,30.9273,铜陵市,市公路局,颗粒物(PM10),63,75,104,27,77,73,,39,39,18,35,6,4,0.6,0.8
2024-12-28T1300,2287A,117.7807,30.9413,铜陵市,市新民污水厂,颗粒物(PM10),61,71,112,36,65,72,,38,38,24,42,13,13,0.5,0.7
2024-12-28T1300,2288A,117.7439,30.8792,铜陵市,市第九中学,颗粒物(PM10),68,86,123,43,74,68,,34,34,27,48,5,6,0.6,0.8
2024-12-28T1300,2289A,117.846,30.9413,铜陵市,车站新区,颗粒物(PM10),54,58,104,36,68,75,,34,34,18,43,9,9,0.5,0.7
2024-12-28T1300,2290A,117.8483,30.97,铜陵市,市职教基地,颗粒物(PM10),66,81,113,32,64,67,,32,32,26,46,5,5,0.8,0.8
2024-12-28T1300,2585A,109.1839,27.7344,铜仁市,铜仁卫校,细颗粒物(PM2.5),80,93,97,59,71,109,,50,49,20,28,7,3,0.8,0.8
2024-12-28T1300,2586A,109.1753,27.6944,铜仁市,铜仁七中,细颗粒物(PM2.5),80,67,88,59,84,108,,53,53,19,33,6,3,0.8,0.9
2024-12-28T1300,2686A,89.1904,42.9418,吐鲁番市,市环保局,细颗粒物(PM2.5),143,172,145,109,94,32,,18,18,48,48,8,6,2.4,2.1
2024-12-28T1300,2687A,89.1673,42.9559,吐鲁番市,地区环保局,细颗粒物(PM2.5),108,154,143,81,97,2,,2,2,26,50,5,5,1.1,2
2024-12-28T1300,1662A,122.1214,37.4236,威海市,华夏技校,,24,17,22,3,6,74,,69,69,6,6,4,4,0.3,0.4
2024-12-28T1300,1663A,122.0508,37.5236,威海市,山大分校,,,,21,,6,,,75,,,7,,5,,0.4
2024-12-28T1300,1664A,122.1067,37.5072,威海市,市监测站,,20,17,20,3,6,64,,64,62,9,8,4,3,0.5,0.5
2024-12-28T1300,1982A,122.0693,37.2174,威海市,文登开发区,,23,23,35,7,14,68,,53,53,5,10,3,5,0.2,0.4
2024-12-28T1300,3505A,122.1379,37.3414,威海市,临港区管委会,,22,17,22,3,8,70,,63,63,4,12,4,5,0.2,0.3
2024-12-28T1300,1650A,119.1437,36.7023,潍坊市,环保局,颗粒物(PM10),58,66,70,15,20,59,,37,37,22,32,13,14,0.6,0.7
2024-12-28T1300,2877A,119.1641,36.6523,潍坊市,坊子邮政,颗粒物(PM10),64,78,75,17,19,63,,40,40,22,35,13,14,0.6,0.7
2024-12-28T1300,3178A,119.0587,36.721,潍坊市,潍坊七中,颗粒物(PM10),59,68,80,10,22,58,,33,33,19,36,13,15,0.4,0.5
2024-12-28T1300,3368A,119.1977,36.6872,潍坊市,高新实验学校,颗粒物(PM10),67,83,79,10,17,62,,40,40,18,29,12,13,0.5,0.5
2024-12-28T1300,3416A,119.1755,36.7149,潍坊市,潍坊学院,颗粒物(PM10),69,88,76,15,16,68,,44,44,13,26,11,13,0.6,0.7
2024-12-28T1300,3861A,119.2041,36.7699,潍坊市,寒亭区实验一小,颗粒物(PM10),62,73,76,17,22,60,,32,32,20,36,14,16,0.7,0.8
2024-12-28T1300,1938A,109.5293,34.5101,渭南市,农科所,,,,,,,,,,,,,,,,
2024-12-28T1300,1939A,109.4974,34.4877,渭南市,日报社,细颗粒物(PM2.5),64,56,52,46,23,57,,25,25,27,44,4,3,0.6,0.6
2024-12-28T1300,1940A,109.4636,34.493,渭南市,体育馆,颗粒物(PM10),59,68,55,27,17,46,,25,22,34,39,6,5,0.6,0.5
2024-12-28T1300,1941A,109.4259,34.5023,渭南市,高新一小,颗粒物(PM10),62,74,56,29,22,52,,23,21,28,37,8,5,0.6,0.5
2024-12-28T1300,1242A,120.634,28.0089,温州市,瓯海,"颗粒物(PM10),细颗粒物(PM2.5)",58,66,100,41,74,88,,66,66,23,35,10,9,0.7,0.9
2024-12-28T1300,1243A,120.6748,27.9939,温州市,南浦,"颗粒物(PM10),细颗粒物(PM2.5)",59,68,101,42,75,96,,75,75,22,36,9,8,0.6,0.7
2024-12-28T1300,1244A,120.76,27.9747,温州市,龙湾,细颗粒物(PM2.5),62,70,102,44,70,90,,71,71,27,40,9,8,0.6,0.7
2024-12-28T1300,1245A,120.6709,28.0167,温州市,市站,细颗粒物(PM2.5),63,74,104,45,73,89,,70,70,21,32,11,9,0.6,0.7
2024-12-28T1300,3561A,120.6985,27.9251,温州市,茶山,细颗粒物(PM2.5),65,67,99,47,74,94,,60,,25,37,8,7,0.6,0.7
2024-12-28T1300,2610A,104.2533,23.3594,文山壮族苗族自治州,州水务局,,47,47,47,28,32,55,,49,49,12,11,3,6,0.7,0.8
2024-12-28T1300,2611A,104.2319,23.3892,文山壮族苗族自治州,市便民服务中心,细颗粒物(PM2.5),58,51,36,41,32,59,,53,53,13,14,11,13,0.7,0.8
2024-12-28T1300,2187A,106.8174,39.6973,乌海市,市林业局,细颗粒物(PM2.5),94,117,49,70,24,32,,54,29,45,20,42,15,1.9,0.8
2024-12-28T1300,2188A,106.7907,39.6667,乌海市,中海勃湾学校,颗粒物(PM10),68,86,59,48,32,35,,20,18,38,31,37,17,1.8,1.1
2024-12-28T1300,3284A,106.813,39.7274,乌海市,海北新区,颗粒物(PM10),78,106,48,45,16,49,,25,22,34,34,35,20,1.5,0.8
2024-12-28T1300,3621A,106.8288,39.6778,乌海市,聚英学校,颗粒物(PM10),80,109,44,56,15,38,,51,29,42,21,35,17,1.7,0.7
2024-12-28T1300,2197A,113.1306,40.9923,乌兰察布市,集宁新区,颗粒物(PM10),54,57,37,28,16,67,,57,54,8,6,8,6,0.3,0.3
2024-12-28T1300,3034A,113.1076,41.0385,乌兰察布市,光明街小学,颗粒物(PM10),65,80,46,17,20,71,,64,61,10,12,13,10,0.4,0.4
2024-12-28T1300,3285A,113.1376,40.9509,乌兰察布市,北京八中,,41,41,53,13,11,66,,51,50,10,11,16,14,0.4,0.3
2024-12-28T1300,3421A,113.1775,40.9779,乌兰察布市,市委党校,,,44,47,16,17,69,,55,55,8,9,,8,0.4,0.3
2024-12-28T1300,1490A,87.5801,43.8303,乌鲁木齐市,监测站,颗粒物(PM10),57,64,93,34,65,30,,17,17,70,82,4,2,1.0,1.3
2024-12-28T1300,1491A,87.6046,43.768,乌鲁木齐市,收费所,细颗粒物(PM2.5),59,56,102,42,92,19,,18,18,77,76,5,4,1.5,1.5
2024-12-28T1300,1492A,87.4754,43.9469,乌鲁木齐市,新疆农科院农场,细颗粒物(PM2.5),74,85,104,54,90,36,,8,8,45,71,6,7,0.6,1.1
2024-12-28T1300,1493A,87.5525,43.8711,乌鲁木齐市,铁路局,细颗粒物(PM2.5),60,54,85,43,66,41,,19,19,46,64,6,5,0.8,1
2024-12-28T1300,1494A,87.6432,43.831,乌鲁木齐市,三十一中学,细颗粒物(PM2.5),88,86,144,65,109,28,,13,13,62,73,5,4,1.2,1.3
2024-12-28T1300,1496A,87.7216,44.1747,乌鲁木齐市,米东区环保局,细颗粒物(PM2.5),230,207,192,180,161,25,,22,18,154,75,4,4,1.5,1.3
2024-12-28T1300,3033A,87.4651,43.4569,乌鲁木齐市,培训基地,,27,9,18,3,8,84,,84,84,15,16,3,3,0.4,0.5
2024-12-28T1300,3437A,88.3118,43.3658,乌鲁木齐市,达坂城区环保局,,41,41,37,19,22,73,,68,68,7,11,8,8,0.3,0.4
2024-12-28T1300,3438A,87.6162,43.8801,乌鲁木齐市,红光山片区,细颗粒物(PM2.5),108,116,111,81,97,17,,4,4,78,73,5,7,1.5,1.2
2024-12-28T1300,3439A,87.7024,43.8004,乌鲁木齐市,新师大温泉校区,颗粒物(PM10),63,75,109,42,85,72,,69,69,20,28,2,1,0.5,0.7
2024-12-28T1300,3440A,87.4921,43.8411,乌鲁木齐市,大绿谷,细颗粒物(PM2.5),55,50,87,39,67,58,,48,48,38,69,4,3,0.6,1
2024-12-28T1300,1188A,120.269,31.4867,无锡市,雪浪,,48,48,78,12,39,64,,42,42,17,42,10,12,0.3,0.7
2024-12-28T1300,1189A,120.275,31.6219,无锡市,黄巷,颗粒物(PM10),53,55,89,17,41,60,,35,35,19,49,6,9,0.5,0.7
2024-12-28T1300,1190A,120.294,31.56,无锡市,曹张,,37,37,79,17,39,56,,36,36,23,49,10,11,0.6,0.7
2024-12-28T1300,1191A,120.242,31.5031,无锡市,漆塘,,48,48,77,12,41,60,,38,38,21,48,8,11,0.7,1
2024-12-28T1300,1192A,120.3489,31.5863,无锡市,东亭,,48,48,86,17,39,57,,34,34,17,46,8,10,0.8,0.9
2024-12-28T1300,1193A,120.354,31.5475,无锡市,旺庄,,44,44,73,12,38,58,,37,37,23,48,4,8,0.8,0.9
2024-12-28T1300,1194A,120.245,31.5631,无锡市,荣巷,,46,46,75,19,42,61,,38,38,24,45,5,7,0.7,0.8
2024-12-28T1300,1195A,120.299,31.6817,无锡市,堰桥,颗粒物(PM10),51,51,91,22,43,61,,36,36,18,45,11,12,0.6,0.9
2024-12-28T1300,3428A,120.3142,31.4753,无锡市,华庄,,35,35,72,15,41,62,,41,41,16,41,7,9,0.7,1
2024-12-28T1300,2677A,106.1532,37.9648,吴忠市,教育园区,细颗粒物(PM2.5),77,75,38,56,24,46,,27,27,25,25,22,17,1.0,0.7
2024-12-28T1300,2679A,106.1856,37.9956,吴忠市,新区二泵站,细颗粒物(PM2.5),94,78,35,70,19,57,,40,40,24,21,22,13,1.4,0.5
2024-12-28T1300,3648A,106.2112,37.9768,吴忠市,文卫南街,细颗粒物(PM2.5),123,,42,93,19,50,,32,32,12,17,14,12,0.8,0.7
2024-12-28T1300,1794A,118.3606,31.3519,芜湖市,监测站,颗粒物(PM10),77,103,121,34,63,61,,31,31,33,51,12,12,0.5,0.8
2024-12-28T1300,1795A,118.3714,31.4134,芜湖市,科创中心,颗粒物(PM10),62,74,107,36,61,64,,32,32,27,53,13,14,0.5,0.7
2024-12-28T1300,1796A,118.3673,31.3131,芜湖市,四水厂,颗粒物(PM10),76,102,120,28,60,64,,35,35,23,45,12,15,0.3,0.6
2024-12-28T1300,3328A,118.4209,31.3707,芜湖市,市气象局,颗粒物(PM10),55,60,94,35,57,65,,32,32,24,49,12,13,0.7,0.9
2024-12-28T1300,3465A,118.4781,31.3225,芜湖市,清苑社区,颗粒物(PM10),69,88,113,31,57,62,,30,30,24,52,10,11,0.4,0.6
2024-12-28T1300,3466A,118.2746,31.2326,芜湖市,扬子职业技术学院,颗粒物(PM10),54,58,104,28,64,71,,35,35,22,46,14,12,0.6,0.8
2024-12-28T1300,2495A,111.3014,23.4832,梧州市,市逸夫小学,细颗粒物(PM2.5),77,96,104,56,62,108,,75,75,14,28,11,14,1.0,1.1
2024-12-28T1300,2496A,111.3239,23.4794,梧州市,市十一中,细颗粒物(PM2.5),78,78,84,57,49,107,,74,74,20,34,12,11,0.8,0.8
2024-12-28T1300,2497A,111.247,23.4189,梧州市,龙圩,细颗粒物(PM2.5),82,77,71,60,61,105,,78,78,13,24,12,11,1.0,1
2024-12-28T1300,2498A,111.2711,23.4835,梧州市,龙新,细颗粒物(PM2.5),74,73,80,54,58,107,,71,71,17,30,12,12,1.0,1.1
2024-12-28T1300,2711A,87.5475,44.1756,五家渠市,农水大厦,细颗粒物(PM2.5),190,199,194,143,148,25,,16,13,87,64,6,6,1.7,1.4
2024-12-28T1300,3441A,87.546,44.1912,五家渠市,经开区管委会,细颗粒物(PM2.5),220,,182,170,152,28,,22,16,108,54,1,2,1.6,1.4
2024-12-28T1300,1325A,114.3677,30.5584,武汉市,东湖梨园,,40,40,76,20,51,76,,57,56,27,29,14,10,0.7,0.5
2024-12-28T1300,1326A,114.2529,30.558,武汉市,汉阳月湖,,27,27,79,12,47,60,,44,40,19,24,8,9,0.6,0.8
2024-12-28T1300,1327A,114.282,30.6189,武汉市,汉口花桥,,30,30,77,17,49,75,,56,56,19,27,8,10,0.4,0.6
2024-12-28T1300,1328A,114.3025,30.5332,武汉市,武昌紫阳,,30,30,80,15,45,72,,50,50,18,28,9,11,0.3,0.5
2024-12-28T1300,1329A,114.3646,30.6217,武汉市,青山钢花,,35,30,85,24,55,75,,48,48,20,35,8,10,0.0,0.3
2024-12-28T1300,1330A,114.1566,30.4825,武汉市,沌口新区,,42,39,84,29,62,54,,56,43,26,35,10,11,0.2,0.5
2024-12-28T1300,1331A,114.3014,30.5944,武汉市,汉口江滩,,26,22,76,15,46,83,,60,60,16,25,7,9,0.2,0.5
2024-12-28T1300,1333A,114.135,30.6319,武汉市,吴家山,,30,30,83,3,50,76,,42,40,20,38,8,10,0.4,0.7
2024-12-28T1300,1334A,113.8454,30.2917,武汉市,沉湖七壕,,37,37,83,22,47,71,,48,48,13,20,4,5,0.5,0.7
2024-12-28T1300,3153A,114.3877,30.4908,武汉市,民族大道182号,,38,28,70,26,55,76,,55,55,22,32,11,13,0.7,0.9
2024-12-28T1300,2652A,102.6201,37.9251,武威市,监测站,,31,31,55,14,46,60,,24,24,25,38,10,8,0.6,1.1
2024-12-28T1300,3201A,102.6486,37.9325,武威市,东关招商场,,35,35,60,23,48,57,,20,20,22,40,10,6,0.6,1
2024-12-28T1300,1463A,108.993,34.2629,西安市,兴庆小区,,41,41,50,24,18,37,,21,21,48,41,7,6,0.5,0.4
2024-12-28T1300,1464A,109.06,34.2572,西安市,纺织城,颗粒物(PM10),62,74,71,31,24,38,,14,14,42,45,13,6,0.6,0.6
2024-12-28T1300,1465A,108.9356,34.2173,西安市,小寨,颗粒物(PM10),58,66,58,17,18,40,,30,30,47,31,4,3,0.6,0.3
2024-12-28T1300,1466A,108.954,34.2713,西安市,市人民体育场,颗粒物(PM10),64,77,54,27,20,42,,21,21,45,44,6,5,0.6,0.5
2024-12-28T1300,1467A,108.8922,34.2322,西安市,高新西区,颗粒物(PM10),69,87,46,33,22,23,,22,16,65,38,6,5,0.9,0.6
2024-12-28T1300,1468A,108.935,34.3474,西安市,经开区,颗粒物(PM10),60,69,56,25,20,33,,14,14,44,39,5,4,1.1,0.9
2024-12-28T1300,1469A,108.906,34.1546,西安市,长安区,颗粒物(PM10),76,101,70,43,26,37,,18,18,50,43,7,6,0.6,0.5
2024-12-28T1300,1471A,109.2186,34.3731,西安市,临潼区,颗粒物(PM10),60,70,46,27,27,43,,24,22,33,34,8,6,0.6,0.5
2024-12-28T1300,1472A,108.869,34.378,西安市,草滩,,48,48,51,25,16,49,,16,16,24,37,4,2,0.2,0.1
2024-12-28T1300,1473A,108.985,34.1978,西安市,曲江文化产业集团,颗粒物(PM10),60,69,47,21,15,44,,24,24,42,38,8,7,0.6,0.4
2024-12-28T1300,1474A,109.051,34.3213,西安市,广运潭,颗粒物(PM10),66,81,65,28,28,29,,14,14,47,47,4,4,0.7,0.7
2024-12-28T1300,3524A,108.6116,34.1164,西安市,文体局,颗粒物(PM10),62,74,53,29,28,55,,28,27,16,24,9,9,0.5,0.6
2024-12-28T1300,3605A,109.09,34.5236,西安市,无线电监控中心,颗粒物(PM10),53,56,49,28,21,50,,26,26,30,34,12,11,0.4,0.4
2024-12-28T1300,4055A,108.8869,34.2662,西安市,行知小学,颗粒物(PM10),65,79,65,28,22,30,,11,11,56,47,6,6,0.7,0.6
2024-12-28T1300,1483A,101.524,36.6867,西宁市,第五水厂,,,,,,,,,,,,,,,,
2024-12-28T1300,3055A,101.7775,36.6428,西宁市,城北区政府,,,,97,,67,54,,26,26,43,57,67,23,2.0,1.5
2024-12-28T1300,3629A,101.8305,36.5786,西宁市,世纪职校,细颗粒物(PM2.5),105,112,73,79,49,53,,24,21,46,42,66,17,2.0,1.2
2024-12-28T1300,3630A,101.7413,36.6397,西宁市,师大城西校区,细颗粒物(PM2.5),102,108,92,76,57,53,,21,21,43,61,48,17,1.8,1.7
2024-12-28T1300,2612A,100.7939,22.0019,西双版纳傣族自治州,景洪市江南,细颗粒物(PM2.5),54,45,57,38,40,60,,18,18,8,24,4,6,0.5,1.2
2024-12-28T1300,2613A,100.8017,22.0225,西双版纳傣族自治州,景洪市江北,,23,23,43,14,24,64,,25,25,5,15,6,6,0.6,0.6
2024-12-28T1300,3606A,108.7108,34.46,西咸新区,北杜,颗粒物(PM10),54,57,49,18,18,63,,35,35,37,36,6,5,0.5,0.5
2024-12-28T1300,3607A,108.7096,34.2956,西咸新区,同德佳苑,,,,65,,19,,,50,,,33,,2,,0.9
2024-12-28T1300,3608A,108.8558,34.4978,西咸新区,崇文塔,颗粒物(PM10),58,65,49,23,20,53,,21,21,22,34,5,3,0.5,0.4
2024-12-28T1300,2202A,116.1042,43.9317,锡林郭勒盟,市环保监测站,,29,29,26,12,8,66,,,,6,6,6,6,0.4,0.4
2024-12-28T1300,2203A,116.0781,43.9311,锡林郭勒盟,市政府,,37,37,20,8,7,64,,62,61,4,5,7,8,0.2,0.2
2024-12-28T1300,1286A,118.1608,24.8169,厦门市,溪东,,,,,,,,,,,,,,,,
2024-12-28T1300,1287A,118.1514,24.4767,厦门市,洪文,细颗粒物(PM2.5),89,107,74,66,41,121,,64,64,18,22,4,3,0.7,0.6
2024-12-28T1300,1288A,118.0661,24.4444,厦门市,鼓浪屿,细颗粒物(PM2.5),85,90,61,63,40,122,,70,70,21,23,4,3,0.8,0.7
2024-12-28T1300,2842A,118.0936,24.5058,厦门市,湖里中学,细颗粒物(PM2.5),62,70,70,44,41,102,,59,59,15,25,3,3,0.5,0.5
2024-12-28T1300,3527A,118.0958,24.5688,厦门市,集美中学,,42,42,60,28,34,109,,69,69,8,22,2,4,0.5,0.6
2024-12-28T1300,3528A,118.1493,24.7245,厦门市,同安二实小,,36,30,44,25,34,105,,78,78,7,16,2,3,0.5,0.6
2024-12-28T1300,2447A,114.3175,29.8142,咸宁市,森林公园,,28,,71,19,58,68,,52,52,14,34,5,8,0.3,0.7
2024-12-28T1300,2448A,114.3107,29.8454,咸宁市,市发改委,,39,39,121,16,81,74,,39,39,12,35,4,6,0.6,1
2024-12-28T1300,2449A,114.2936,29.8566,咸宁市,咸安区政府,,39,39,114,7,78,72,,45,45,15,40,2,3,0.5,1
2024-12-28T1300,3655A,114.3375,29.8683,咸宁市,长江产业园,,45,45,124,27,97,79,,34,34,8,35,6,8,0.5,1
2024-12-28T1300,1918A,108.7197,34.3956,咸阳市,气象站,,,,,,,,,,,,,,,,
2024-12-28T1300,1919A,108.673,34.3155,咸阳市,实验中学,颗粒物(PM10),69,88,50,25,20,50,,26,24,36,29,4,2,0.7,0.6
2024-12-28T1300,1920A,108.7233,34.3617,咸阳市,师范学院,,50,50,52,28,24,50,,23,23,32,29,3,3,0.5,0.4
2024-12-28T1300,3165A,108.6594,34.2969,咸阳市,两寺渡,颗粒物(PM10),62,74,51,33,26,45,,21,20,39,31,7,6,0.4,0.3
2024-12-28T1300,3525A,108.6396,34.4078,咸阳市,奥体中心,颗粒物(PM10),52,54,44,19,21,65,,27,27,20,25,6,5,0.5,0.5
2024-12-28T1300,1508A,112.9433,27.8614,湘潭市,板塘,颗粒物(PM10),67,83,159,36,119,85,,49,49,12,28,5,7,0.5,0.7
2024-12-28T1300,1511A,112.9118,27.8403,湘潭市,市监测站,颗粒物(PM10),68,85,154,30,119,76,,44,44,19,31,7,9,0.4,0.8
2024-12-28T1300,1512A,112.8937,27.8728,湘潭市,江麓,颗粒物(PM10),59,67,144,37,120,86,,54,54,16,27,8,11,0.8,1.1
2024-12-28T1300,1513A,112.9227,27.8159,湘潭市,岳塘,颗粒物(PM10),68,85,137,34,117,84,,50,50,17,31,7,8,0.5,0.9
2024-12-28T1300,1514A,112.9074,27.9119,湘潭市,科大,颗粒物(PM10),64,77,160,32,123,90,,52,52,17,33,7,9,0.7,1
2024-12-28T1300,1562A,113.0048,27.9153,湘潭市,昭山,颗粒物(PM10),68,85,164,33,118,77,,38,38,18,37,6,7,0,0.8
2024-12-28T1300,1564A,112.4876,27.9164,湘潭市,韶山,颗粒物(PM10),76,102,168,31,88,84,,65,65,24,30,7,9,0.4,0.7
2024-12-28T1300,2492A,109.6414,28.2558,湘西土家族苗族自治州,跃进水库,,,48,43,43,38,41,,24,24,7,7,8,5,,0.8
2024-12-28T1300,2493A,109.7325,28.3169,湘西土家族苗族自治州,州政府,细颗粒物(PM2.5),94,101,102,70,81,99,,52,52,18,22,10,10,0.4,0.6
2024-12-28T1300,2494A,109.6958,28.2675,湘西土家族苗族自治州,吉首市计生局,细颗粒物(PM2.5),87,107,103,64,82,103,,55,55,16,24,10,9,0.9,0.9
2024-12-28T1300,2432A,112.155,32.0197,襄阳市,襄城运动路,颗粒物(PM10),65,80,97,20,27,69,,46,43,21,29,13,15,0.6,0.7
2024-12-28T1300,2433A,112.1392,32.0564,襄阳市,樊城新华路,颗粒物(PM10),53,56,85,14,23,76,,56,54,12,21,9,15,0.6,0.7
2024-12-28T1300,2434A,112.1825,32.1142,襄阳市,高新管委会,颗粒物(PM10),55,60,92,28,43,71,,39,39,18,35,8,15,0.3,0.4
2024-12-28T1300,2435A,112.2106,32.0903,襄阳市,襄州航空路,颗粒物(PM10),59,67,91,18,26,72,,45,45,20,26,10,12,0.6,0.7
2024-12-28T1300,3396A,112.0828,32.0067,襄阳市,襄城隆中路,,43,43,79,22,30,75,,59,59,16,24,10,13,0.5,0.6
2024-12-28T1300,3397A,112.1214,32.1008,襄阳市,高新台子湾,颗粒物(PM10),54,58,87,12,41,77,,42,42,20,37,9,16,0.4,0.5
2024-12-28T1300,2443A,113.9153,30.9285,孝感市,文化路,颗粒物(PM10),58,65,108,32,60,66,,42,42,28,37,9,10,0.6,0.8
2024-12-28T1300,2444A,113.942,30.9075,孝感市,东城区,颗粒物(PM10),61,72,116,34,62,74,,44,44,27,36,9,11,0.7,0.9
2024-12-28T1300,2181A,112.7383,38.4519,忻州市,开发区,,,,60,,18,61,,18,,24,33,9,5,,0.5
2024-12-28T1300,2182A,112.7003,38.4928,忻州市,会展中心,,30,30,58,7,21,52,,21,21,23,38,9,4,0.7,0.6
2024-12-28T1300,3208A,112.7283,38.4153,忻州市,市政府,,48,48,55,7,12,74,,50,50,19,33,11,9,0.6,0.5
2024-12-28T1300,2389A,113.836,35.311,新乡市,环保西院,,49,49,66,9,24,62,,44,44,10,27,6,8,0.4,0.6
2024-12-28T1300,2390A,113.884,35.272,新乡市,开发区,颗粒物(PM10),51,52,60,9,25,64,,50,50,14,26,7,9,0.5,0.7
2024-12-28T1300,2391A,113.883,35.303,新乡市,环保东院,颗粒物(PM10),55,60,67,15,35,64,,48,48,14,30,4,6,0.4,0.5
2024-12-28T1300,3054A,113.9194,35.2847,新乡市,市委党校,颗粒物(PM10),57,63,65,14,26,63,,50,50,10,22,5,8,0.5,0.6
2024-12-28T1300,3475A,113.9188,35.3045,新乡市,市政府,颗粒物(PM10),60,69,58,15,27,66,,54,54,17,31,5,7,0.6,0.7
2024-12-28T1300,3476A,113.9135,35.3327,新乡市,河师大,,42,42,67,3,26,63,,47,47,7,23,7,9,0.5,0.6
2024-12-28T1300,3689A,113.9003,35.372,新乡市,行政服务中心,,50,50,63,3,36,58,,33,33,16,36,6,8,0.6,0.8
2024-12-28T1300,2352A,115.0861,27.9317,新余市,北岗,,,,,,,,,,,,,,,,
2024-12-28T1300,2353A,114.9886,27.8431,新余市,飞宇,细颗粒物(PM2.5),90,86,94,67,82,92,,67,67,18,30,13,15,0.4,0.6
2024-12-28T1300,2354A,114.9231,27.8246,新余市,第二水厂,细颗粒物(PM2.5),94,83,97,70,83,93,,68,68,19,29,16,17,0.4,0.5
2024-12-28T1300,2355A,114.9308,27.8036,新余市,市气象局,细颗粒物(PM2.5),84,81,89,62,70,93,,68,68,19,28,12,12,0.1,0.4
2024-12-28T1300,3206A,114.9149,27.807,新余市,新钢沁园村,细颗粒物(PM2.5),94,96,99,70,77,88,,67,67,25,33,18,19,0.6,0.7
2024-12-28T1300,2054A,114.1099,32.1059,信阳市,平桥分局,,26,19,72,14,34,81,,40,40,11,27,3,5,0.3,0.5
2024-12-28T1300,2064A,113.9956,32.1271,信阳市,南湾水厂,,27,26,63,11,34,84,,60,60,13,17,4,5,0.4,0.6
2024-12-28T1300,2065A,114.0775,32.1195,信阳市,市酿酒公司,,31,31,60,11,36,83,,45,45,5,22,3,4,0.4,0.6
2024-12-28T1300,2066A,114.0609,32.1399,信阳市,审计局,,31,31,72,16,40,82,,40,40,12,28,5,6,0.1,0.4
2024-12-28T1300,2200A,122.0392,46.0656,兴安盟,胜华新制药厂,,20,14,23,14,17,61,,47,46,5,9,3,4,0.4,0.4
2024-12-28T1300,2201A,121.9504,46.0741,兴安盟,科右前旗环保局,,20,9,20,9,17,63,,49,49,2,6,4,4,0.3,0.4
2024-12-28T1300,3035A,122.0931,46.0707,兴安盟,北滨河,,24,24,33,6,14,67,,52,52,3,10,5,5,0.6,0.7
2024-12-28T1300,1077A,114.4704,37.0886,邢台市,达活泉,,26,26,51,7,14,67,,32,32,10,27,9,6,1.0,0.7
2024-12-28T1300,1078A,114.5062,37.0349,邢台市,邢师高专,,20,18,62,9,18,64,,26,26,6,34,3,3,0.4,0.5
2024-12-28T1300,1079A,114.5237,37.0851,邢台市,路桥公司,,19,15,46,3,11,58,,23,23,9,29,3,3,0.4,0.5
2024-12-28T1300,1080A,114.4725,37.0719,邢台市,市环保局,,20,18,64,8,14,62,,29,29,9,24,4,6,0.7,0.6
2024-12-28T1300,3584A,115.8844,39.0341,雄安新区,容城县环境保护局,,30,30,60,9,11,68,,35,35,16,31,9,9,0.2,0.3
2024-12-28T1300,3585A,115.8665,39.0645,雄安新区,河北容城中学,,33,33,42,6,9,65,,25,25,13,38,6,5,0.3,0.4
2024-12-28T1300,3586A,115.923,38.9405,雄安新区,安新县民政局,,42,42,64,12,24,64,,32,32,16,28,9,8,0.3,0.4
2024-12-28T1300,3587A,115.9324,38.9338,雄安新区,安新县电力局,,35,35,57,12,19,65,,32,32,15,26,12,11,0.4,0.5
2024-12-28T1300,3588A,116.0901,38.9816,雄安新区,雄县环境保护局,颗粒物(PM10),51,51,64,13,18,65,,37,37,18,28,3,3,0.3,0.4
2024-12-28T1300,3589A,116.1105,39.0046,雄安新区,雄县国土资源局,,44,44,58,9,18,51,,27,27,23,31,1,2,0.3,0.5
2024-12-28T1300,1177A,117.179,34.2761,徐州市,黄河新村,颗粒物(PM10),90,129,113,64,54,69,,38,38,30,44,11,11,0.6,0.6
2024-12-28T1300,1178A,117.1918,34.2384,徐州市,淮塔,颗粒物(PM10),80,110,104,45,47,77,,51,51,29,37,12,12,0.6,0.6
2024-12-28T1300,1180A,117.256,34.2153,徐州市,新城区,颗粒物(PM10),69,88,98,32,44,76,,38,38,23,39,13,13,0.7,0.7
2024-12-28T1300,1181A,117.244,34.2911,徐州市,桃园路,颗粒物(PM10),81,112,114,55,49,74,,35,35,26,50,9,10,0.6,0.6
2024-12-28T1300,1182A,117.2933,34.2778,徐州市,农科院,颗粒物(PM10),70,90,98,37,42,77,,38,38,22,40,11,12,0.6,0.7
2024-12-28T1300,3005A,117.1814,34.29,徐州市,鼓楼区政府,颗粒物(PM10),72,93,88,51,47,67,,36,36,33,45,12,13,0.7,0.8
2024-12-28T1300,3006A,117.1694,34.1781,徐州市,铜山区招生办,细颗粒物(PM2.5),88,117,107,65,47,72,,41,41,18,41,8,9,0.5,0.6
2024-12-28T1300,3288A,117.4754,34.4422,徐州市,大泉街道,颗粒物(PM10),70,89,107,36,46,69,,33,33,26,45,11,14,0.7,1.1
2024-12-28T1300,2396A,113.8276,34.0159,许昌市,监测站,,41,41,71,18,18,77,,46,46,12,21,6,6,0.6,0.6
2024-12-28T1300,2398A,113.7906,33.9953,许昌市,开发区,,50,50,68,21,18,83,,48,48,16,24,7,8,0.5,0.5
2024-12-28T1300,3134A,113.8172,34.0339,许昌市,市一中,,46,46,64,20,19,77,,52,52,12,16,4,5,0.5,0.5
2024-12-28T1300,3337A,113.8614,34.0442,许昌市,许昌学院,颗粒物(PM10),52,53,91,16,18,74,,56,56,27,24,6,7,0.4,0.5
2024-12-28T1300,3338A,113.843,34.0823,许昌市,芙蓉广场,颗粒物(PM10),51,52,70,21,25,77,,57,57,14,19,8,9,0.4,0.4
2024-12-28T1300,3597A,113.8134,34.1251,许昌市,建安区兴业大厦,,,,78,,17,,,54,,,19,,4,,0.4
2024-12-28T1300,2316A,118.7581,30.9454,宣城市,鳌峰子站,颗粒物(PM10),68,86,93,29,57,70,,41,41,25,38,8,8,0.6,0.8
2024-12-28T1300,2317A,118.7385,30.9743,宣城市,敬亭山子站,颗粒物(PM10),55,59,83,30,54,75,,54,54,22,32,8,8,0.6,0.7
2024-12-28T1300,2318A,118.7173,30.9427,宣城市,开发区子站,颗粒物(PM10),55,60,89,27,52,72,,36,36,17,38,8,8,1.1,1.2
2024-12-28T1300,3470A,118.7724,30.9141,宣城市,夏渡子站,颗粒物(PM10),58,65,91,26,60,73,,39,39,22,40,8,7,0.5,0.7
2024-12-28T1300,2554A,103.0475,30.02,雅安市,建安厂,细颗粒物(PM2.5),57,50,69,40,56,39,,48,30,30,29,5,5,0.6,0.5
2024-12-28T1300,2555A,103.0111,29.9833,雅安市,市政府,细颗粒物(PM2.5),53,42,66,37,58,51,,49,36,20,19,6,6,0.4,0.5
2024-12-28T1300,2556A,102.9905,29.9775,雅安市,川农大,细颗粒物(PM2.5),54,44,60,38,50,51,,40,40,19,17,4,4,0.6,0.6
2024-12-28T1300,3700A,103.0456,29.9956,雅安市,康养中心,,,68,74,37,54,,,,,16,13,6,6,,
2024-12-28T1300,1642A,121.2514,37.5639,烟台市,开发区,颗粒物(PM10),51,51,38,3,9,70,,64,64,13,12,1,3,0.5,0.5
2024-12-28T1300,1643A,121.3719,37.5433,烟台市,轴承厂,,48,48,38,12,13,62,,56,54,10,11,9,9,0.5,0.5
2024-12-28T1300,1644A,121.3181,37.5436,烟台市,西郊化工站,颗粒物(PM10),53,56,39,10,11,68,,62,61,12,12,8,8,0.5,0.6
2024-12-28T1300,1645A,121.4478,37.4822,烟台市,莱山环保局,,34,34,31,3,8,70,,64,64,4,5,4,4,0.7,0.8
2024-12-28T1300,1646A,121.2611,37.4967,烟台市,福山环保局,,36,36,37,7,11,71,,62,62,9,11,4,5,0.7,0.9
2024-12-28T1300,3057A,121.5992,37.4014,烟台市,牟平检察院,,48,48,43,3,12,73,,57,57,4,10,7,8,0.7,0.8
2024-12-28T1300,3366A,121.5206,37.4336,烟台市,中国农业大学,,44,44,41,3,11,75,,57,57,7,11,3,4,0.5,0.6
2024-12-28T1300,1926A,109.4131,36.6275,延安市,枣园,,38,32,40,26,24,45,,21,21,24,25,2,2,0.8,0.7
2024-12-28T1300,1927A,109.4761,36.6028,延安市,延大医附院,颗粒物(PM10),61,72,55,34,25,32,,14,14,34,33,9,7,0.6,0.5
2024-12-28T1300,1929A,109.5056,36.6106,延安市,百米大道,颗粒物(PM10),59,68,57,22,22,49,,18,18,29,29,5,4,0.9,0.9
2024-12-28T1300,3652A,109.4809,36.5786,延安市,西北局旧址,颗粒物(PM10),61,71,61,30,27,52,,17,17,32,36,4,6,0.6,0.7
2024-12-28T1300,2237A,129.47,42.8883,延边朝鲜族自治州,妇幼医院,,38,38,33,9,12,58,,50,48,10,10,40,14,0.5,0.5
2024-12-28T1300,2238A,129.5055,42.9108,延边朝鲜族自治州,延边医院,,28,28,22,9,12,62,,55,55,8,10,4,5,0.5,0.5
2024-12-28T1300,2239A,129.3964,42.8881,延边朝鲜族自治州,朝阳川镇医院,,43,43,32,3,16,64,,50,50,6,10,5,5,0.4,0.5
2024-12-28T1300,1215A,120.118,33.4022,盐城市,盐城电厂,颗粒物(PM10),53,56,86,17,43,64,,35,35,16,38,6,9,0.7,0.8
2024-12-28T1300,1216A,120.156,33.3942,盐城市,市监测站,,48,48,79,14,40,66,,42,42,19,39,3,6,0.6,0.8
2024-12-28T1300,1218A,120.2144,33.38,盐城市,开发区管委会,,46,46,75,15,37,67,,46,46,17,35,4,6,0.5,0.7
2024-12-28T1300,3004A,120.1544,33.3663,盐城市,宝龙广场,,48,48,86,19,44,70,,46,46,14,32,6,8,0.4,0.7
2024-12-28T1300,3293A,120.1501,33.3367,盐城市,月亮广场,,36,36,73,13,35,66,,44,44,18,36,8,9,0.4,0.6
2024-12-28T1300,3436A,120.4279,33.205,盐城市,大丰高级中学,颗粒物(PM10),54,58,85,14,44,68,,41,41,24,42,9,8,0.8,0.9
2024-12-28T1300,1186A,119.389,32.3761,扬州市,邗江监测站,颗粒物(PM10),54,58,95,17,49,61,,36,36,15,37,3,2,0.6,0.8
2024-12-28T1300,2869A,119.447,32.4155,扬州市,五台山医院,,39,39,77,18,46,64,,39,39,15,33,2,4,0.7,0.9
2024-12-28T1300,3164A,119.4686,32.3942,扬州市,广陵建设局,颗粒物(PM10),51,52,83,17,47,63,,40,40,13,31,3,3,0.5,0.8
2024-12-28T1300,3195A,119.3633,32.3972,扬州市,市体育局,颗粒物(PM10),58,66,96,12,51,64,,35,35,16,38,3,3,0.6,0.9
2024-12-28T1300,3294A,119.5653,32.4222,扬州市,引江管理处,,40,40,83,14,51,69,,42,42,16,37,2,6,0.6,0.9
2024-12-28T1300,1699A,111.9797,21.8593,阳江市,鸳鸯湖,,,,,,,,,,,,,,,,
2024-12-28T1300,1701A,111.9491,21.8658,阳江市,马南垌,颗粒物(PM10),56,61,81,39,58,106,,78,78,17,20,8,8,0.6,0.7
2024-12-28T1300,3317A,111.9765,21.8947,阳江市,两阳中学,颗粒物(PM10),57,64,72,37,50,109,,76,76,12,18,9,9,0.5,0.7
2024-12-28T1300,3453A,112.0125,21.8749,阳江市,阳东陶然,颗粒物(PM10),57,64,73,39,49,111,,87,87,17,18,6,6,0.6,0.7
2024-12-28T1300,1738A,113.5758,37.8572,阳泉市,市中心,颗粒物(PM10),53,55,58,18,18,77,,53,53,11,20,7,8,0.7,0.7
2024-12-28T1300,1739A,113.4894,37.8731,阳泉市,赛鱼,颗粒物(PM10),67,84,68,13,19,73,,49,49,15,25,8,9,0.7,0.7
2024-12-28T1300,1740A,113.5819,37.8486,阳泉市,南庄,,43,43,53,14,20,76,,60,60,12,16,8,8,0.5,0.4
2024-12-28T1300,1742A,113.5614,37.8703,阳泉市,平坦,颗粒物(PM10),59,68,68,15,13,72,,49,49,14,21,6,6,0.6,0.6
2024-12-28T1300,1743A,113.5158,37.8392,阳泉市,大阳泉,,45,45,44,13,11,80,,64,64,11,15,7,7,0.6,0.6
2024-12-28T1300,3619A,113.617,37.8571,阳泉市,龙柱,颗粒物(PM10),62,73,60,16,13,76,,54,54,13,20,11,11,0.5,0.6
2024-12-28T1300,2252A,128.5159,47.4311,伊春市,环保局,细颗粒物(PM2.5),72,,37,52,30,48,,44,34,25,21,7,5,0.7,0.7
2024-12-28T1300,2253A,128.9102,47.7412,伊春市,电力嘉园,,50,50,39,30,21,31,,28,28,45,26,8,7,0.5,0.3
2024-12-28T1300,2254A,129.5029,48.471,伊春市,汤旺河国家公园,,23,,7,16,6,61,,52,52,10,7,5,5,0.5,0.4
2024-12-28T1300,3342A,128.4741,47.4346,伊春市,中心小学,细颗粒物(PM2.5),98,73,57,73,60,56,,40,40,14,13,6,3,0.6,0.6
2024-12-28T1300,3343A,128.6871,47.7369,伊春市,检察院,,,,37,50,38,50,,57,48,,15,6,7,0.3,0.5
2024-12-28T1300,3344A,128.8431,47.8474,伊春市,双子河社区,细颗粒物(PM2.5),77,78,35,56,34,65,,53,53,18,16,3,2,0.3,0.3
2024-12-28T1300,3480A,129.1368,47.6417,伊春市,美溪镇,,,29,62,20,41,,,47,43,,15,2,2,0.8,0.8
2024-12-28T1300,2703A,81.2815,43.9404,伊犁哈萨克自治州,市环保局,细颗粒物(PM2.5),84,70,64,62,47,44,,24,24,56,71,23,24,1.6,2.8
2024-12-28T1300,2704A,81.2996,43.9174,伊犁哈萨克自治州,新政府片区,细颗粒物(PM2.5),80,64,73,59,59,41,,26,26,51,71,17,14,1.6,3.4
2024-12-28T1300,2705A,81.3364,43.941,伊犁哈萨克自治州,第二水厂,,,64,68,54,52,56,,23,23,,63,14,16,1.1,2.7
2024-12-28T1300,1882A,104.563,28.793,宜宾市,石马中学,细颗粒物(PM2.5),87,75,80,64,71,62,,46,40,20,15,6,5,0.8,0.8
2024-12-28T1300,1883A,104.6201,28.7728,宜宾市,市委,细颗粒物(PM2.5),87,81,92,64,79,57,,46,37,31,31,11,11,0.9,1
2024-12-28T1300,1884A,104.6055,28.793,宜宾市,宜宾四中,细颗粒物(PM2.5),95,92,95,71,81,52,,49,38,30,27,8,7,0.9,0.9
2024-12-28T1300,1885A,104.639,28.7562,宜宾市,市政府,细颗粒物(PM2.5),88,83,87,65,76,64,,58,44,22,25,8,8,0.8,0.8
2024-12-28T1300,1886A,104.5742,28.7199,宜宾市,黄金嘴,,,,86,,75,66,,51,43,,24,,8,0.7,0.8
2024-12-28T1300,3728A,104.68,28.8071,宜宾市,白酒学院,细颗粒物(PM2.5),88,86,88,65,69,58,,48,43,27,25,15,9,0.6,0.6
2024-12-28T1300,1840A,111.2992,30.6981,宜昌市,白龙岗,细颗粒物(PM2.5),79,90,146,58,111,60,,29,29,26,40,10,8,0.7,1.1
2024-12-28T1300,1841A,111.3549,30.6465,宜昌市,伍家岗,细颗粒物(PM2.5),62,64,139,44,122,75,,26,26,22,45,8,7,0.3,0.8
2024-12-28T1300,1842A,111.2628,30.6961,宜昌市,点军区,细颗粒物(PM2.5),67,79,135,48,114,62,,24,24,34,36,7,6,0.7,1.2
2024-12-28T1300,1843A,111.3275,30.7819,宜昌市,夷陵区,颗粒物(PM10),59,67,144,36,108,72,,28,28,22,47,10,8,0.5,1
2024-12-28T1300,3546A,111.4606,30.552,宜昌市,猇亭区张家湾站,颗粒物(PM10),57,63,105,28,76,76,,59,58,22,28,12,12,0.5,0.8
2024-12-28T1300,3653A,111.3119,30.7273,宜昌市,云深路,细颗粒物(PM2.5),68,80,161,49,135,76,,33,33,31,55,12,8,0.6,1.2
2024-12-28T1300,2371A,114.3408,27.8064,宜春市,槟榔水业,,,,,,,,,,,,,,,,
2024-12-28T1300,2373A,114.3956,27.7844,宜春市,市石油公司,,,102,140,62,104,91,,38,38,24,42,,14,0.8,1.2
2024-12-28T1300,2374A,114.3703,27.7914,宜春市,市气象局,细颗粒物(PM2.5),80,92,142,59,106,89,,39,39,31,52,14,16,0.8,1.3
2024-12-28T1300,2375A,114.4013,27.8074,宜春市,市广电局,细颗粒物(PM2.5),85,94,144,63,115,81,,29,29,23,46,16,17,0.7,1.3
2024-12-28T1300,3151A,114.375,27.8097,宜春市,宜春学院北校区,细颗粒物(PM2.5),84,84,132,62,110,113,,52,52,26,45,16,17,0.8,1.3
2024-12-28T1300,3415A,114.4519,28.0828,宜春市,万载县环保局,颗粒物(PM10),91,131,130,53,82,93,,38,38,17,41,21,20,1.0,1.2
2024-12-28T1300,2467A,112.4067,28.6428,益阳市,甘溪港,颗粒物(PM10),61,71,171,20,134,71,,44,42,12,21,7,9,0.5,1
2024-12-28T1300,2468A,112.3458,28.5808,益阳市,市环保局,,32,32,162,10,139,77,,49,49,15,28,5,7,0.7,1.1
2024-12-28T1300,2469A,112.3437,28.5531,益阳市,市特殊教育学校,,45,45,165,23,150,80,,52,50,12,25,2,5,0.5,1
2024-12-28T1300,2470A,112.3347,28.6047,益阳市,资阳区政务中心,,41,41,159,13,140,76,,45,45,11,27,2,4,0.5,1.1
2024-12-28T1300,2471A,112.3744,28.5819,益阳市,赫山环保分局,,49,45,169,34,137,76,,49,48,12,26,4,6,0.6,1.1
2024-12-28T1300,1484A,105.9512,38.6016,银川市,贺兰山马莲口,,,,,,,,,,,,,,,,
2024-12-28T1300,1488A,106.2328,38.4975,银川市,贺兰山东路,,,68,49,,28,44,,24,24,32,41,10,8,0.8,0.7
2024-12-28T1300,1489A,106.1358,38.5036,银川市,学院路,颗粒物(PM10),56,62,49,39,33,46,,25,20,32,36,12,11,0.9,0.8
2024-12-28T1300,2924A,106.2266,38.4418,银川市,水乡路,颗粒物(PM10),53,56,49,24,24,51,,34,32,26,29,19,14,0.8,0.5
2024-12-28T1300,2925A,106.2757,38.4842,银川市,上海东路,,46,46,30,26,27,39,,29,27,41,36,18,10,0.9,0.6
2024-12-28T1300,2926A,106.1015,38.497,银川市,文昌北街,细颗粒物(PM2.5),64,70,54,46,33,60,,30,28,32,34,11,9,0.7,0.6
2024-12-28T1300,3523A,106.5105,38.3856,银川市,滨河新区,颗粒物(PM10),51,51,32,21,16,48,,27,27,27,25,19,24,0.7,0.6
2024-12-28T1300,2357A,116.9822,28.1136,鹰潭市,龙虎山,,,,,,,,,,,,,,,,
2024-12-28T1300,2358A,117.0564,28.2642,鹰潭市,新监测站,细颗粒物(PM2.5),57,57,78,40,68,102,,74,74,14,27,12,19,0.6,0.7
2024-12-28T1300,2359A,117.0311,28.2475,鹰潭市,财苑宾馆,细颗粒物(PM2.5),59,59,80,42,65,100,,73,73,14,27,12,18,0.7,0.8
2024-12-28T1300,2360A,117.0222,28.2264,鹰潭市,体育馆,细颗粒物(PM2.5),60,58,79,43,70,102,,66,66,1,22,11,17,0.4,0.5
2024-12-28T1300,2361A,117.0017,28.2131,鹰潭市,三川水表,细颗粒物(PM2.5),73,66,91,53,84,99,,50,50,12,44,13,19,0.3,0.6
2024-12-28T1300,1597A,122.2703,40.7094,营口市,大庆路,,26,26,54,3,34,62,,36,34,19,33,10,14,0.4,0.7
2024-12-28T1300,1598A,122.2150,40.6511,营口市,镜湖西路,,32,32,48,3,26,68,,40,40,11,36,10,12,0.4,0.7
2024-12-28T1300,1599A,122.1658,40.6789,营口市,西炮台,,26,26,42,3,23,60,,39,39,13,28,5,6,0.6,0.7
2024-12-28T1300,3379A,122.1139,40.2278,营口市,鲅鱼圈市民活动中心,,21,16,56,3,24,67,,34,34,13,38,10,17,0.3,0.7
2024-12-28T1300,3866A,122.2469,40.66302,营口市,三高中,,37,37,43,3,29,64,,38,32,14,32,13,14,0.4,0.7
2024-12-28T1300,4006A,122.3622,40.6762,营口市,老边实验小学,,20,19,84,3,57,64,,29,29,14,49,13,23,0.5,1.4
2024-12-28T1300,2477A,111.6217,26.2081,永州市,零陵南津渡,细颗粒物(PM2.5),110,121,141,83,105,110,,94,88,22,24,12,12,0.7,0.8
2024-12-28T1300,2478A,111.6156,26.4214,永州市,市环境监测站,细颗粒物(PM2.5),99,93,116,74,99,107,,92,85,16,18,9,10,0.6,0.7
2024-12-28T1300,2479A,111.6236,26.2331,永州市,零陵区环保局,细颗粒物(PM2.5),114,113,129,86,103,110,,93,85,20,23,12,13,0.8,0.9
2024-12-28T1300,2480A,111.5992,26.4364,永州市,永州市环保局,细颗粒物(PM2.5),94,86,116,70,98,104,,92,85,17,18,12,12,0.7,0.8
2024-12-28T1300,2481A,111.5989,26.4519,永州市,冷水滩区环保局,细颗粒物(PM2.5),99,92,137,74,108,107,,91,84,20,22,11,11,0.8,0.9
2024-12-28T1300,2638A,109.7414,38.3344,榆林市,红石峡森林公园,,40,40,42,19,12,60,,27,27,23,36,21,16,0.6,0.6
2024-12-28T1300,2639A,109.7456,38.2911,榆林市,世纪广场,,35,35,34,19,14,50,,25,25,31,43,17,26,0.7,0.7
2024-12-28T1300,2640A,109.7289,38.2839,榆林市,实验中学,,35,35,37,17,12,55,,31,31,22,27,17,27,0.9,0.8
2024-12-28T1300,2641A,109.7336,38.2478,榆林市,环保监测大楼,,43,43,38,21,14,53,,28,28,25,37,15,23,0.7,0.8
2024-12-28T1300,2509A,110.1106,22.7019,玉林市,寒山水库,细颗粒物(PM2.5),63,57,53,45,43,94,,80,80,12,11,4,3,0.6,0.7
2024-12-28T1300,2510A,110.1675,22.6411,玉林市,市监测站,细颗粒物(PM2.5),72,70,70,52,52,104,,88,88,19,21,2,2,0.5,0.6
2024-12-28T1300,2511A,110.1433,22.6164,玉林市,南江一中,细颗粒物(PM2.5),70,75,74,51,49,100,,83,83,18,22,5,2,0.6,0.7
2024-12-28T1300,3532A,110.1945,22.6831,玉林市,玉林师范学院东校区,细颗粒物(PM2.5),67,56,51,48,52,107,,92,92,18,17,6,3,0.6,0.6
2024-12-28T1300,3533A,110.0527,22.5893,玉林市,福绵环保局,细颗粒物(PM2.5),79,69,55,58,54,103,,86,86,19,18,6,4,0.6,0.7
2024-12-28T1300,2675A,97,33.0014,玉树藏族自治州,玉树县结古镇,,28,28,21,18,10,58,,24,24,17,25,22,19,0.7,0.6
2024-12-28T1300,1715A,102.575,24.3711,玉溪市,东风水库,,38,,31,26,25,40,,38,32,17,17,10,10,1.0,0.9
2024-12-28T1300,2882A,102.5389,24.3703,玉溪市,玉溪一中,,27,27,34,18,23,36,,36,32,12,18,9,12,1.0,1.3
2024-12-28T1300,2883A,102.5381,24.3389,玉溪市,文体中心,,26,26,34,18,21,36,,36,33,14,20,6,7,1.0,0.8
2024-12-28T1300,1847A,113.1094,29.3578,岳阳市,南湖风景区,,43,43,108,22,81,78,,54,54,9,29,7,10,0.4,1
2024-12-28T1300,1848A,113.1493,29.4251,岳阳市,城陵矶,,41,41,127,12,84,76,,40,40,14,43,13,16,0.4,0.9
2024-12-28T1300,1849A,113.1497,29.3575,岳阳市,开发区,,,52,130,17,85,74,,45,45,15,40,,14,0.4,0.8
2024-12-28T1300,1850A,113.2621,29.4758,岳阳市,云溪区,,47,47,110,20,72,79,,54,54,8,24,6,11,0.3,0.8
2024-12-28T1300,1851A,112.9943,29.4402,岳阳市,君山区,,,54,119,22,90,,,38,38,14,30,8,11,0.5,1
2024-12-28T1300,1852A,113.2117,29.355,岳阳市,金凤水库,,44,44,119,12,70,81,,62,62,9,21,3,9,0.6,0.9
2024-12-28T1300,1712A,112.0392,22.9169,云浮市,新市府,细颗粒物(PM2.5),75,,59,55,59,94,,72,72,18,22,4,4,0.6,0.7
2024-12-28T1300,1714A,112.0539,22.9539,云浮市,牧羊,细颗粒物(PM2.5),74,80,66,54,58,110,,80,80,18,28,10,10,0.8,0.8
2024-12-28T1300,3628A,112.0336,22.9374,云浮市,文笔,细颗粒物(PM2.5),92,93,94,68,65,103,,78,78,22,26,7,8,0.6,0.6
2024-12-28T1300,2175A,110.9956,35.0147,运城市,运城中学,,,73,59,40,21,,,32,32,17,26,11,9,0.7,0.8
2024-12-28T1300,2178A,110.9686,35.0303,运城市,地区技校,颗粒物(PM10),67,83,64,30,22,67,,33,33,18,25,10,10,0.7,0.8
2024-12-28T1300,2179A,111.0414,35.1147,运城市,空港新区,颗粒物(PM10),61,71,66,34,26,71,,34,34,17,24,6,15,0.6,0.5
2024-12-28T1300,3667A,111.0283,35.0547,运城市,水利职院,颗粒物(PM10),58,65,60,34,26,65,,31,31,22,28,9,9,0.6,0.6
2024-12-28T1300,3670A,111.0522,35.0439,运城市,禹都公园,颗粒物(PM10),60,70,69,41,27,63,,34,34,17,23,10,8,0.7,0.6
2024-12-28T1300,1637A,117.558,34.8438,枣庄市,市中区政府,颗粒物(PM10),71,92,105,29,40,68,,32,32,19,39,8,10,0.5,0.6
2024-12-28T1300,1638A,117.2852,34.7837,枣庄市,薛城环保局,颗粒物(PM10),79,107,132,49,50,71,,35,35,29,44,6,8,0.6,0.7
2024-12-28T1300,1639A,117.5852,34.7745,枣庄市,峄城区政府,颗粒物(PM10),69,88,94,23,35,66,,36,36,22,42,6,9,0.3,0.4
2024-12-28T1300,1640A,117.7276,34.5578,枣庄市,台儿庄区环保局,颗粒物(PM10),68,85,94,22,38,65,,38,38,22,42,6,9,0.4,0.8
2024-12-28T1300,1641A,117.4518,35.0992,枣庄市,山亭区环保局,颗粒物(PM10),64,78,73,37,37,66,,32,32,28,37,8,6,0.6,0.7
2024-12-28T1300,3364A,117.3152,34.8103,枣庄市,市环保局,颗粒物(PM10),74,98,98,36,41,70,,34,34,27,45,5,8,0.4,0.5
2024-12-28T1300,1680A,110.3539,21.2706,湛江市,湛江影剧院,细颗粒物(PM2.5),67,67,63,48,50,99,,76,76,19,19,12,15,0.7,0.7
2024-12-28T1300,1681A,110.3928,21.2228,湛江市,市环境监测站,细颗粒物(PM2.5),77,69,59,56,58,92,,72,72,20,18,11,9,0.7,0.7
2024-12-28T1300,1682A,110.4019,21.1997,湛江市,环保局宿舍,细颗粒物(PM2.5),78,70,63,57,56,87,,68,68,16,16,12,11,0.8,0.8
2024-12-28T1300,1683A,110.4111,21.2028,湛江市,霞山游泳场,细颗粒物(PM2.5),73,75,68,53,52,92,,72,72,14,14,13,12,0.8,0.8
2024-12-28T1300,1684A,110.3316,21.2679,湛江市,麻章区环保局,细颗粒物(PM2.5),78,70,69,57,59,98,,71,71,18,21,12,10,0.8,0.8
2024-12-28T1300,1685A,110.4558,21.2567,湛江市,坡头区环保局,细颗粒物(PM2.5),83,,60,61,58,91,,72,72,18,18,10,11,0.8,0.8
2024-12-28T1300,1858A,110.5319,29.1217,张家界市,永定新区,细颗粒物(PM2.5),94,98,148,70,124,87,,40,40,18,29,8,7,0.4,0.7
2024-12-28T1300,1859A,110.4697,29.1242,张家界市,电业局,,,99,139,58,102,92,,40,40,23,31,,8,0.6,0.9
2024-12-28T1300,1860A,110.5594,29.3547,张家界市,未央路,细颗粒物(PM2.5),88,96,130,65,101,90,,50,50,16,21,7,6,0.8,1
2024-12-28T1300,1861A,110.4417,29.315,张家界市,袁家界,细颗粒物(PM2.5),78,85,97,57,73,91,,70,68,13,18,11,13,0.9,1
2024-12-28T1300,1057A,114.8883,40.8336,张家口市,人民公园,颗粒物(PM10),60,70,39,12,9,57,,52,47,10,7,6,4,0.4,0.3
2024-12-28T1300,1059A,114.8687,40.8042,张家口市,五金库,,48,48,36,7,6,63,,50,45,9,12,6,3,0.3,0.3
2024-12-28T1300,1060A,114.8902,40.762,张家口市,世纪豪园,颗粒物(PM10),56,62,33,11,9,65,,62,52,8,7,6,3,0.4,0.4
2024-12-28T1300,1061A,114.8916,40.8661,张家口市,北泵房,颗粒物(PM10),56,61,40,14,17,62,,48,48,12,13,11,9,0.6,0.6
2024-12-28T1300,3131A,114.879,40.7993,张家口市,烟厂,颗粒物(PM10),53,55,36,7,11,62,,54,47,10,8,3,3,0.4,0.4
2024-12-28T1300,3323A,115.2773,40.9724,张家口市,青少年活动中心,,28,18,23,3,8,88,,66,66,4,9,5,4,0.1,0.1
2024-12-28T1300,2654A,100.4698,38.9524,张掖市,润泉湖,细颗粒物(PM2.5),62,64,33,44,21,59,,54,48,12,22,13,13,0.6,0.5
2024-12-28T1300,2655A,100.4154,38.9422,张掖市,区工会,,,65,39,28,18,61,,52,42,14,23,12,9,,0.5
2024-12-28T1300,2075A,117.6336,24.4674,漳州市,九湖,,,,72,,46,,,,,,32,,2,,0.4
2024-12-28T1300,2920A,117.7116,24.506,漳州市,蓝田镇,细颗粒物(PM2.5),59,53,71,42,49,94,,61,61,20,31,4,4,0.5,0.6
2024-12-28T1300,3216A,114.6622,24.5183,漳州市,漳州党校,,49,46,75,34,54,88,,60,60,12,25,4,5,0.6,0.7
2024-12-28T1300,3530A,117.6296,24.5314,漳州市,西洋坪路,,50,36,61,35,51,94,,65,65,13,25,4,4,0.4,0.6
2024-12-28T1300,2596A,103.7667,27.3736,昭通市,监测站,,39,33,39,27,30,68,,69,69,11,13,8,7,0.6,0.6
2024-12-28T1300,2597A,103.7225,27.3361,昭通市,环保局,,35,35,29,23,28,66,,71,68,16,17,11,9,0.7,0.7
2024-12-28T1300,1397A,112.4267,23.0706,肇庆市,睦岗子站,细颗粒物(PM2.5),64,60,72,46,53,113,,82,82,14,22,5,4,0.5,0.6
2024-12-28T1300,1398A,112.4645,23.0475,肇庆市,城中子站,,,65,70,49,53,117,,94,94,16,17,,8,0.6,0.7
2024-12-28T1300,1399A,112.5544,23.1522,肇庆市,坑口子站,,,,66,,56,106,,80,80,17,15,5,4,,0.6
2024-12-28T1300,1400A,112.4753,23.1,肇庆市,七星岩子站,细颗粒物(PM2.5),63,56,62,45,51,108,,87,87,17,17,7,7,0.6,0.7
2024-12-28T1300,3313A,112.4575,23.0166,肇庆市,高要湖西,细颗粒物(PM2.5),67,55,71,48,54,114,,90,90,20,21,5,5,0.6,0.8
2024-12-28T1300,3451A,112.5617,23.2083,肇庆市,鼎湖凤凰,,,,,,,,,,,,,,,,
2024-12-28T1300,1203A,119.6707,32.1875,镇江市,新区办事处,,42,42,84,17,41,57,,34,34,22,49,5,8,0.3,0.6
2024-12-28T1300,1204A,119.4974,32.1968,镇江市,职教中心,,42,42,78,16,42,60,,36,36,17,38,7,7,0.5,0.8
2024-12-28T1300,1205A,119.4303,32.1328,镇江市,丹徒区监测站,,45,45,80,16,44,62,,39,39,20,34,8,7,0.4,0.6
2024-12-28T1300,2870A,119.4424,32.1873,镇江市,市疾控中心,,45,45,80,20,43,60,,39,39,20,41,5,8,0.4,0.6
2024-12-28T1300,3287A,119.3842,32.1976,镇江市,富润路1号,,50,50,83,23,47,59,,36,36,20,42,5,7,0.4,0.7
2024-12-28T1300,1316A,113.69031,34.76122,郑州市,烟厂,颗粒物(PM10),59,67,53,15,9,69,,61,61,14,12,6,4,0.1,0.1
2024-12-28T1300,1317A,113.65724,34.77134,郑州市,郑纺机,颗粒物(PM10),57,63,61,16,11,68,,59,59,16,15,5,3,0.1,0
2024-12-28T1300,1318A,113.67526,34.80246,郑州市,银行学校,颗粒物(PM10),53,55,50,14,15,62,,56,56,15,12,6,5,0.3,0.2
2024-12-28T1300,1319A,113.56746,34.81334,郑州市,供水公司,颗粒物(PM10),54,58,50,18,10,64,,58,58,12,9,8,6,0.4,0.3
2024-12-28T1300,1320A,113.7329,34.7178,郑州市,经开区管委,,47,47,48,15,10,67,,59,59,16,15,7,6,0.7,0.6
2024-12-28T1300,1321A,113.73961,34.77172,郑州市,四十七中,颗粒物(PM10),58,65,46,17,14,67,,60,60,15,14,3,2,0.4,0.3
2024-12-28T1300,1322A,113.60532,34.74838,郑州市,市监测站,颗粒物(PM10),53,55,56,17,25,64,,57,57,16,15,7,5,0.4,0.3
2024-12-28T1300,1323A,113.64164,34.7525,郑州市,河医大,颗粒物(PM10),56,62,57,13,15,67,,59,59,14,12,8,6,0.7,0.6
2024-12-28T1300,1324A,113.51488,34.91089,郑州市,岗李水库,,,,,,,,,,,,,,,,
2024-12-28T1300,3471A,113.616563,34.86783,郑州市,惠济区政府,,,,53,,14,69,,52,52,6,13,,2,0.3,0.3
2024-12-28T1300,3590A,113.8374,34.5589,郑州市,北区建设指挥部,颗粒物(PM10),62,74,71,12,16,74,,62,62,5,10,7,7,1.0,0.9
2024-12-28T1300,3591A,113.30952,34.803229,郑州市,上街区政府,颗粒物(PM10),65,80,68,23,14,66,,55,55,20,21,8,5,0.5,0.4
2024-12-28T1300,1379A,113.3769,22.5211,中山市,华柏园,细颗粒物(PM2.5),60,60,66,43,47,92,,81,79,32,32,8,7,0.5,0.5
2024-12-28T1300,1380A,113.3881,22.5497,中山市,张溪,颗粒物(PM10),63,76,73,42,47,98,,86,85,27,27,6,5,0.5,0.6
2024-12-28T1300,1381A,113.4075,22.5111,中山市,紫马岭,细颗粒物(PM2.5),64,63,69,46,42,92,,81,80,27,29,9,8,0.5,0.6
2024-12-28T1300,1382A,113.4411,22.4853,中山市,长江旅游区,颗粒物(PM10),65,79,78,43,42,109,,86,85,28,30,9,8,0.6,0.7
2024-12-28T1300,3454A,113.3528,22.478,中山市,中山南区,颗粒物(PM10),57,63,69,39,46,97,,81,81,25,30,7,6,0.5,0.6
2024-12-28T1300,2680A,105.0025,37.4635,中卫市,沙坡头消防站,,,,,,,,,,,,,,,,
2024-12-28T1300,2682A,105.1971,37.5002,中卫市,环保局站,细颗粒物(PM2.5),99,85,55,74,35,36,,23,23,35,32,21,11,0.6,0.4
2024-12-28T1300,3650A,105.1698,37.5162,中卫市,沙坡头区政府站,细颗粒物(PM2.5),88,101,60,65,34,27,,22,22,37,28,41,14,0.6,0.5
2024-12-28T1300,1414A,106.3787,29.8279,重庆市,缙云山,细颗粒物(PM2.5),65,70,67,47,48,63,,71,60,31,22,6,6,0.6,0.5
2024-12-28T1300,1416A,106.4213,29.8253,重庆市,天生,细颗粒物(PM2.5),75,95,111,55,70,53,,13,13,31,31,8,8,0.7,0.8
2024-12-28T1300,1417A,106.6263,29.7228,重庆市,两路,细颗粒物(PM2.5),98,97,118,73,87,56,,18,18,40,40,7,6,0.9,1
2024-12-28T1300,1418A,106.2953,29.5983,重庆市,虎溪,细颗粒物(PM2.5),119,105,100,90,86,48,,14,14,35,33,6,6,0.9,0.8
2024-12-28T1300,1419A,106.5777,29.5102,重庆市,南坪,细颗粒物(PM2.5),124,102,97,94,85,44,,21,21,,48,9,9,0.9,0.9
2024-12-28T1300,1420A,106.6556,29.6277,重庆市,唐家沱,细颗粒物(PM2.5),99,80,95,74,76,43,,12,12,39,50,8,8,0.9,0.9
2024-12-28T1300,1421A,106.6349,29.4906,重庆市,茶园,细颗粒物(PM2.5),102,115,108,76,81,35,,13,13,45,49,8,7,1.0,1
2024-12-28T1300,1422A,106.3754,29.4572,重庆市,白市驿,细颗粒物(PM2.5),95,97,96,71,69,58,,24,24,27,34,9,7,1.0,0.9
2024-12-28T1300,1425A,106.6205,29.7166,重庆市,空港,细颗粒物(PM2.5),99,78,100,74,86,54,,19,19,31,38,6,6,0.9,0.9
2024-12-28T1300,1426A,106.4782,29.4875,重庆市,新山村,细颗粒物(PM2.5),113,106,95,85,65,50,,16,16,38,52,9,6,0.9,0.9
2024-12-28T1300,1427A,106.5616,29.6453,重庆市,礼嘉,细颗粒物(PM2.5),83,105,100,61,73,45,,17,14,40,38,7,7,1.0,0.9
2024-12-28T1300,1428A,106.4522,29.7091,重庆市,蔡家,细颗粒物(PM2.5),79,81,91,58,68,41,,12,12,42,38,7,7,1.0,0.9
2024-12-28T1300,1429A,106.5093,29.3917,重庆市,鱼新街,细颗粒物(PM2.5),99,110,108,74,79,57,,21,21,23,43,3,3,0.9,1
2024-12-28T1300,3014A,106.4958,29.5346,重庆市,歇台子,细颗粒物(PM2.5),105,79,85,79,74,54,,17,17,29,38,8,7,0.9,0.9
2024-12-28T1300,3015A,106.4037,29.5728,重庆市,龙井湾,细颗粒物(PM2.5),110,113,103,83,77,48,,23,23,39,34,6,6,1.2,1.1
2024-12-28T1300,3016A,106.5507,29.4153,重庆市,龙洲湾,细颗粒物(PM2.5),89,100,91,66,72,55,,30,30,28,45,6,5,0.7,0.7
2024-12-28T1300,3133A,106.5468,29.5654,重庆市,上清寺,细颗粒物(PM2.5),109,111,106,82,79,43,,14,14,42,48,8,7,1.0,0.9
2024-12-28T1300,3346A,108.3872,31.1628,重庆市,安康,细颗粒物(PM2.5),69,55,95,50,80,59,,21,21,16,24,6,6,0.5,0.7
2024-12-28T1300,3347A,105.9017,29.3569,重庆市,北山路,细颗粒物(PM2.5),122,106,97,92,80,42,,19,19,45,32,3,3,1.2,1.1
2024-12-28T1300,3348A,105.839,30.1946,重庆市,春阳街,细颗粒物(PM2.5),85,90,90,63,70,25,,11,11,35,33,6,5,0.9,0.9
2024-12-28T1300,3349A,107.7983,30.6758,重庆市,人民东路,细颗粒物(PM2.5),63,62,81,45,53,58,,18,18,12,27,6,6,0.6,0.8
2024-12-28T1300,3350A,106.6479,29.0244,重庆市,滩子口,细颗粒物(PM2.5),118,90,118,89,105,55,,25,22,22,33,8,8,0.7,0.8
2024-12-28T1300,3351A,105.7167,29.7076,重庆市,棠香,细颗粒物(PM2.5),104,109,87,78,67,49,,13,13,33,27,5,6,0.9,0.9
2024-12-28T1300,3352A,107.0732,29.8617,重庆市,桃源西路,细颗粒物(PM2.5),128,102,113,97,93,35,,9,9,35,27,18,13,0.7,0.6
2024-12-28T1300,3353A,107.3535,29.7287,重庆市,迎宾大道,细颗粒物(PM2.5),160,,103,122,97,35,,12,12,39,35,10,6,0.9,0.7
2024-12-28T1300,3354A,108.815,29.5081,重庆市,舟白,细颗粒物(PM2.5),84,76,70,62,66,91,,42,42,13,26,9,6,0.5,0.6
2024-12-28T1300,3355A,108.3679,30.8426,重庆市,周家坝,细颗粒物(PM2.5),62,50,69,44,63,41,,13,13,28,42,10,12,0.7,0.8
2024-12-28T1300,3356A,108.4319,30.7555,重庆市,百安坝,细颗粒物(PM2.5),93,77,81,69,74,44,,28,28,25,24,15,16,0.6,0.7
2024-12-28T1300,3482A,107.7541,29.3277,重庆市,芙蓉中路,细颗粒物(PM2.5),80,63,96,59,81,35,,11,11,28,33,6,6,0.8,1
2024-12-28T1300,3483A,108.7661,29.5368,重庆市,西山,细颗粒物(PM2.5),73,75,69,53,54,88,,48,48,20,25,6,4,0.7,0.7
2024-12-28T1300,3484A,106.2628,29.32,重庆市,行政中心,细颗粒物(PM2.5),123,106,92,93,84,63,,26,26,18,27,4,4,0.9,0.9
2024-12-28T1300,3485A,107.0944,29.1608,重庆市,高寺路,细颗粒物(PM2.5),165,,111,125,100,26,,33,20,32,31,6,5,1.1,1
2024-12-28T1300,3599A,106.2649,29.9851,重庆市,书院路,细颗粒物(PM2.5),147,,103,112,105,26,,8,8,37,32,7,7,1.2,1
2024-12-28T1300,3600A,106.2339,29.5559,重庆市,虎峰,细颗粒物(PM2.5),118,97,103,89,97,56,,20,20,30,31,3,3,0.9,0.9
2024-12-28T1300,3601A,106.0499,29.8342,重庆市,龙门街,细颗粒物(PM2.5),99,95,96,74,73,44,,14,14,34,34,8,10,0.9,1
2024-12-28T1300,3610A,105.5933,29.4105,重庆市,昌元,细颗粒物(PM2.5),99,88,107,74,85,44,,17,17,28,34,7,6,0.9,0.9
2024-12-28T1300,1258A,122.122,30.0203,舟山市,定海檀枫,,,53,55,31,31,62,,48,48,24,27,9,9,,0.5
2024-12-28T1300,1260A,122.19,29.9944,舟山市,临城新区,,43,43,33,28,23,65,,56,56,22,22,8,7,0.6,0.6
2024-12-28T1300,4033A,122.3123,29.9619,舟山市,普陀东港中学,颗粒物(PM10),56,61,51,26,28,58,,48,48,21,19,11,10,0.6,0.5
2024-12-28T1300,2067A,114.6613,33.6128,周口市,市环境监测站,颗粒物(PM10),57,64,82,12,38,68,,42,42,9,21,9,10,0.1,0.2
2024-12-28T1300,2068A,114.6758,33.6347,周口市,周口师范,颗粒物(PM10),54,58,86,18,35,66,,41,41,16,36,7,8,0.1,0.4
2024-12-28T1300,2069A,114.6546,33.5979,周口市,市运管处,颗粒物(PM10),51,52,84,12,30,66,,35,35,11,29,6,7,0.1,0.4
2024-12-28T1300,2070A,114.6369,33.6406,周口市,川汇区环保局,,,,81,,36,67,,38,38,15,34,8,10,0.4,0.6
2024-12-28T1300,1515A,113.135,27.8244,株洲市,天台山庄,颗粒物(PM10),60,70,139,34,95,86,,53,50,19,36,8,9,0.5,0.8
2024-12-28T1300,1518A,113.095,27.8867,株洲市,株冶医院,颗粒物(PM10),57,64,137,33,99,88,,46,44,22,38,11,12,0.7,1
2024-12-28T1300,1519A,113.167,27.8667,株洲市,市四中,颗粒物(PM10),61,72,139,39,97,89,,49,49,19,38,7,9,0.6,0.9
2024-12-28T1300,1520A,113.143,27.8381,株洲市,火车站,颗粒物(PM10),63,75,134,39,97,85,,57,54,21,35,10,11,0.7,1
2024-12-28T1300,1524A,113.13,27.8528,株洲市,市监测站,颗粒物(PM10),63,76,140,42,107,87,,54,52,21,37,6,8,0.4,0.7
2024-12-28T1300,1559A,113.251,27.8336,株洲市,大京风景区,,,,,,,,,,,,,,,,
2024-12-28T1300,2031A,113.1817,27.9958,株洲市,云田中学,颗粒物(PM10),60,70,148,34,98,88,,56,56,17,33,10,11,0.5,0.8
2024-12-28T1300,1367A,113.5814,22.2618,珠海市,吉大,颗粒物(PM10),63,75,79,41,49,121,,89,89,27,31,8,8,0.5,0.5
2024-12-28T1300,1368A,113.4881,22.2335,珠海市,前山,颗粒物(PM10),63,76,73,43,43,110,,79,79,26,35,9,9,0.5,0.6
2024-12-28T1300,1369A,113.628,22.4251,珠海市,唐家,细颗粒物(PM2.5),62,62,70,44,44,118,,88,88,25,28,7,7,0.4,0.5
2024-12-28T1300,1370A,113.299,22.2281,珠海市,斗门,"颗粒物(PM10),细颗粒物(PM2.5)",57,63,71,40,51,100,,82,82,31,33,9,9,0.6,0.7
2024-12-28T1300,3308A,113.3494,22.0569,珠海市,金湾,颗粒物(PM10),65,79,93,39,48,100,,82,82,25,30,8,7,0.7,0.7
2024-12-28T1300,3448A,113.5433,22.1163,珠海市,横琴,细颗粒物(PM2.5),69,80,71,50,48,119,,89,89,27,31,7,7,0.6,0.7
2024-12-28T1300,2420A,114.0189,32.9656,驻马店市,市一纸厂,,36,36,79,24,30,71,,52,47,12,15,6,7,0.4,0.4
2024-12-28T1300,2421A,114.0114,33.015,驻马店市,市彩印厂,,35,35,73,14,18,75,,60,60,6,11,4,5,0.4,0.4
2024-12-28T1300,2422A,113.9976,32.9771,驻马店市,天方二分厂,,38,36,67,26,24,73,,54,49,13,24,5,7,0.2,0.3
2024-12-28T1300,3339A,114.0012,33.0412,驻马店市,小管楼,,35,35,70,7,16,76,,57,57,13,18,5,7,0.3,0.3
2024-12-28T1300,2561A,104.6617,30.1372,资阳市,莲花山,细颗粒物(PM2.5),60,44,99,43,81,48,,22,22,27,38,5,5,0.6,0.8
2024-12-28T1300,2562A,104.6356,30.1506,资阳市,资阳中学,细颗粒物(PM2.5),58,47,107,41,88,56,,18,18,22,35,2,2,0.7,0.9
2024-12-28T1300,2563A,104.6295,30.1383,资阳市,四三一厂,颗粒物(PM10),56,62,125,39,94,57,,20,20,22,38,3,2,0.6,1
2024-12-28T1300,2564A,104.6463,30.1146,资阳市,师范校,细颗粒物(PM2.5),69,60,112,50,97,52,,15,15,19,34,1,3,0.7,1.1
2024-12-28T1300,2565A,104.6296,30.1256,资阳市,区法院,细颗粒物(PM2.5),58,59,109,41,91,56,,18,18,16,35,3,2,0.5,0.9
2024-12-28T1300,1631A,118.0414,36.8103,淄博市,人民公园,颗粒物(PM10),59,68,67,14,25,66,,37,37,15,38,8,12,0.6,0.7
2024-12-28T1300,1633A,117.8525,36.4847,淄博市,双山,颗粒物(PM10),51,51,60,20,21,61,,32,32,24,42,11,12,1.0,0.9
2024-12-28T1300,1634A,117.9592,36.6331,淄博市,气象站,颗粒物(PM10),53,56,65,3,25,64,,37,37,14,39,11,17,0.6,0.7
2024-12-28T1300,1635A,118.3092,36.8194,淄博市,莆田园,颗粒物(PM10),69,88,77,14,23,63,,43,43,24,43,12,15,0.5,0.6
2024-12-28T1300,3363A,117.9883,36.8372,淄博市,新区,颗粒物(PM10),62,73,61,7,18,60,,33,33,16,39,13,13,0.6,0.7
2024-12-28T1300,3644A,117.8661,36.805,淄博市,三金集团,,45,45,57,9,17,62,,45,45,16,31,10,14,0.4,0.4
2024-12-28T1300,3645A,118.0253,36.8406,淄博市,东风化工厂,颗粒物(PM10),52,54,59,17,21,61,,33,33,18,40,8,9,0.6,0.6
2024-12-28T1300,3027A,104.72,29.3427,自贡市,青杠林路,细颗粒物(PM2.5),75,90,107,55,72,50,,27,27,31,29,3,2,0.6,0.6
2024-12-28T1300,3028A,104.776,29.3627,自贡市,檀木林体育馆,细颗粒物(PM2.5),79,95,108,58,70,49,,27,22,28,31,7,7,0.5,0.6
2024-12-28T1300,3360A,104.7894,29.3194,自贡市,南湖救助站,细颗粒物(PM2.5),98,97,108,73,82,48,,21,19,22,29,10,11,0.6,0.7
2024-12-28T1300,3638A,104.7636,29.3338,自贡市,轻化工大学,细颗粒物(PM2.5),87,111,109,64,71,47,,26,25,26,28,1,3,0.6,0.6
2024-12-28T1300,1911A,106.9222,27.6869,遵义市,丁字口,细颗粒物(PM2.5),72,74,82,52,63,54,,29,29,25,35,16,28,0.4,0.7
2024-12-28T1300,1912A,106.9242,27.7019,遵义市,凤凰山,细颗粒物(PM2.5),78,66,76,57,62,49,,37,33,25,34,11,16,0.9,1
2024-12-28T1300,1913A,106.8906,27.6486,遵义市,忠庄,细颗粒物(PM2.5),89,69,90,66,67,50,,20,20,29,32,8,16,0.7,0.8
2024-12-28T1300,1914A,106.9231,27.6506,遵义市,舟水桥,细颗粒物(PM2.5),72,85,94,52,59,59,,28,28,21,29,10,30,0.6,1
2024-12-28T1300,1915A,106.9178,27.72,遵义市,干田坝,,,89,69,57,59,38,,30,27,,37,18,18,1.0,1.1
2024-12-28T1300,3536A,106.8547,27.5919,遵义市,第十二小学,细颗粒物(PM2.5),98,93,94,73,78,47,,24,24,32,33,39,35,0.8,1.1
